891741 642499 643710 599982 643222 643289 832541 599274 598027 599628
599682 643438 770707 1196191 598271 117 598701 641996 598402
1118219 183439 598280 183459 183913 183651 183430 184036 184150 599847 182904 642963 184139 598564 183462 183524 599707 183484 642950 183481 642098 545492 183113 182979 643385 643001 643140 833096 643221 182872 641929 183936 598699 642237 183645 598808 642790 184142 184125 599407 183552 643710 183999 183827 183039 183088 183083 643988 183049 643063 643503 182988 545159 642565 599005 641996 183149 544897
599684 775974 775996 599808 776016 644057 770473 1118582 770474 598403
641872 1118678 641882 1118290 599664 770707 1118157 1118192 1118650 832541 642451 491 1118271 1118614
642223 598879 183459 598297 775974 1196194 643878 775996 1064686 1196191 598637 29144 642788 599400 598699 599327
775996 599734 643609 833096 641928 641876 600861 599742 1064686 832599 643381 599327 599405 598049
599847 1118668 1118678 1118735 599825 1118650 675767 598808 598689 1118271 776166
598280 1118668 1118314 1118614 1196194 770707 642963 2032 598808 599587
832359 598048 840156 28820 525652 769666 776156 117 599742 832541 599825 643221 644095 599310 599640 642725 1064681 599338 643669 598402 1118192 833096 598073 643226 769587 598297 1196194 1196191 184142 1196193 598701 375954 598406 599405 598403 1065760 598482 772104 642500 770707 598808 598689 599587 375453
642781 598104 641813 1118314 1118614 1118520 770707 1196191 545255 621422 1118248 494437 599699 1118252 1118157
1118290 183913 599697 599707 545159 183049 599511 621650 642633 643481 623021
675767 1118668 599423 546042 598808 599260 599587 492
598564 1118668 642451 642500 770707 1196191 183645 184139 2032 840156 598808 375954 643385 599407 599587
599274 833138 643710 643666 833063 642237 1118582 776016 599808 642639 770474
642788 833096 1118678 1118563 598297 775974 1118662 598879 29144 599400 643878 599327
491 643710 643093 544829 183049 546062 642837 642633 183113 644056 642080
492 598909 643093 544794 621650 545159 544829 599048 598545 546062 642837 598908 621421 675805 545492 644056 623021 642080
598049 643609 641928 1064686 641876 598637 598640 599756 643878 599327 28441 643381
183524 183913 833155 183936 599664 770707 598480 1118662 184036
641882 1118678 1118157 1118192 1118650 832541 598587 642451
1058395 545920 643630 545180 183430 598909 599048 599699 546062 642837 643279 545255 642633 545492 644056 598590
183484 642508 182872 770707 183049 1118248 117 1118252
28355 840156 770707 600861 642963 1118192 598987 599742 599587
183481 939046 182872 641929 545180 770707 643613 544896 544897 598590
621422 1118159 1118314 1118614 621650 770707 621652 599699 642019 1118248 621421 544896 545431 1118252
621421 183552 1118314 1118157 545078 544794 1118520 770707 598590 545431 545492 644056 1118252 598140 1118614
1118192 642239 599048 599627 832541 598027 1064681 599982 599664 183113 643001 643140 643221 643222 184142 598590 643833 1065760 643583 184139 183149
642098 598482 642725 641929 770707 1196191 642963 375954 599407 599587 776166
832599 833138 833096 1118563 840156 1065760 1196194 770707 1064681 892661 117 600861 598689 598640 184139 769666 644057 599808 642639 28441 183083
643666 643710 833063 938912 642237 1118582 643201 644057 770473 599808 642639 770474 599005 598805
643381 599734 775974 1118662 598637 29144 840156 598406 643385 599407 599327 599405
642239 769587 598297 770707 1196191 599627 599825 1118271
183913 183439 599707 182872 28448 183113 119
545180 1118159 621650 621652 1118520 770707 599998 544897 1118271 776166
183462 183439 182904 833155 182872 153 642963 183113
598297 599048 598226 642329 832541 599825 594628 642725 643063 643438 643669 1064686 598699 1196194 1196191 643201 598646 28820 598406 599400 643903 832898 1065760 598482 642500 770707 642963 598271 643503
643710 599808 599627 1118650 599982 833063 938912 1118735 644057 642237 642499 833096 643201 1118582 776016 643308 598987 833138 1118567 643613 598805 598808 770473 642639 770474
641876 599734 776156 1118735 641929 770707 643609 642329 598640 1118650 598701 599405
642237 1118314 599808 1118252 776166 938912 644057 183039 182872 1196191 643201 1118582 776016 643308 598987 1118668 772104 598805 770473 770474
643481 1118314 642508 209858 1118614 641996 1118248 643399 642633 598048 1118252 598140 643093
833137 833096 598073 643833 160519 840156 1065760 772104 769666 892661 184142 117 643308 599742 598808 643221 598406 598482 29026
598701 642499 832898 153 644000 642726 621652 770707 1196191 1196193 643669 642977 832541 598027 599982 643289
28820 832898 598482 599640 183430 770707 546062 184139 546042 832541 598406
599260 1118668 544829 599699 643934 644056 675785 950683
833138 598048 599808 599627 1118314 1118252 776166 599982 833063 2032 1118582 776016 598987 599407 1118668 598218 772104 770707 600861 598805 770474
598590 209858 1118314 1118252 1118614 493282 675805 621650 643780 642019 184142 1196193 375954 494437 770707 544794 643399 641996 375453
183552 643139 182872 770707 183049 544794 28448 1118314 641996 119 598403
599734 833096 643609 598482 641928 1064686 770707 598637 598640 599756 28441 599327
183999 641996 1118314 182872 493282 1118248 160519 1118252
1118563 833096 643609 641928 599756 643385 599407
545255 832898 1118159 598104 1118157 939046 1118252 1118319 892868 770707 599998 599699 1118248 950683 375453 1118520 1118735 675805
623021 544897 621926 1118157 621650 644056 1118520 770707 599511 544896 642633 545500 1118314 598140 599697
939046 183439 833096 643988 643438 599005 183039
641813 643385 209858 1118614 1196191 598271 1196193 375954 1118314 1118252 598140 375453
600861 598482 770707 599742 598406
643399 643279 1118314 1118614 641996 493282 1196191 599511 599423 642508 642633 375954 209858 599697 1118252 598140 375453
642633 643279 1118314 643934 599825 1118271 545920 1118678 621926 642726 892868 642499 621652 1196193 599423 546042 494437 1118520 770707 375453
183149 1118668 1118678 643629 641929 770707 598226 1196193 1196194 642790 2032 769666 160519 184139 598402
599587 598048 183459 184150 642963 183827 598140 643063 1064686 598699 643221 182872 641929 183936 1196191 598808 833155 643909 598987 375954 642950 598403 183088 642508 598482 545159 183083 770707 642329 643613 643503 642565 599005 641996 29026
643139 642508 209858 599699 770707 1196191 1118314 375954 643221 641996 598140 598403
642499 1118567 525652 776156 1196193 599627
642500 643001 599407 642451 832541 770707 1196193 598808 546042 642565 599143 642950
598104 641996 1118314 1118614 599699 770707 1196191 494437 1118248 209858 1118252 598140 643093
525652 643630 643833 644000 643289 598646 832541 599982
599511 643279 1118314 1118520 599423 621926 598140 375453
598226 1118668 643140 1118678 183430 1064681 599310 545159 599005
599627 1118678 644000 643583 770707 643222 599048 832541 598027 598587 599628 643878 1118735 644095 642977
643934 770707 599699 642019 1196191 642837 641996
832541 1118735 599808 599825 119 644095 1118678 599982 642725 938912 892868 644057 643669 643001 776156 769587 643222 1196194 892661 1196191 1118582 776016 1196193 598402 599640 770707 598805 770473 642080 598689
599825 599664 183430 594628 599640 642725 643629 1064681 642451 1196193 642977 375954 598402 598403 832898 643833 643001 770707 642329 642080
183827 1118668 183088 599707 182872 183049 642963 28448 598808 183113 182979 184125 776166
598587 1118567 1118678 769587 1118159 892868 642977 1118735
599628 1118567 183439 644000 643222 1118735 598027
119 833096 183651 183936 183083 184142 184125 184036
598048 642508 770707 1196191 643613 598808 643909 642565 641996 642950 375453
642790 1118668 642508 772104 183430 183936 770707 643308 1118657 1118252 776166
1118678 599048 598027 643609 599982 544829 599664 545492 643001 643221 643201 643903 643833 643583 643503
594628 832898 642725 621652 770707 598271 643909 598406
642726 1118567 769587 1118735 643613 599338 642977 598808 1196193
642725 546042 598482 642950 770707 1196191 598808 599143 375954 641996 642451 598406 598402 598403
599707 1118614 183049 29144 183113
938912 643833 644000 644001 598805
643438 776156 1118314 1118614 643583 1118159 1196191 598271 544794 641996 545492 209858 1118252 375453
598879 643609 641928 1064686 598637 598640 599756 28441
182872 182904 183459 183651 184036 184150 642963 184139 599742 28448 776166 183039 641929 183936 892661 183645 184142 598987 599407 1118668 160519 183083 643613 182988 598808
598545 153 1118314 1118319 770707 1196191 2032 621926 641996
545492 643630 1118157 641996 1118319 1118159 770707 599699 544794 950683 642019 644056 675785 1118252 1118735
644057 153 599808 770473 642639 599005
644056 643630 599699 1118314 1118157 545078 1118319 1118159 770707 1118248 1118520 950683 675785 1118252 494437
643001 1118668 1118657 598808
833096 775974 642963 1118650 28448 2032 892661 599400 643878 833155 1118662 770707
643226 153 598482 770707 1196191 1196193 184139 770474 598402 598403
643221 770707 1196191 375954 1118314 642950 598402
1118157 183430 544794 544829 183651 675785 599697 599699 642019 544896 544897 643630 545078 183049 598909 598908
643222 1118567 1118735 770707 776156 1118271
641928 1118662 598637 598640 599327
641929 183459 183083 770707 183645 642963 182988 598808
183936 1118668 183088 545159 183049 643613 598646 160519 183113 182979 184125
1118159 643630 599699
184142 184125 598403
599664 598480 1065760 643583 642451 1118735 642080
544896 1118668 643630 1118314 1118614 621650 1118520 642019 184139 621926 641996 598140
546042 643063 493282 770707 599423 598402
840156 833155 598482 1065760 642329 28448
643063 493282 643613 643503 1196193 598402
1118271 643140 545159 1064681 599699 183645 642837 599310 544897 545500 184150 182979 642080
375954 621652 642019 643613 642565 642508 598480 184139 641996 642451 643780
1118582 644000 833063 643988 599982 644001
643878 1118668 183459 775974 1118662 29144 1118650 598808 599143 599400 598699 776166
1118614 642019 643630 642508 545431 641996 621650 598140
1118668 183459 643988 184036 184139 544829 1064681 1064686 183113 182979 643385 643140 643780 183645 184125 183088 598218 545159 599407 599998 544794 182988 598808 599143 641996 642080
643630 545920 776156 1118314 598140 621652 770707 1196193 599338 209858 1118735 598402 375453
833155 1065760 643833 184139 598808 160519 29026
160519 182904 183645 184139 182979
494437 643279 599699 598909 598908 545431 641996
642639 644000 644001 772104 643308 598805
1118662 643609 643988 1064686 643201 29144
546062 545920 621652 892868 770707 1196193 598402
643988 1118735 892868 770707 643613 770474
183049 182904 1118314 183651 183083 770707 1196191 182988 28448 641996 183039 598140 375453
642329 599742 770707 28448
29144 775974 598699 28441
643503 545920 493282 892868 643613 643833 769587 1196193 642451 1118735 598402
641996 209858 1118252 598140 493282 642019 1118248 545500 642508 545078 770707 598271 598909 1118314 544829 375453
29026 770707 599862 2032 598808 599407
599327 643609 1064686 598637 599756 770707 28441
643909 599862 769666 770707 1196191 1196193 642963 643669 598402 598403
182904 183439 892661 183113
1064681 770707 1118657
1118314 183651 184150 183113 643279 598140 621926 675785 599697 621650 643780 599699 642019 599423 544897 545500 642508 642451 599998 598909 598908
183459 770707 1196191 643308 643613 776166 892661 28448 598808 184125 599407 598699
1118319 545078 544829 599699 598909 544794 675805 598908
184150 183439 642508 1196191 183113 599005 1118252
769666 598073 598482 1065760 643669 598406
599808 833063 770473 770474
1118657 643140 183430 183645 545159 599005
643279 1118520 770707 599423 209858 599697 375453
1118650 833063 642080
545431 209858 770707 950683 675785 375453 598140 675805
1118252 183113 598140 544794 621650 643780 599699 642019 545500 643903 642508 1065760 598909 598908
776166 1064686 643780 599699 183645 544897 184125 183088 545159 599998 182988 598808 642080
544897 621926 544829 642019 1118248 599998 184139 1196193 598140 375453
599640 598073 770707 598027 599405 643903
643629 1196194 643583 598271 643613 184139 642977 598805
833063 153 892661 776016 770473 770474
493282 642508 599423
892868 545920 599048
1064686 598218 117 598637 598640 775974 598699 599405 599756
599338 770707 1196191 1196193 598402 598403
1118567 644000 642977 598027 599982
675805 621652 599699 950683
183113 642019 183039
182979 599310 1196193 598808
643903 643609 1118735 643669 598402 598403
642451 642019 1196191 599998 1196193 375453
643669 599862 769587 770707
183088 770707 1196191 643613 642963 598808
776156 545920 643833 644000 621652 598646 832898 643289 598027 599982
644095 770707 1196191 598271 1196193 598403
769587 832898 643833 599982 643289 598699 598805
621650 1118520 599423 545500 621926 598140
621652 545920 598482 599048 770707
892661 184036 183083
1118248 599699 643093
599423 770707 1196191 1196193 598908 621926 598140 375453
776016 599005
642977 598271
598987 598218 599407 1196191 643201 182988 643308 643385 183039 184036 598403
184125 1196191 598808 183039
642950 643613 184139 183039
643385 643201 599407 598403
644000 644001 1118735 153 598805 184139 599005 770474
644001 2032 599005 770474 598805
1065760 832898 598482 770707 117 642963 598406 599862
545078 599699 950683 675785 375453
598402 643140 832898 598027 643833 598480
598699 775974 770707 117 598480 599400
1118520 598909 621926 599697 599699 545500
770707 642837 598027 599862 643613 598909 598908 599143 183651 642963 184139 599742 28448 598140 545920 599310 599982 643289 183039 643140 598073 599697 643780 599699 183645 598646 545500 599405 832898 598480 598482 545159 183083 598271 598805 598808
117 832898 545920 599400 183039
643613 599862 598271 1196191 642963 1196193
598909 642837 598908
598908 1196191 1196193 642837 642019
182988 28448
598218 772104 1196191 643308 375453
599143 599310 643780 1196191 183645 1196193
770473 599005
770474 598805 599982 599005
183439 183651 184036 599998
153 599982
643583 598271 1196193 1118735
209858 643780
183651 642565 598140
775974 643609 599756 599400 28441
183430
184036 28448
642508 1196191 544794 598808 598140
598637 643609 599756 28441 599405
642963 599862 1196191 642565 1196193 183039
184139 599310 2032 1196191 599407 598808
950683 599699 544794
599742 598073
28448
599862 643833 598482 598646
598140 599697 599699 642019 1196191 375453
28441
545920 545159 1196193
643609 598640 1118735
599310 598808
621926 1196191 545500
544794 599699 642019 598271 642837 643093
598027 599982 1118735 1196191 1196193
544829
1118735 599048 599982 643833
643093 642019 1196191
643289 1196193 598646
772104 599407
2032 598808
675785 599699
183039
643140
598073 598482 598406 598689
599697 375453
599048
1196194 643833 598271
643780 1196193 598808
599699 642019 599998 375453
642019 1196191 375453
1196191 598808 599405 599998 598271 642565
643308
183645 598808
599756
598808 598403
598640 599405
598646 1196193
643201 599407
545500
599982
598406 598482 598480 599405
599400
599407
599405 598689
598403 183083
832898 643833 1196193 598689
642837
643833 1196193 598805
598480 1196193
598482 183083
545159
183083
599998
598271 1196193 598689
598805
1196193
642565
599005
598689
642080
375453
