642386 641835 598398 545171 599216 598462 182795 17459 183479 643056 598837 642099 675767 642913 1118191 599783 643660
1118219 183710 598280 183715 182943 599847 643844 544769 598564 642820 183482 183406 641967 183403 643387 643385 183917 182819 599938 598660 183552 183498 833071 598947 183146 183391 598789 183790 183149 183148 599279 642124 184176 183479 184078 301577 598223 183827 183783 183984 183986 183387 544780 545492 183389 643001 183936 599950 184064 643221 182872 641929 832654 832301 544897 544899 299872 183273 183049 544797 643503 641996 182969 644024 545262 618371 183459 184150 183619 183618 300830 833140 299870 183560 183567 183368 183113 182979 617851 183621 183623 832272 176280 599426 299828 182788 299549 182980 832930 641810 599866 299745 642963 184139 598261 599090 182795 643971 182792 643140 183648 184027 184025 183645 642790 599407 183088 545154 545159 183339 599999 183005 183007 598808 183535 183536
643310 598261 544811 642733 643615 642913 598462 183391 641967 938902 544772 599525 304105 545352 491 2500
544769 599849 748318 597933 598069 1118657 599627 598438 301171 139 643917 545206 598261 832272 643827 1118350 599215 599036 599035 642099 1118271 641981 598077 832654 176280 1118668 643615 598705 2497 644022 598655 599140 2500
598564 1118668 618371 598102 833140 299870 642451 642500 770707 832301 183645 299828 184139 643387 598808 375954 1196191 643385 599407 599587
845759 183498 183273 833140 299870 833071 182819 183715 183567 832301 183146 183387 183391 183403 183389 183148 299872
643827 598438 599849 1118678 522610 17459 643832 642099 643937 301171 598787 1118192
521220 643157 598655 598791 643937 301172 643849 598261 599158 544809 300121 303951 303953 642556 643207 642694 299576 599525 643832 642733 599580 832930 598632
598957 776156 832857 597923 832272 642108 621652 599048 599938 1118327 949714 598490 643593 832669 1118641 300836 1118159 1196193 642877 1118735 598961
599377 1118668 545154 833071 545159 642790 832301 642820 598226 544780 598808 1118657 776166
643387 544899 833140 599407 299870 182788 641929 770707 832301 643971 121 183406 184139 643385 183403 1118252 1118350 183536
643385 1118668 183710 618371 598102 183715 182910 299870 832301 641813 544899 599407 833140
304014 643093 642781 950683 599825 492 598104 1118631 972072 598858 183984 950226 544903 544904 544905 644056 1118157 598298 599699 642019 1118248 121 486 1118545 1118522 1118520 770707 544790 641996
183917 1118668 183648 183498 833140 1521329 1521328 183936 770707 183984 183406 183827 491
301065 1118559 642733 598462 597938 642166 1118169 641967 598438 1120083 599525 139 1120035 1118350 598837
1118449 642124 642184 643078 544780 832272 832654 184027 643844 183986 598947 599310 300360 183645 643001 183535
304019 544834 545082 599611 1118314 1118157 949785 1118319 1118520 545533 950226 545465 644056 951070 492 544965
599733 545061 545057 545056 949785 1118319 1118521 643844 949714 950226 621421 71 1058581 644056
938925 300804 643056 642818 643157 598462 832721 545379 642694 183387 643505 300526 598414 304105
642633 1118314 1118290 599825 491 1118271 545920 1118678 621926 1058395 892868 623021 303893 621652 1196193 643481 599423 26426 1118520 770707 643399 832481 375453
599279 183552 183621 833140 182943 832654 643971 544794 1118271 1118522 486 641996 545154 492
598102 1118314 598104 544958 770707 832301 1196191 184139 544897 486 544899 545154 492
598104 1118314 1118614 642000 641996 599090 1078946 599699 770707 832301 545255 1196191 642781 643093 1118248 544905 642660 1118252 598140 599257
184176 183621 598280 597942 643054 1118521 184025 182969 644024 183391 183387 183774 299589 183389 492 182980 183148 617851 183076
950722 545154 642818 832654 641944 183986 545102 299549 545100 544780 544811 598660 598789 176169 545267
184078 641835 1521329 1521328 182795 183619 183618 182792 1118657 183391 299589 183827 183149 183936
184064 1118271 597942 643054 1196193 183005 299589 183389 183149 183391 182980 183076
183827 183710 618371 183715 642963 300830 776166 833140 183406 183403 183113 182979 1118668 183648 182872 182819 832301 183088 183498 183273 182788 183049 183005 598808 599587 183536
545206 544809 1118620 545267 597933 642820 759 598788 643354 522371 176282 599035 303951 545493 950224 493 599140 544811 1137947
545418 544952 1118705 597931 984268 1058395 545409 545359 545479 598956 600011 544907 599647 544836
748318 183467 598077 522378 643615 617819 2497 599036 599035 303951 644022 641981
183984 183552 184150 1521329 183560 183049 545384 950226 544899 492
183986 1118657 599256 598438 1118350 491 1118271 776166 599310 598837 1518749 182979 642451 121 642790 599260 1118668 160519 1118521 770707 642963 643613 599587
183387 1118668 599238 833140 182792 184025 183148 950880 1118620 1118137 938902 1518749 938857 641967 1118350 183389 183391
544780 299549 184139 139 1118350 1118271 599238 599310 1118559 176169 832654 832301 641944 1118137 971271 599525 598402 1118668 642184 545159 598226 544797 1118657
1120083 599238 598261 183715 597933 176569 597938 641800 544809 300121 176280 598947 643937 641981 597942 176274 301172 599036
183389 1118668 833140 950880 1521328 832654 183619 184025 183391 299549 1118137 643505 938857 183783 1118350 183148 938902
2261 545312 1118705 951497 545409 621652 950184 598723 950224 544962 304074 599403 545469 675796 544907 545370 950636 2246 599647 544836
623021 621926 1118157 621650 1118520 770707 544896 544897 644056 1118314 832481 598140 492 1118290
544788 597900 642781 599699 641924 675805 1118631 972072 598298 1118520 544790 950224 544796 544905 1118522 1118545 951070 644056 545477 675785 950683
641981 599849 521724 598438 522478 304105 1118678 617819 299397 522371 675802 2500 643221 598077 301009 971271 544772 1120035 2499 545171 643615 599999 2497 300336
599950 1118668 183467 598077 1118559 182795 522378 299397 2497 598837 598705 644022 598438 644024 832930
545117 832930 545267 597933 832654 544809 598456 1118657 599035 598893 1137947 598788 2246 303896 544803 176169 493
299576 521263 770707 599999 643931 1065361 642556 598787 301171 544811 1118271 644094
375954 183710 643139 641813 643221 833140 642725 621652 642019 832359 643613 642508 643399 599825 184139 642660 641996 642451 599587 598590
1118668 183710 598280 183715 599847 675767 299449 641967 183403 182819 599839 599260 183498 545136 598947 183146 183391 183790 183149 642124 598226 598223 643001 183936 182872 832654 832301 544896 300275 299872 183273 176305 544794 641996 644024 618371 545261 183459 643917 599238 833140 299870 1064681 183567 183113 182979 183623 182910 832272 618300 599426 642184 643615 832930 641810 599866 642166 299549 598300 184139 599257 598438 644094 182795 2500 643140 183648 183645 642790 599407 183088 642445 545159 599999 599998 598808 599617 544829 183536
832857 642488 949785 1118319 599627 598632 491 492 544823 1118735 621421 1058581 1118327 1196191 598574 949714 642977 125 1118263 545057 545056 833071 176569 770707 598961 598780
1118545 597900 545078 545511 598858 545492 544794 544796 544896 599257 545493 599899 544904 545477 544903 544905
984268 545389 544952 544836 300047 599718 544959 304062 643354 545359 544847 545503 544907 598788 545230 303893 303951
642913 599216 183479 1118671 598462 300974 938902 1118191 643751 599783 1064642
183049 183552 833140 182819 183936 183560 770707 1196191 375453 183406 1118290 183007 1118314 641996 491 598140 183403 1118157
545291 643095 545267 597933 544811 544809 301009 1120035 1137947 643937 599140 176274 139 304105
644022 2499 675802 183467 522610 299397 2497 598837 599035 642099 598705 522478 1120035
182969 1118271 617851 183619 182792 1196193 183391 301577 183005 486 183783 183149 182980 300830 183076
644024 618371 643054 832654 598280 299549 1118192 617851 597942 183148 182980
300075 1118705 301443 642123 598069 600011 950636 642840 599637 599627 832669 26426 832481 492
643211 1118567 642488 643176 642123 599158 598915 598574 599240 949714 599627 598791 642447 598666 598780 1118263
618371 183710 183459 599407 599998 121 1118657 599627 598808 1118350 1118271 1118290
183619 183936 182792 183618 183391 617851 299589 183149 182980 183076
183618 950880 183936 643971 182792 184025 1196193 301577 183391 299589 183783
522478 598261 299828 597933 832272 598791 832654 303953 597938 641944 641800 300121 176280 599035 545493 599426 599580 176274 303893
545061 545057 545056 1118157 1058395 949785 1118319 759 949714 621421 1058581 644056 544965
299872 598398 642482 183149 1118671 183479 599617 598947 183146 598654 1118191 599783 1118350 183148
299870 1118252 182788 599407 832301 184139 544899 1118350
598858 643093 642781 950683 492 1058395 972072 545511 544903 544905 644056 675785 675805 1118157 599699 642019 1118248 486 1118631 545077 599899 1118520 770707 544790 1118522 641996
522371 1118450 597933 599866 597938 643931 300275 598438 139 304045 598261 598297 642820 544809 599035 545493 1118191 832272 832654 641944 301009 176280 599914 545171 1118522 770707 599774 599140
1521329 183648 183567 183406 301577 183391 299589 183403 183536 183535 300830 182910
675802 641944 1118559 522610 832654 599999 597938 2497 641800 598791 1118169 599035 125 598438 139 599580 1118271 598837
675805 597900 545511 621652 599699 599899 545255 545243 544796 599256 598590 1118319 544904 492 544903 950683
642451 642500 599664 642011 641882 642725 641872 544958 642019 1196191 643503 599998 1118314 599825 643834 1196193 375453
598915 598069 642840 642841 599627 301172 599629 1118678 1058395 1118735 1118192 304097 598574 599240 71 544813 1118263 176569 770707 643593 832481 832669
597900 544790 303893 599699 1118631 1058395 972072 1118522 1118159 492 544796 950683 598298 486 675785 1118520 545477
832670 971661 545920 1118678 1118159 832272 1118559 892868 770707 1118657 1196193 623204 1118169 1118641 1118192 832669 1064681 617851
1118327 598956 642889 642733 598791 643999 643597 643176 545432 303953 642447 544972 832669 599383
1118705 642539 598069 598456 545479 304062 300526 599624 545389 300047 599158 643917 643999 301443 598791 544847 303951 545493 300336 304097 544849 599693 545310 643220 301431 545503 545469 545359 545370 544836 544959 545424 642840 600011 675796 544813 484695 300332
1118248 641810 642124 642781 545477 643093 545511 545533 621422 545493 644056 642660 599699 545255 643481 544897 545465 544834 599899 544958 545262 641996
618300 599304 299930 641835 598398 300484 599216 299745 1118671 299337 183479 599617 300974 617986 598654 643751 643689 599783 1064642 545432
1120035 643095 597933 597938 598893 643937 598261 522378 617819 299397 544809 300121 176274 183467 598077 641800 301009 598705 300275 599036 599140 300336
642184 545262 642124 643093 1118319 545180 598226 1118350 491 1118271 776166 599310 1118631 599090 544829 545384 545492 832654 642019 545255 642790 544897 951070 183552 545154 642429 545159 1118657 544794
833071 183710 833140 299449 832654 832301 183482 599998 1118657 598490 125 642445 832930
176569 599849 642123 521263 1118735 599240 176280 598655 598632 599627 832669 1118263
599774 599638 299930 598398 938902 545171 599216 598462 1118671 770707 599617 599627 545432 675767 1118191 598438 139 643751 1118620 598654
1065361 598261 299828 643207 1064773 641944 1118657 641967 599627 642694 599839 599580 301171 642556
599020 599849 1118678 643056 545171 643157 599999 521263 598462 832721 300121 598837 641967 303951 599839 598438 139 643660 643505
599140 643095 545267 597933 597938 1118169 598893 521724 598438 304045 139 598261 617819 544809 300121 599035 641800 301009 599426 544811
641810 642000 544829 770707 545384 544897 544899 599407 759 492
641813 1118314 1118614 545136 1196191 598271 1196193 642781 599257 1118252 598140 375453
642000 544834 300804 1118314 1058395 1118631 949785 1118319 599611 545533 545386 545102 545352 545483 951070 1118252 599638 491
545243 1118319 599256 950683 1118252 492 621926 1058395 643438 545492 644056 675785 599699 1118157 598298 1118159 545255 486 599260 545528 545076 1118521 1118520
598438 599849 597938 598655 521724 598223 139 599783 304045 1118271 598261 299449 300275 1118559 617819 299397 599036 642099 303951 176274 183467 832272 641800 598705 1118641 599631 599914 598666 599580 522610 643615 2497 545158 832930
304045 545267 597933 544809 121 1118137 642099 641944 486 492
644094 599866 598069 643931 300275 643917 491 545920 300047 598956 950636 544847 304097 642556 642889 971661 641944 1196193 599631 26426 599999 832481 300332
544823 1118735 599999 1064773 300121 949714 1118678 599627 125 1118192 1118263 598655 598632
545920 545261 892868 299336 599624 597938 598456 642840 545100 304062 300525 300526 299354 300830 545389 300047 1058395 643999 642539 643844 303951 545493 544907 544908 544803 304097 617851 544801 545312 545310 598069 545424 832272 621652 598788 643630 184025 1196193 176282 544962 304074 599637 545503 545502 71 599403 599402 300277 642877 545230 304171 544952 544836 545154 545379 545159 544959 545157 770707 598723 546062 598684 643503 642841 303893 545076 545529 832481 300332 776156
545511 1118522 599699 1118157 1118631 972072 545077 599899 950683 544905 545076 486 675785 492
182795 599849 641872 183479 641835 599783 1118350 1118271 599216 598837 642099 1118191 184027 1064642 599839 643931 599999 643505 643751
643971 950880 599999 1118657 301171 1118271 183783 833140 182792 299589 183936 643140 183621 832654 832301 1196193 301009 1118137 544899 770707 183005 642445 183149 832930
182792 617851 182788 184025 1196193 182980 299589 183007 183783 491 300830 183391
303951 599849 545261 545267 950880 598462 598069 545479 938857 643917 544847 492 545493 950224 2246 544849 950764 971661 643221 599099 544907 544809 938902 971271 599525 176169 544952 544811 1118620 545171 643615 545157 770707 1137947 642447 544972
303953 598261 299397 641944 598226 1118641 598655 598632 1118137 642447 642889 493
303896 544952 545261 599718 950880 299336 643354 545230 1137947 599624 643917 759 493
303893 642166 545432 182910 1118559 545230 544809 1118191 544801 2246 493 971660 643220 486 544803 770707 544797 544796 832481
598077 522378 522610 299397 2497 599036 598791 598705 139 301172
1064642 299930 598398 299337 183479 599617 300974 641835 545432 299852 643751 1118271 598654
599240 1118567 642488 643176 642123 1118735 598574 599627 642447 643689 598780 598666 1118263
949714 642488 642123 598490 832669 600011 599158 642445 599938 545056 599383 545057 598684 545483 545481 642447 544972 598961 598780
183088 183936 770707 1196191 643613 121 642963 183007 598808 599587 776166
544811 643095 597931 597933 544772 643931 545261 598223 304100 643917 598261 599035 642556 300804 641944 176282 301009 599525 545352 176169 545171 545158 545159 545157 545379
643078 642429 771510 770707 598837 1118641 643505 300360 599825 300525 300526 642877 643660 1118271 304105
598723 643220 1118631 950636 643999 950184 623204 545479 621421 544813 644056 304097 544849 492
950764 599099 183783 545267 545157 545136 643844 641944 545100 184025 544907 545154 304100 832481 176169
643678 1118735 643834 1118157 1058395 544772 599215 598462 938857 545379 641967 1118192 643505 643937 599525 598414 486 304105 304103 1118620 492 938902
300332 598069 544813 642539 950184 950636 304074 643593 486 26426 299354 492
183535 599310 1118559 1118657 642166 1118169 1518749 1521328 160519 183536
183536 183498 833140 182819 182788 184139 1521328
375453 643630 545078 643438 599699 642019 545255 599423 643399 832359 599899 832481 641996 598140 598590 544897
183710 183498 833140 770707 183406 1118290 183113
598280 1118614 770707 643834 642963 597942 598808 1118314 598660 599587
643095 598261 597933 832272 522378 1118657 544809 1118169 1137947 176274 139 521724
771510 183623 642725 642108 183403 642500 832359 643593 599631 545493 832541 643834 832669
643157 599849 971271 1064773 643931 1118169 938857 301171 300526 643849 1118559 599216 599215 598837 300360 1118641 938902 599839 599525 643056 642733 643615 521263 598462 643505 2500
642781 1118314 545077 598298 770707 1196191 545255 621422 1118614 544790 1118252 599257 544905 599699 1118520 1118157
545026 299930 617851 599216 1118522 299337 770707 299745 486 545432 1118463 1118191 598654 182980 492 299852
598893 971661 971660 545157 545158 759 304100 546062 623204 1118657 521724 1118137 599624 544803 493
597931 545261 597933 642820 1118350 832654 1118520 1118657 544847 1118137 545479 545359 643917 759 492
139 597933 521724 642820 299397 544809 176274 183467 832272 832654 641944 641800 598705 599426 598666 2499 299828 176305 176280 2497
299449 832654 599999 598456 1118657 832481 643999 183149 182979 300830
491 642124 641872 300830 833140 544829 183560 643093 183113 643660 182819 644056 545171 546062 643505 832481
492 643093 675767 545477 299930 599721 183482 598956 183406 544962 544965 643086 599938 599631 544772 545469 599638 642549 546062 600011 545483 545481 642123 183774 301577 599629 643849 183783 300484 299589 545492 644056 304097 641924 643220 832654 832301 304074 545352 304171 599718 599899 544958 545424 544794 544797 544796 544790 544813 545267 642108 299336 545432 304062 304103 599238 833140 183567 545533 544801 599136 642660 183621 832272 621650 1078946 545379 642877 544834 544836 832481 545082 599048 599866 621421 299354 599099 599090 544829 301443 544903 544904 300804 642011 545502 545465 545467 176454 545154 545157 545159 183339 599999 545017 183007 544905 832669
493 545389 544952 545529 597933 545409 642820 643354 176282 598789 545359 599402 484695 183368
299930 599304 598398 299852 599216 770707 1118671 183479 599617 545432 1118191 486 599783 598654
1118614 641872 182943 599257 598140 643438 621422 621421 621650 642019 832301 643481 544896 598590 643630 642508 544958 545136 643399 641996
642820 545267 597933 1118657 599238 544801 2246 621652 971660 832654 1118137 971271 544803 176169 1118620 599718 623204
950224 545262 545076 545136 545479 598298 599136 832481 545477 545502
598791 599849 643176 1064773 643597 599627 598632 599624 304105 1118678 522378 599215 599158 1118192 598655 599721 642977 642447 599525 598666 599383 2499 521263 598787 544813
950226 544834 545082 176454 642011 182943 183339 183482 544903 544905 545493 545481 599938 544965
183403 1521328 184150 599783 776166 833140 183560 1518749 182979 183648 182910 183936 832301 183113 183007
642556 643220 521263 770707 599866 599999 1064773 643931 938902 598787 301171 1118271
301431 301443 304097 643999 598069 304074 598956 950636 642840 599627 544813 177857 1118735
599637 1118678 643220 599866 1118735 599999 599627 599631 599839 599825 598587 599629
599631 599849 17459 642840 643086 599627 599825 598587 599629 1118678 641882 1118735 598956 642099 642889 598069 599839 599999 643593
544772 1118319 545102 299549 545100 1118290 599525 304103 598414 599638 643660 300804 643221 598789 641946 486 599260 545352 643056 642818 545171 545159 770707 642549 643505
599638 544834 643221 545171 949785 599611 598462 642549 545386 545533 1118314 545465 486 642660 545352 643660
598590 641996 1118314 1058395 621650 642019 770707 545017 1196193 544794 621421 1118192 643399 1118252 544905 832930
642733 599849 599215 598462 643505 598837 641967 1118192 938902 938857 599525 598632
299828 599849 1118350 597938 300121 299549 184139 598660
598947 599866 1118559 299397 183149 1118657 1118271 598660 1118350
643399 642508 1118314 641996 183560 1196191 643481 599423 1118252 598140
642124 1118559 832301 1118657 1118314 1118350 1118271
642123 1118567 642488 1118735 776156 599627 1058581 643689
643931 599627 643056 641946 598837 183368 300275 832669
521724 598261 599849 522610 617819 597938 641800 599036 300121 643937 176274 832654
938857 642818 545379 545100 643505 598414 304105 300526
301171 598261 599849 1118678 643615 599580 1064773 643207 599627 642694 598787 300526 301172 1118192
301172 599849 599215 642429 599866 598069 598462 300121 599624 598787 598223
1118271 545262 641835 545267 597933 599866 641872 182943 832930 184150 599847 642166 643597 304100 599783 300360 642447 598261 599310 544958 599216 599215 183567 598837 641967 182819 545180 182979 183076 643140 183623 598398 182910 832272 599099 183479 832654 599699 183645 642694 544897 599426 832721 598660 176454 183273 642429 545159 599999 545384 301577 643505 598789 183790 1064681 832481 642445 545432
300484 643832 598398 599721 599216 643751 1118671 299337 299745 599617 300974 599627 642977 1118191 643689 599783 776156
597942 643054 597938 598456 299549 598660 183148 182980
304097 545529 599693 643999 598069 950184 950636 598684 599403 545469 544813 544908 599402 177857 544849
951497 545389 598956 599647 643086 545528 832669 598298 176282 545479 544896 544790 545492 544962 644056 545372 545477 304171
641924 1118631 972072 1118522 544829 599699 545386 950683 486 544899 544790
1118157 641872 183774 599257 304103 545477 641882 544829 621421 544903 544904 544905 545492 644056 642660 598298 599699 642019 545255 599938 544896 544897 545465 675785 544834 643630 545078 599899 545136 544794 544790 832669
182872 183552 183459 641929 183936 184150 643613 642963 184139 598808 160519 183645 599407 599587 776166
641929 833140 183459 770707 184025 183645 642963 598808 183149 599587
1118159 642108 545180 183774 598456 599257 598587 545477 621422 643438 643844 598956 545492 644056 598298 599699 184027 545255 545503 545372 643630 545528 544972 832669
643689 641835 598398 642482 1118671 299745 599617 300974 643597 599216 617986 545432 642447
183790 1118678 1118559 183149 599664 770707 1118657 598226 1118641 1118192 599914 184139 1118350 776166
304074 643999 598069 950184 598939 950636 545479 1118735 643593 545469 544813 544908 26426 832481 299354
545359 545310 1118522 598069 950636 545503 675796 484695 545477 642839
599525 597938 304103 304105 521263 598837 641967 642099 1118192 598414 643660 641946 176282 545379 938902 300277 643834 598462 598787
545352 545261 1118314 949785 545102 545100 304103 598140 545533 300804 643221 641944 486 951070 544834 641996 643056 545171 599611 545017
599580 2499 598261 599849 521263 599664 599999 300121 1118169 1118641 642099 598655 599914 598666 832930
304171 545310 1058395 621652 598069 1196193 598456 544962 545477 642839
544952 545312 971661 597933 950880 598939 675796 544962 643917
643630 1118314 545479 598140 545389 599647 1058395 1118735 598956 545492 544962 644056 621652 776156 643086 598298 759 1196193 544896 71 545372 598402 545528 770707 832669
183273 183648 183498 643221 1137947 1118314 486 1118350 832930
544959 971661 545310 971660 1118522 621652 598069 546062 623204 545503 544962 950636 484695 545477 544836 642839
544958 1118314 641996 832654 892868 770707 1196193 121 1118678 1118192 545492 1118520 759 125
545424 545312 545529 299336 598069 598939 642840 599624 486 544849
183148 643054 183391 598226 183146 182980 183149 617851 183076
544794 1118450 643093 949785 1118319 950683 1118252 1118631 183560 643438 545384 183339 621421 544903 545492 642660 183621 642011 599699 642019 176454 642508 1118521 598271 544790 183552
544797 599238 599304 1118559 621926 770707 642166 544801 486
544796 1118631 1058395 1118522 1118520 544790 950683 486 675785
544790 1118450 950683 545477 1118631 972072 544903 544904 544905 545492 598298 486 545077 1118522 1118520 599899 599257
544813 545261 598069 643354 598456 545479 600011 304062 299354 643917 599647 643999 301443 598939 544847 544849 545312 599693 545310 643220 545469 642539 545370 599402 545372 176169 599383 544836 545529 545409 642840 486 599403 598684
641996 643139 545082 545136 1118314 1118252 598140 599099 642725 544829 643438 545386 545492 642660 544965 183552 642019 832301 643481 544896 71 544899 833140 544834 642508 545154 545078 545077 599899 599611 770707 598271 599587
183459 832654 770707 1196191 643613 598808 599407 599587 776166
299336 950880 598069 597938 599624 299354 177857 643999 598939 598956 950636 544908 183076 1196193 599403 26426 599383 545529 770707 486 832481
299337 1118678 598398 642482 545171 300974 599216 545432 599783 643751 299852
1064773 643615 599215 643207 642099 598655 2500
643597 776156 643176 597923 121 617986 599627 599825 642447 642445 544972
545102 300804 598398 545267 545171 641946 770707 545017 545100 642549 545159 176454 643221 643660 1118290
1118657 599866 599624 832721 299549 598300 598223 304100 599238 598261 599938 1064681 643844 641967 642099 643001 598655 183391 643140 597923 832272 599099 182819 832654 184027 832301 641944 183645 301009 176280 599426 641800 598660 176169 545154 545157 643615 599999 642790 643505 598789 545159 642447 642445 544972 832930
545100 545267 642549 304103 598398 598414 544907 643660 971660 643221 641946 545171 545159 770707 545017 598788
643593 643086 1058395 642108 621652 642500 598956 183498 1118192 300836 598587 832669
177857 642539 598069 642840 599403 598684 545370 300526 300277 544849 643999
599238 599866 832654 1118559 641800 544897 486
1118559 599866 642166 598223 300525 598261 544829 300121 544801 182979 832272 832654 832301 599426 598660 545154 176305 643615 545159 832930
301443 545310 950636 643999 598069 623204 600011 545469 26426 642839
183113 182819 183936 184150 642019 183406 1118192 1118314 1118252
182979 183648 599310 183715 183936 642166 1118641 1196193 598808 160519 642429 182910
617851 971661 183936 770707 184025 1196193 183149 183076
183621 183552 833140 1118522 832654 183774 1118521
183623 1118678 599664 1118641 1118192 183005 160519 184139 642429
643207 599849 1118678 521263 598462 599215 599999 642099 938902 599627
1078946 1118450 1118522 759 599611 1118192 599257 1118319 644056 951070 1118252
176282 971661 971660 545158 598462 545157 641946 544847 545261 1137947 598788 304100 2246 300526 938902
176280 770707 641944 304105 183149
951070 545082 545533 599090 545384 183482 545492 644056 642660 544965 643140 300804 642011 545255 599938 545467 544834 545154 183339
599304 971660 299745 1118671 770707 599849 642166 598654 544801 486 599783 776156 1118350 299852
545171 1118314 597933 598462 832721 299549 642549 304103 304100 598414 598837 643660 300804 643221 545261 832654 641944 301009 176169 643056 642818 121 598398 545157 770707 545017 183391 598789 598788 642445 545379
545077 1118631 972072 599899 599699 545076 544904 545477 544905
545076 971661 599699 770707 623204 950683 544962 644056 675785 546062 545502
832930 642963 599783 1118350 833140 300121 832654 125 599426 160519 770707 299549 1118314 643751 599587
598223 832272 545159 597938 1118169 1118641 1118350
642166 182910 599999 832301 544801 1118641 599866 598808 544803
300525 1518749 892868 770707 1196193 1118641 300360 544908 599914 300526 642877 832481 300336
300526 598069 1118169 598414 598956 950636 598837 300360 643660 1196193 545379 1118641 971271 642877 598462 598684 643505 832481 300336
598587 1118567 643086 641882 642108 892868 643844 1058581 300836 599627 599629 1118678 1118735 832669 642977
598261 597933 950880 599999 832721 598655 304105 1118678 300121 545493 176274 641800 301009 642694 938902 599426 300275 522378 643615 521263 598462
599664 641967 599849 643834 832272 641872 832654 1118735 597938 598300 1118192 1118678 1118641 599839 599825
643093 642019 545384 545386 643481 121 1196191
599158 643176 599215 521263 1118735 599849 643832 598655 598632 642694 598574 599627 599383 304105
598837 598462 832721 641967 1118192 300360 643660 598705 642694 599839 2499 643056 643615 770707 643505 2500 617819
621652 545180 545310 598456 545479 642841 545477 545389 599647 621422 544907 544962 776156 545503 545502 545370 545372 484695 545409 599048 770707 546062 623204 832481 832669
642889 599849 643615 1118735 770707 599627 599825 300275 599999 832669 2500
545312 545310 545529 598069 598939 950636 545479 304062 599403 300277 599402
971660 597933 599718 545157 545158 545493 544907 544801 545503 544803 598788
545310 1058395 545389 598939 950636 600011 545503 304062 544962 299354 300277 545477
300804 1118678 643221 598462 770707 545533 642549 176454 949785 545017 1118314 642660
642011 176454 1118319 1118521 599699 643438 545492 598271 121 599256 545255 1118463 599260
184027 599999 643844 184025 546062 598226 1118641 1518749 160519 183149
950184 599693 300047 598069 544809 544962 544847 545261 545469 545479 304062 544908 545372 832481
184025 950880 598226 300830 643844 299589 183391 1518749 642877 599999 183149 182980
641800 1118620 832272 599999 641944 1118192
301009 598462 597933 599999 299397 641944 1118169 643615 125 1137947
545503 545389 971661 1118522 598069 546062 598956 623204 544962 950636 484695 545477 642839
545469 598069 598456 545479 304062 642539 950636 544908 544849 599693 545370 545372 544836 545409 600011
71 598490 545529 183339 643438 599938 598456 641967 642841 545481 544962 599624 598780
599403 545529 599624 950636 599402 26426 544849
545465 949785 1118319 1118520 770707 644056 545467 544965
545467 949785 1118319 1118520 598140 545483 599136 644056 675785 545481 950683
599407 183715 642500 832301 184139 182910
598402 643140 643221 643220 642725 832359 546062 643503 832541 599825 598027 544972 183149 832669
183339 599611 949785 182943 599699 545492 183482 1118319 598140
299745 183146 642482 183479 599216 617986 598654 1118191 598398 599783 545432
300336 183467 598490 598069 299397 598956 598684 599627 642877 832669
832669 642488 950880 545180 300836 598300 598632 486 599825 598027 643849 598490 300047 1058395 1118735 598956 950636 300360 544907 544908 598655 971661 183467 776156 1518749 832272 1058581 641946 1196193 598574 1118641 642977 26426 1118678 1118263 1118567 544972 599048 598462 599998 598271 643660 643503 599627 642445 598961 598780
599849 599999 599839 832721 598655 599825 599629 304105 643849 1118678 641882 599215 599036 1118192 642099 832272 832654 642694 599426 300275 642877 643832 176305 643615 770707 643834 300121 598787 599627 2500 617819 598632
182943 1118450 1118631 949785 1118463 599699 545255 1118319 1118252 1118522
599847 1118678 17459 598808 598705 545432 675767 599839 599825 1118735 776166
643844 598490 950880 598226 643086 643001 1118735
1118169 597938 304105 544809 176274 832272 832654 832301 599426 2499 176305 545158 643505
598655 950880 599627 643917 304105 1118678 1118735 1118192 642099 776156 642694 598666 643832 599048 599999 642447 598632
598654 642482 1118671 300974 183146 545432 599783 643751
183715 183936 642963 1118137 160519 1118350 599587
545389 545409 598939 642841 545370 484695 832481
598490 1118567 183467 642445 599627 544972 1118263
1058395 545180 183774 545479 642841 599257 304103 545477 544905 599721 544903 544907 545492 544962 644056 643086 598298 599699 545255 599136 545372 545056 545528 599048 546062 545483 545481 832481
617819 643615 299397 2497 599036 643937
545384 1118319 544829 545180 599699 545386 599256 544897 184139 599260 642429
183482 183552 643139 833140 1118319 183560 949785 598140 599611
545386 545082 545078 1118319 599611 545017 1118631
949785 545082 599257 545533 544905 599136 642660 544965 599938 176454 544834 545017 600011 545483 545481
544847 545261 597933 545157 545158 544849 643354 545379 599035 598789 544907 643917 176169 643220
641967 643056 1118641 642099 599914 776166
1118192 643176 641872 643354 832359 832721 598632 832541 300836 599629 641882 599721 1064681 642099 643001 643140 643086 643221 599215 832272 598027 599839 184139 599383 643832 643834 176305 522610 599048 598462 599216 598787 599627 183149 598961
1118191 183146 598398 599216 299852 642482 641835 545432 183007 599783 833140
544962 545479 304062 545477 544908 971661 484695 642839 544836 545529 545409 770707 623204 1118522 832481
2246 643220 599718 643999 643354 545479 544907 544803 545230 176169
544849 598069 643354 642841 299354 599647 642539 950636 544836 545370 599402 545372 300277 599383 545529
643660 832721 545261 304103 300830 183567 300360 643221 121 642818 598462 545017 643505
544965 544834 545057 545056 1118319 770707 486 544903 599136 644056
183467 1118567 299397 599627
643086 641882 600011 1118678 300836 486 599629
1518749 183648 832272 832654 300360
598297 642500 642725 770707 599048 643438 1196191 598271 598226 643503 832541 599825 832359 642963
598298 1118520 1118319 950683 643438 544904 544905 545492 644056 675785 1118463 599699 599260 545528 1118631 1118521 545078 770707 598271 599257
599938 643140 1118735 770707 621421 1058581 644056 544972 643001
121 1064681 599627 183560 183567 183406 642660 832272 832654 544896 544899 545159 599998 643505 832481
125 643849 597923 545159 832654 832359 300121 183498 522610 2499 832481 833140
599839 1118678 642429 599999 832721 643615 599914
832721 1118678 598462 770707 599999 643505
642839 770707 598939 950636 600011 642841 304062 26426 299354 300277 599624 832481
1118567 597923 599721 643176 642977 598027 598666
642429 182910 832272 182819 642500 770707 183498 300360 544899
545078 1118631 599090 599699 545136 621421 544903 950683 1118319 599136 675785 644056
545136 643139 1118520 1118450 544897
642549 643221 770707 545017 643505 304103
546062 599718 892868 770707 1196193 623204 544907 484695 544803 545502
522610 2499 522378 643615 2500
183146 642482 1118671 183479 599617 183149 598398 599783 1118350
545483 1118319 1118520 621421 950683 644056 599136
598789 545267 598462 1118137 486 1118350
598788 971661 643221 545158 545157 770707 545267 545379 1137947 598414
598787 599215 642482 642099
484695 545370 545409 1118522 598956 623204 675796 950636
183149 1521328 598226 184139 300830 1118678 183567 299589 1196193 160519 770707 642790 183391 183007 182980
599587 184150 832359 642963 675767 598140 599099 643221 183936 1196191 642508 545159 770707 643613 643503 598808
598780 1118319 770707 621421 643176 545056 598666 1118263
598226 643140 545159 1064681 599310 1118678 598660 176169
599627 643176 598462 832541 300836 598027 599629 1118735 299397 642488 544907 598632 598666 1118678 599383 643832 642977 599048 770707 617986 642447 832481 544972 598961
599624 832272 598956 598456 642840 544908 950636 300277 642877
599629 597923 759 1118735 599999 643832 598956 300836 1118678
599783 642482 183479 300974 641835 545432 1118350 599216 617986 642099 299852 599617 643751 1118671
643849 1118620 598462 938902 971271 598632 486 1137947 304103 643505
972072 544903 544904 599899 545477 544905
642725 598808 770707 1196191 832359 176305 832541 599825
545477 950683 304062 644056 599699 486 1118631 1118522 1118520 770707
299397 1118678 2497 598705
299589 183783 183391 301577 183005 1521328 599999 300830 183076
832654 545267 599866 184139 304105 599099 1118678 833140 1118350 892868 642099 183368 643221 832272 832301 545493 971271 599914 598660 176169 2499 160519 176305 545157 545159 599999 642963 545158 1118137 1137947 1118314
299852 641835 598398 599216 183479 770707 599617 545432 643751
597923 776156 621926 892868 1196193 642447 544972 598961
1118463 176454 544829 545255 544903 599256 599257 545492 599260
183936 183406 183391 832301 642790 160519 182788 545159 643613 183005 183007
832301 1118252 1118350 183406 486 544899
544896 621650 621926 1118520 642019 621422 1118450 184139 1118314 544899 598140
938902 597933 597938 304103 304105 183567 598414 183368 641944 642694 300275 176169 643056 642818 598462 183391
300275 643615 598069
544899 544897 545154
1118263 642488 599721 643176 598956 598300 598961 642445 544972
599718 971661 544803 950880 598069 623204 1137947 544907 544801 545158 545230
544897 545262 1118450 545180 184139 1118314 598140 776166 621926 544829 598956 599136 759 642019 1196193 599998
545262 544829 545180 759 1196193 621926 598140
641835 598398 641872 183479 599617 599216 617986 675767 641882
545267 545261 597933 1118350 304100 776166 599099 183783 599035 641944 176169 545157 545158 545159 770707
184150 642508 833140 182819 183560 1196191 599090 183406 1118314 1118252
598456 545529 643054 950636 623204 544908
545432 642482 599999 183479 300974 1118350 1118678 599216 950880 598398 770707 599617 643751
304062 971661 950636 598069 770707 623204 642840 544907 832481
300836 1118735 770707 1118678 599825
304103 1118620 641946 545379 486 598414 1118314 304105
304100 971661 599099 545158 545159 545157 770707 623204 1118137 1118350 776166
300830 183567 1196193 182788 301577 183391 183005
776166 545180 599099 183648 599699 183645 598808 642790 598660 545159 599998
300277 300047 599693 598069 598939 642840 299354
643999 892868 598069 598956 950636 642840 299354 759
183560 833140 770707 183406 1118314 1196191 1118252 598140
183567 1118678 183391 643505
183406 1521328 182788 183391 833140
544809 545261 597933 598462 183368 599035 643917
183368 832272 598462 1118137 971271 486 1118620 1137947
544801 545154 643220 597933 1118520 770707 544907 545157 486 544803
544803 545154 597933 545157 545158 544907 545230
598069 642539 597938 545479 598939 950636 545493 544907 299354 599693 643220 832272 545370 26426 176169 599383 544836 545529 600011 832481 598684
598398 642482 183479 300974 675767 599216 950880 642099 770707 599617 617986 598808 643751
182910 643140 1521328 1118252
832272 597933 597938 1118350 1118678 642099 176274 1118641 770707 832481
1118641 1064681 642108 597938 598300 641872 598956 300360 176274 599426 599914 642877 643834 176305 544972 598961
642977 599721 598271 598956 599825 832481
971271 176454 642818 176169
642877 599825 1196193 950636 300360 544908 300047 832481
176169 545261 597933 1118350 1137947 598684
599383 643354 950636 642447
642508 643139 1118314 1196191 643481 642790 598808 1118252 598140
643056 598462 643505 643937
643054 1118521 892868 183774 299549 598660 182980
1118522 544903 544904 544905 544907 545502 176454 545528 599899
1118521 545057 544829 183774 544903 599256 599257 545492 599260
642500 643001 770707 832359 1196193 832541 598808
299549 1118350 892868 598660
617986 599216 1118671 599617 300974 643751
675796 545409 599647 598956 600011 545479 544907 544836
599256 1118678 892868 770707 544903 1118319 599260 599257
643751 599216 599617 300974
182980 770707 1196193 183076
599257 1118319 950683 1118252 544829 643438 621421 544903 544904 644056 675785 599699 545255 599260 176454 545528 1118631 1118520 545492 598271
642488 1118735 598574 643176 1118678
643176 1118735 598300 598574 642447
642482 599216 1118671 599617 300974 675767
1521328 183648 182788 301577 183391
598300 544972 17459 1196193 642445 1118735 598961
950683 599260 599090 544903 544904 545492 599136 599699 545255 545502 644056 176454 545528 599899 544905
299354 599693 544836 598939 1196193 544908 486 832481
545493 1118314 597933 1118319 545479 1118252 1118631 1058581 599099 486 770707
599099 545154 545159 770707 641944 623204 1118350
599310 770707 832359 184139 598808
621926 1118314 621650 1118520 1196191 832481 599423
1118631 599090 544904 544905 545492 599260 176454 545528 599899
599090 1118252 1118319 770707 599998 545255 1118520 675785 599699
1118735 183774 832541 598027 598956 545492 599721 545255 598666 598574 545057 599048 643503 642447 544972 598961
598939 545529 770707 950636 642840 832481
300121 522378 642099 599426
1058581 545057 545056 545481 599136
599048 1118678 950880 892868 598956 642447
1196191 643139 832359 642963 184139 832541 598027 598140 599216 643438 642660 643221 642019 599423 599998 598271 643613 643505 598808
1196193 642108 832359 642963 832541 599825 598027 599423 599914 544972 598271 643613 643503 642447 832481 642445 598961
598574 599721 770707 832359 1118678 832541 599825 642445
643832 643615 598666 2500
643834 17459 599825 599914
599611 544834 545082 1118319 1118520 621422 621421 644056 642660
599999 599866 1118678 643140 599426 176305 643615 183007
599998 545180 1118314 599699 545255
598271 770707 643613 643438
486 833140 599721 544903 183076 545502 176454 545154 642818 545157 599899 183391 544905 832481
598808 183479 832359 184139 675767 643001 182819 183645 770707
1118450 176454 833140 544903 545492
641872 770707 1118290 832541 26426 1118678 641882
832359 776156 643221 1064681 770707 832541 599825
300974 599617 599216
621650 1118520 545409 545180 621422 599423 1118314 832481 1118252 598140 1118290
545479 599647 950636 544907 544836 545370 545409 1118520
545261 597933 643354 643917 950636 544907 545379 545157 545159
1118290 176454 182819 641946 643481 545159 832481
675767 833140 183479 599216 599423 599260
1118350 599036 598660 183498 545154 545157 643615 545159
598414 598462 643221 770707 641946 643505
641882 643615 17459 832541 1118678
599721 598956 1118678 832541
621422 1118314 642019 770707 621421 1118252 599699
621421 1118520 1118314 1118252 598140 545492 599136 644056 183552 545057 545056 770707 545481
642099 17459 643937 1118678 599215
183552 643139 770707 1118314 545154
545180 770707 598956 599136 1118520
182819
643354 950880
643481 1118314 832481 1118252 598140
598705 522378 17459 599036 643937
598666
599260 176454 544829 599699 544903 644056 675785
598660 770707
545230 971661 597933 545158 623204 544907
2499 597938 2497 599035 641944
183498 833140 770707
545409 599647 642841 545370 599402 545372
544829 1118678 1118319
598462 643917 1118678 599216 892868 176274 545379 642818 643615
2497 522378 643937
600011 950636 623204 26426 544836
183391 950880 182788 183783
544972 892868 598961 642447
643139 643221 599699 770707 301577 1118314 598140 176454
971661 642108 544907 545502 544836 545157
950880 183076
545481 545057 1118319 1118520 599136 644056
183479 599216 770707 599617 183007
183774 642019 545492 599825
642840 545529 950636 642841 832481
642841 599647 599402
832541 776156 892868 770707 1118678 599825 643001
599825 1064681 642108 176305 643001 770707
598027 776156 1118678 770707 598961
1118678 599215 599866 598956 545492 643001 643221 599914 643503 832481
183783 1118620 1137947
599216 770707 599617
1118671
599215 521263 642694
643438 776156 544903 545492 1118314 1118252
950636 300047 642539 598956 599693 545370 599402 544836 545529 598684 832481
300360 1064681 770707
545492 545082 1118319 1118252 544903 644056 642660 599699 642019 675785 545528 176454 770707
644056 1118520 1118314 1118319 1118252 544903 544904 544905 675785 599699 545528 544834 599899 770707
304105 597933 641944
643001
183076
643221 1118314 545379 642818 770707 643505
643220
642019 1118314 1118252 598140 599699
642694 521263 598632
545255 892868 1118252 1118319 599699 176454 1118520 770707
26426 642539 300047 598684 599402 832481
545057 1118319 545017
545056 544834 545529 1118319 759 1118520
160519 183645 184139 183005 833140
176305 599866 599426
599899 1118252 675785 544905 599699 1118520
522378 599036 176274
598684 642539 544908 832481
643503 892868 643613
643505 642818 545379
642447 598632 770707 598961
642445 770707
598961 770707
545502 623204 675785
1064681 770707
1118314 598140 833140 545533 544905 642660 599699 599423 599136 675785 544834 176454 832481
597933 545158 770707 1118137
642108 759 770707
1118319 545082 599699 176454 599136 544834 545017
597938 521263 2500 641944 599426 599914 643615
545533 1118252 642660
599402 599647 544836 545372
1118252 598140 833140 544905 599699 642790 544834 545154
643917 599693 641944 598956 544907 832481
599647 545370 545372
833140 183645 770707 182788
892868 544907 832481
599036 17459
599035 770707 1137947
599136 1118520 599699 675785
642660 544834 545082
176274 643937
776156
759
641946 642818 545379
641944 545158 545159 770707
545379 545157 545158
599423 770707 832481 598140
598956 300047
599426 599866
545370 599693 545372
1118620 642818
545372
544834 545082 598140
544836 545529
545529 599693
545528 599699 675785 1118520
182788
643615 770707
770707 301577 643613 832481 642963 598140 300047 544903 544907 643140 599699 183645 642790 184139 545158 545159
643613 642963
301577 599699 183005
832481 642539 1118520 300047
1118520 544903 544904 544905 599699 176454
545082
643937 17459
599866
17459 643140
642963
184139
598632 521263
598140 599699
300047
599617
1137947 545158 545157
544903 675785 599699
544904 599699 544905 675785
544905 599699
544907 545157 623204
544908 545157 642539 623204
675785 599699
2500
643140
599693
183648 183007
642539
599699
183645
642790
599914
521263
176454
545154 545159
642818
545157 1118137 545158 623204
545158
545159
545017
623204
1118137
183005 183007
183007
