891741 642499 643710 599982 643222 599721 643651 598992 599240 832541 598027 832669 300075
642386 641835 598398 545171 599216 598462 182795 183479 598837 642099 675767 1118191 643056 599783 643660
1118219 641810 641811 618371 183560 183715 183459 642124 182943 598564 183479 183113 182945 642963 183623 184139 642237 183710 598223 183827 300830 184025 598261 544899 833140 299870 599090 599407 182795 599866 183567 183984 183482 183986 643844 641967 544780 183403 643387 182979 643385 183039 183936 643140 183088 184150 643221 832272 182872 182819 832654 545492 184027 832301 599847 183645 183790 642790 544897 599426 184125 598660 183049 183552 643710 545154 643001 641929 183339 599999 299549 545262 598947 643503 183391 545159 598808 544797 544973 641996 183149 183007 599938 832930
1118210 545139 545198 642939 641872 544958 545006 545137 183986 545166 641851 642654 641858 300543 303893
598564 1118668 618371 598102 833140 299870 642451 642500 770707 832301 183645 300295 184139 643387 375954 598808 545198 1196191 643385 599407 599587
598367 642274 832857 598266 300232 1118159 599938 1128366 949714 301588 63033 1196193 832669 598780
598956 26455 299336 545180 643593 599624 300526 643917 599629 492 644094 301255 544897 1118678 300047 599721 643999 1118735 950636 951497 1118159 301431 1118641 545503 599631 1118263 643985 643630 642977 599048 832669 301588
598957 890415 776156 832857 1118159 832272 642108 621652 599048 599938 949714 598490 643593 832669 1118641 300836 1196193 642877 1118735 598961
177896 599849 300047 599721 643615 599637 599631 300525 300526 642877 599629 300075
643387 544899 833140 299870 641929 183403 770707 832301 643201 121 643385 184139 1118252 599407 1118350
643385 1118668 183710 618371 641813 183715 598403 299870 832301 643201 598102 833140 598987 544899 599407 182910
304014 643093 642781 950683 599825 492 598104 1118631 972072 598858 183984 950226 544903 544904 544905 644056 1118157 598298 599699 642019 1118248 949791 121 486 1118545 1118522 1118520 770707 544790 641996
300360 643078 642429 643157 1118449 1064681 770707 598837 1118641 1118271 300525 300526 642877 643660 832669
1118449 642124 599310 643078 544780 832272 832654 184027 643844 183986 598947 642184 183645 643001
304019 544834 545082 1118520 1118314 494437 949785 1118319 599611 545533 950226 545465 644056 951070 544965 492 1118157
599733 545061 545057 545056 949785 1118319 1118521 643844 949714 950226 621421 71 1058581 644056
642633 643934 643279 1118314 1118290 599825 491 1118271 301255 545920 1118678 621926 642726 1058395 26454 892868 623021 303893 642499 643985 621652 1196193 643481 599423 26426 949791 545507 494437 1118520 770707 26455 643399 832481 375453
598102 1118314 598104 544958 770707 832301 643201 1196191 184139 544897 545431 486 544899 545154 492
598104 209858 643093 642000 642781 599257 545458 1118314 1118252 598140 1118614 599090 544905 642660 599699 832301 545255 1196191 544753 1118248 599891 494437 770707 641996
950722 545154 545267 832654 641944 183986 545102 299549 545100 544780 544811 598660 176169
599511 643279 621926 599638 1118520 599423 643399 1118290 1118314 623021 598140 375453
183827 1118668 183088 618371 183715 182872 182819 183049 832301 776166 642963 183710 183403 598808 183113 182979 184125 599587 300830 833140
183984 183552 184150 300601 183560 183049 545384 950226 544899 492
183986 1118657 599256 598438 1118350 491 1118271 776166 599310 599338 598837 182979 642451 643201 121 642790 599260 1118668 160519 1118521 770707 642963 643613 599587
544780 299549 184139 1118350 1118271 599310 1118559 598402 832654 832301 641944 599525 176169 1118668 642184 545159 598226 544797 1118657 641858
2261 1118705 951497 621652 950184 598723 949791 950224 950636 304074 545469 544907 544962 544836
623021 621926 1118157 1118290 621650 644056 1118520 770707 544896 544897 545500 1118314 832481 598140 492 599697
544788 642781 599699 641924 675805 1118631 972072 598298 1118520 950224 544790 950683 1118522 1118545 951070 644056 545477 675785 544905
375954 183710 643139 641813 832359 184139 599825 833140 642725 642660 642451 643780 643221 621652 642019 598590 642508 300601 643613 643399 641996 599587
1118668 641810 183710 618371 545261 183715 183459 642124 545136 598223 599847 642166 598226 598300 184139 599257 675767 598438 599839 643917 299549 644094 599260 833140 299870 599407 544829 599866 183567 641967 183403 183113 182979 643001 643780 643140 183623 182910 832272 641996 182872 182819 183936 832301 642237 183645 183790 642790 544896 544794 599426 832654 184125 833138 183088 642184 176305 182945 643615 599999 599998 300601 598947 183391 545159 598808 1064681 642445 183149 182795 832930
832857 642488 949785 1118319 598992 598991 599627 63033 491 492 598266 1118735 621421 1058581 642274 1196191 598574 949714 642977 1118263 1128366 545057 545056 770707 598961 598780
1118545 545166 545431 545078 545075 598858 544794 544903 544896 599257 545493 545492 544904 545477 544905
300601 642124 545006 545384 492 1196191 544961 1118271 375453
183049 183552 375453 833140 182819 183936 183560 770707 1196191 491 1118290 183007 1118314 641996 183039 598140 183403 1118157
300075 598069 642123 492 26455 301443 950636 642840 599637 599627 600011 26426 1118705 832481 832669
643211 1118567 642274 642488 643176 642123 598915 1128366 599240 949714 599627 598574 642447 598780 1118263
618371 183710 183459 599407 599998 121 1118657 599627 1118290 598808 1118350 1118271
643279 209858 494437 1058395 1118520 770707 599423 643399 1118314 375453 599697
545061 545057 545056 1118157 1058395 949785 1118319 759 949714 621421 1058581 644056 544965
545063 641996 1118314 643093 598403 759 770707 1118248 486 1118252 598140 492 1118614
972072 545139 641924 545077 598858 544903 544904 544790 545477 544905
598858 643093 642781 950683 492 1058395 544903 544905 644056 675785 675805 1118157 599699 642019 1118248 544753 486 1118631 545077 1118522 1118520 770707 544790 641996
522371 598438 598261 1118450 832272 598297 545171 1118522 832654 599866 770707 641944 545493 1118191 599914
599338 643630 642726 770707 1196191 832359 832669 832481 1196193 598402 598403
675805 1118319 621652 599699 545255 545243 544903 599256 492 545431 544904 598590 545075 950683
642451 544958 545198 641882 642725 641872 545006 642500 642019 545137 1196191 599664 643503 1196193 599825 1118314 599998 642011 375453
598915 1118678 1118192 1058395 176438 598069 770707 832481 598574 599240 642840 599627 71 544813 643593 599629 304097 1118735 832669 1118263
642274 300232 1128366 599240 949714 643176 598780 832669 1118263
890415 642499 643985 643630 643222 832359 832541 300836 643651 599629 598587 832669
832670 971661 545920 1118678 1118159 832272 1118559 892868 770707 1118657 1196193 623204 1118169 1118641 1118192 1064681 832669
1118705 642539 598069 598456 545479 304062 300526 643917 300047 643999 301443 544847 303951 545493 304097 544849 599624 545310 301431 545503 545469 544836 642181 176438 643190 642840 600011 544813 300332
1118248 641810 642124 642781 545458 545477 643093 545533 621422 545493 644056 642660 599699 545255 643481 544897 545465 544834 544958 545262 641996
642184 545262 642124 643093 1118319 545180 598226 1118350 491 1118271 776166 599310 1118631 599090 544829 545384 545492 832654 642019 545255 642790 544897 951070 183552 545154 642429 545159 1118657 544794
642181 545920 26454 642539 950184 950636 600011 545469 544908 544813 492
599020 599849 1118678 643056 545171 643157 599999 598462 832721 598837 641967 303951 599839 598438 643660 643505
641810 641811 642000 544829 770707 545384 544897 544899 599407 759 492
641811 641996 545171 770707 491 643221 1118314 1118252 643660 492
641813 209858 1118614 545136 1196191 598271 1196193 642781 599257 1118314 1118252 598140 375453
209858 643139 643630 643780 643438 643481 643399 545431 641996 598590
642000 544834 300804 1118314 1058395 1118631 949785 1118319 599611 545533 545386 545102 545352 545483 951070 1118252 599638 491
545243 1118319 599256 950683 545006 492 1118252 621926 1058395 643438 545492 644056 675785 1118159 1118157 598298 599699 545255 486 599260 545528 545076 545075 1118520 1118521
545458 1118520 545536 1118522 599699 176454 599256 1118319 644056 599260
598438 643985 599849 832930 832272 598261 599631 643615 642099 1118559 1118641 598655 598223 599914 599580 599783 1118271 303951
644094 545920 598069 971661 300047 599866 176438 26455 599999 641944 1196193 950636 544847 599631 26426 832481 304097 643917 491 300332
545920 545261 892868 299336 599624 545310 598456 642840 545100 304062 300525 300526 299354 300830 301255 300047 1058395 643999 642539 643844 303951 545493 544907 544908 304097 303893 544801 776156 598069 832272 621652 643630 184025 1196193 544962 304074 599637 545503 545502 71 642877 304171 544836 545154 545379 545159 545157 770707 598723 546062 598684 643503 176438 545076 832481 300332
544829 641924 1118157 641996 1118559 1118463 1118521 545384 545262 1118678 544897 1118319 599260 491 492 599257
303951 599849 545261 545267 950880 598462 598069 545479 643917 492 950224 544847 545493 544907 544849 950764 971661 643221 599099 938902 599525 176169 544972 545171 643615 545157 770707 642447 544811
303893 545198 182910 1118559 545006 770707 642166 545507 544797 641851 1118191 544801 486 832481 545432
544790 1118450 642781 599257 545477 492 1118631 544903 544904 544905 544906 545492 951497 641924 1118157 598298 486 545077 1118522 1118520 544794 950683
643780 545139 545136 770707 1196193 598808 1118314 1118252 598590 776166
599240 1118567 643176 642123 1118735 642488 1128366 599627 598574 642447 598780 1118263
949714 642488 642123 598992 598991 598490 832669 598684 544972 599938 301588 545057 545056 300232 600011 545483 545481 642447 642445 598961 598780
599310 770707 832359 598226 184139 598808 182979 1118271
183088 183936 770707 1196191 643613 121 642963 183007 598808 599587 776166
641996 643139 545082 544958 545136 643934 1118252 598140 598048 599099 1118614 642725 643438 545386 545492 642660 544965 642019 832301 643481 544896 71 545500 544899 545352 598590 833140 183552 642508 545154 494437 545078 545077 599611 770707 598271 598909 544834 643399 1118314 599587 375453
643078 771510 770707 598837 1118641 643505 599825 300525 300526 642877 643660 1118271 642429
598723 304097 1118631 950636 26454 643190 950184 623204 545479 621421 544813 644056 544849 643999 492
950764 599099 545154 545267 545157 545136 643844 641944 545137 545100 184025 544907 304100 832481 176169
643678 1118157 1058395 544772 1118735 598462 545379 641967 1118192 938902 599525 486 304103 492 643505
643190 26454 598684 950636 304074 545469 544813 832481 177857 544849
182795 599849 183479 599216 184027 1118191 599999 641872 598837 641835 642099 643505 599839 599783 1118350 1118271
375453 598048 832359 545431 598140 643438 599697 599699 642019 545255 599423 544897 598590 643630 545078 643399 832481
183710 833140 770707 1118290 183113 833138
771510 183623 642725 642108 183403 642500 832359 643593 599631 545493 832541 832669
643157 599849 643056 938902 1118559 599216 643615 598462 598837 1118169 1118641 643505 599839 599525 300526
642781 1118314 599257 1118252 1118614 621422 544905 545198 1118157 598298 599699 1196191 545255 494437 545077 1118520 770707
597931 545261 1118350 832654 1118520 544847 1118657 641851 545479 544811 643917 759 492
491 643093 642124 641872 300830 833140 545536 183560 644056 643660 182819 642837 183113 643710 545171 546062 643505 832481 641858
492 643093 675767 545477 599721 300543 183482 621421 544962 544965 643086 599938 642837 599631 544772 545469 599638 642939 545137 642549 546062 600011 545483 545481 643651 642123 545198 599629 545492 644056 304097 641924 832654 832301 304074 545352 304171 599891 544958 544794 544797 641851 544813 545267 642108 299336 545432 304062 304103 833140 545536 183567 545533 544801 599136 642660 832272 621650 545379 301588 642877 544834 544836 598909 598908 300295 832481 545082 599048 599866 299354 599099 545166 599090 301443 544903 544904 300804 642011 545507 545502 545465 545467 176454 545154 545157 545159 183339 599999 545017 183007 544905 300332 832669
301255 1118678 643985 641872 26455 184027 121 950636 832481
1118614 641872 182943 599257 545431 598140 643438 621422 621421 544906 621650 642019 832301 643481 545139 544896 598590 643630 642508 544958 545136 643399
950224 545262 545139 545076 545136 545479 598298 599136 832481 545477 545502
950226 544834 545082 176454 642011 182943 183339 183482 598461 544903 544905 545493 545481 599938 544965
183403 184150 183936 183560 832301 776166 833140 183007 183113 182979 599783 182910
642237 643710 182872 1196191 643201 598987 1118314 1118252 183039 776166
301431 301443 304097 643999 598069 304074 950636 642840 599627 544813 177857 1118735
599637 1118678 599866 1118735 599999 599627 599631 599839 599825 598587 599629
599631 599849 598069 642840 599627 599825 598587 599629 1118678 641882 1118735 642099 643086 599839 599999 643593
544772 1118319 545102 299549 545100 1118290 599525 304103 545352 643660 300804 643221 486 599260 599638 643056 545171 545159 642654 770707 642549 643505 544811
599638 544834 643221 545171 949785 599611 598462 545533 642549 545386 1118314 545465 486 642660 545352 643660
598590 1118314 1118252 1058395 621421 1118192 544905 832930 621650 642019 1196193 494437 770707 545017 544794 643399
598947 599866 1118559 183149 1118657 1118271 544973 598660 1118350
598991 759 1118735 545017 598992 621421 545056 1058581 545481 832669
643399 183560 1196191 643481 599423 642508 1118314 1118252 598140 599697
642124 1118559 832301 1118657 1118314 1118350 1118271
642123 1118567 642488 599982 598266 1118735 776156 599627 1058581
643934 183339 770707 599699 642019 1196191 300543 642837 300295 599257 832481 599260
1118271 545262 641835 545267 599866 641872 182943 184150 599847 642166 599216 545432 304100 599783 598261 545536 1064681 183567 545384 598837 641967 182819 545180 182979 544961 300543 641851 643140 183623 598398 182910 832272 643222 183479 832654 599699 183645 642837 599099 544897 545500 832721 598660 176454 642429 599426 642654 182945 545159 300232 544958 599999 300295 643505 183790 642447 832481 642445 832930
304097 176438 26454 598069 950184 950636 598684 545469 544908 544813 177857 544849 643999
951497 643086 545528 832669 598298 545479 544896 545492 544962 644056 545477 304171
545198 642939 599825 486 598587 544897
1118157 641872 599257 304103 545477 545166 641882 544794 621421 544903 544904 544905 545492 644056 642660 599697 598298 599699 642019 545255 599938 544896 544897 545465 675785 544834 643630 545139 545078 545136 598909 598908 832669
182872 183552 183459 641929 183936 184150 599407 183645 642963 184139 598987 598808 160519 643613 183039 599587 776166
641929 833140 183459 770707 184025 183645 642963 598808 183149 599587
1118159 642108 545180 598456 599257 598587 545477 621422 643438 643844 545492 644056 598298 599699 184027 545255 545503 643630 545528 598461 544973 544972 832669
304074 643999 598069 950184 598939 950636 545479 1118735 643593 545469 544813 544908 26426 832481 300332 299354
599525 598462 545379 598837 641967 642099 304103 1118192 544811 643660 938902
545352 545261 1118314 949785 545102 545100 304103 598140 545533 300804 643221 641944 486 951070 544834 544811 643056 545171 599611 545017
304171 545310 1058395 621652 598069 1196193 598456 544962 545477 642839
643985 1118678 26454 1118735 599627 832481 300332 832669
643630 1118314 545479 598140 1058395 1118735 545492 544962 644056 621652 776156 643086 598298 759 1196193 544896 71 598402 545528 770707 832669
544958 1118314 1118678 545536 892868 545006 1118192 545492 832654 759 1196193 121 642939 1118520 770707 545137
544794 1118450 643093 949785 1118319 598992 950683 1118252 1118631 183560 643438 545384 183339 621421 544903 545492 642660 642011 599699 642019 642837 176454 183552 642508 1118521 598271 598461 300295
544797 1118559 621926 770707 642166 545507 641851 544801 486 949791 641858
641851 26454 1118520 545006 300543 641858
544813 545261 598069 598456 545479 600011 304062 299354 643917 643999 301443 598939 544847 544849 545310 642539 545469 486 176169 544836 176438 642840 598684 300332
544811 598261 300804 545171 545159 545157 641944 545379 545261 176169 598223 304100 643917
641858 770707 545006 300543 642166 545507 675767 1118191 544801 486
183459 832654 770707 1196191 643613 598808 184125 599407 599587 776166
299336 26426 950880 643999 598069 770707 598939 1196193 950636 599624 544908 486 299354 177857 832481
598992 598266 545481 1128366 621421 301588 71 1058581 63033 832669 1118263
545102 300804 598398 545267 545171 545159 770707 545017 545100 642549 176454 643221 643660 1118290
1118657 599866 598223 832721 299549 598300 598655 599624 304100 598261 1064681 643844 641967 642099 643001 183391 643140 832272 599099 182819 832654 184027 832301 641944 599938 642790 599426 183645 598660 176169 545154 545157 643615 599999 643505 545159 183790 642447 544973 642445 544972 832930
545100 598398 545267 545171 545159 545017 770707 642549 544907 643221 304103 643660
643593 643086 1058395 642108 621652 642500 1118192 300836 598587 300332 832669
177857 598069 642539 642840 598684 300526 544849 643999
1118559 599866 642166 598223 598261 544801 182979 832272 832654 832301 300525 599426 598660 545154 176305 643615 545159 183790 832930
301443 26455 950636 643999 598069 545310 623204 600011 545469 26426 642839
183113 182819 183936 184150 642019 1118192 1118314 1118252 183039
182979 183715 183936 642166 1118641 598808 160519 1196193 642429 182910
183623 1118678 599664 1118641 1118192 160519 184139 642429
621650 1118520 621926 545180 621422 599423 544896 545500 1118314 832481 1118252 598140 1118290
621652 545180 545310 598456 545479 545477 621422 544907 544962 776156 545503 545502 598701 599048 770707 546062 623204 832481 832669
643201 643710 598297 832301 1118678 598987 599407 300830
951070 545082 545384 599090 545533 183482 545492 644056 642660 544965 643140 300804 642011 545255 599938 545467 544834 545154 183339
545078 1118631 599090 598298 545075 599699 545136 545386 621421 544903 950683 544906 1118319 599136 675785 644056
545077 1118631 545076 599699 544753 544904 545477 544905
545076 971661 599699 770707 623204 950683 544962 644056 675785 546062 545502
545075 545166 1058395 1118520 599699 599423 544906 621926 949791
598909 545166 1118314 1058395 1118319 1118520 770707 642837 598908 1118252 494437
598908 1118314 1118319 26454 642019 1196191 1196193 642837 599423 770707 1118252 494437
832930 833140 832654 770707 299549 1118314 599426 160519 599580 599783 1118350 599587 642963
598223 832272 545159 1118169 1118641 1118350
642166 182910 599866 599999 832301 545507 544801 1118641 598808
300525 26454 892868 770707 1196193 1118641 544908 599914 300526 642877 832481
300526 598069 1118169 950636 598837 643660 1196193 545379 1118641 642877 598462 598684 643505 832481
598587 1118735 642108 300836 599629 1118678 641882 892868 643844 1058581 599627 643086 1118567 642939 643651 832669 642977
598261 1118678 950880 643615 598462 832721 598655 938902 545493 599426 599580 599999
599982 1118567 643710 1118678 1118735 770707 776156 1118192 598701 832541 598027 833138 832669
598266 1128366 599627 598574 63033 598780 832669 1118263
26454 642654 643999 642837 300295 832481 642877
26455 300047 600011 832669 832481 642839
183715 160519 599407 183936 642963 1118350 599587
598837 598462 545171 643615 770707 641967 1118192 599839 643056 832721 643660 643505
971661 304062 544836 642108 545157 545503 545502 544907 544962 304100 832669
545310 1058395 598939 950636 600011 545503 304062 544962 299354 545477
300804 1118678 643221 545171 949785 598462 770707 545533 642549 176454 545017 1118314 642660
642011 599891 176454 1118463 1118521 599699 643438 598271 598461 121 544753 599256 545255 1118319 599260 545492
184027 599999 643844 184025 546062 598226 1118641 160519 183149
950184 545261 300047 598069 544962 544847 545469 545479 304062 544908 832481 300332
184025 950880 643844 183149 598226 544973 642877 599999 300830 183391
949791 545166 545479 544904 545500 832481 545477
545507 621926 642725 545159 1118191 544801
545503 950636 1118522 598069 546062 623204 544962 545477 642839
545469 598456 642539 598069 950636 600011 545479 304062 544908 544849 544836
71 598490 183339 643438 599938 598456 641967 545481 544962 599624 598780
545500 545262 621926 1118520 770707 1118314 1118252
545465 949785 1118319 1118520 770707 644056 545467 544965
545467 949785 1118319 1118520 598140 950683 599136 644056 675785 545481 545483
599407 299870 642500 832301 184139 598987 833138 182910
598402 643140 643221 642725 832359 546062 643503 832541 599825 598027 544972 183149 832669
598403 183552 643139 598808 642725 832359 598987 599825 599587
300332 642539 598069 950636 26426 486 299354
300232 545056 641872 770707 1128366 301588 63033 598780 1118263
183339 599611 949785 182943 599699 545492 183482 545536 1118319 598140
832669 1128366 950880 598462 545180 642488 300836 486 63033 598027 598490 642726 1118735 598300 950636 544907 544908 598780 643660 598655 642499 776156 832272 643222 599825 1058581 1196193 598574 1118641 301588 598701 643651 26426 1118678 1118263 1118567 544972 300047 599048 1058395 599998 598271 643503 599627 642445 598961 642977
599849 599999 599426 832721 599627 599825 599629 1118678 641882 599664 642099 1118192 832272 832654 599839 642877 176305 643615 770707 598655 599580
598048 642508 770707 1196191 832359 643613 643481 598808 833138 599587
182943 1118450 1118631 949785 1118463 599699 545255 182945 1118319 1118252 1118522
599847 1118678 1118735 598808 545432 675767 599839 599825 776166
182945 892868 545255 121 1118319 486 1118463 1118522
1118169 176305 832272 832654 832301 643505 599426 599580
598655 1118735 950880 599048 599999 776156 1118678 599627 642447 642099 599580 643917 1118192
643093 642019 545384 545386 643481 121 1196191
598490 1118567 544972 643844 599627 63033 544973 642445 1118263
1058395 545180 545479 599257 304103 545477 544905 545166 599721 544903 544907 545492 544962 644056 643086 598298 599699 545255 642837 599136 544973 545056 545528 599048 546062 545483 545481 832481
545384 1118319 545180 599699 545386 599256 544897 184139 599260 544961 642429
183482 183552 643139 833140 545536 1118319 183560 949785 598140 599611
545386 545082 641924 1118319 599611 545017 544753 1118631
949785 545082 599257 545533 544905 599136 642660 544965 599938 545139 176454 544834 545017 598461 600011 545483 545481
544847 545261 545157 176438 544849 545379 544907 643917 176169
641967 643056 599664 1118641 642099 599914 776166
1118192 643176 641872 832359 832721 599627 832541 300836 598027 599629 641882 599721 599216 1064681 599664 642099 643001 643140 643086 643221 832272 643222 599839 184139 176305 643651 599048 598462 183790 183149 598961
1118191 598398 833140 599216 641835 545432 183007 599783
544962 545479 304062 545477 544908 642839 544836 770707 623204 1118522 832481
544961 545262 642429 759 545180 544897 599136 544899 776166
544849 598069 642539 544836 950636 299354
643660 545261 832721 304103 300830 183567 643221 121 545171 642654 598462 545017 643505
544965 544834 545057 545056 1118319 770707 598461 544903 599136 486 644056
643086 641882 643844 600011 1118678 300836 486 599629
598297 642500 642725 770707 599048 643438 1196191 598226 643503 832541 599825 598271 832359 642963
598298 1118520 1118319 950683 643438 544904 544905 544906 545492 644056 675785 1118463 599699 599260 545528 1118631 1118521 770707 598271 599257
599938 643140 1118735 770707 1058581 644056 544972 643001 621421
642837 545166 642654 545536 770707 300543 300295 832481 759
121 183560 599627 1064681 183567 642660 832272 832654 544896 544899 545171 545159 599998 643505 832481
599839 1118678 642429 599664 599999 832721 643615 599914
642839 770707 598939 950636 600011 304062 26426 299354 599624 832481
1118567 642499 642726 599721 643222 643651 643176 642977 643710 598027
1128366 599721 642488 643176 301588 642445 544972 598780
545139 545136 545137 544906 486
642429 182910 832272 182819 642500 770707 544899
642939 1064681 599664 545137 544753 599825 486
176438 598069 599627 486 643917
545171 1118314 598462 832721 299549 545261 642549 304103 643221 304100 598398 832654 641944 176169 643056 545379 545157 770707 545017 183391 642445
545136 643139 545536 1118520 545137 1118450 544897
545137 545006 599825 486
642549 643221 642654 770707 545017 643505 304103
546062 892868 770707 1196193 623204 544907 545502
545483 1118319 1118520 621421 950683 644056 599136
545481 545057 1118319 1118520 621421 1058581 599136 644056
183790 1118678 183149 599664 770707 598226 1118641 599914 184139 1118350 776166
599580 599664 599999 1118641 642099 599914
183149 1118678 183567 160519 770707 598226 1196193 642790 183007 184139 300830 183391
599587 184150 832359 642963 675767 598140 599099 643221 183936 1196191 598987 642508 545159 770707 643613 643503 598808
598780 1118319 770707 621421 643176 301588 545056 63033 1118263
598226 643140 545159 1064681 643844 1118678 598660 176169
599627 643176 598462 832541 300836 598027 599629 1118735 642488 544907 642499 643222 301588 643651 1118678 833138 643710 642977 599048 770707 642447 832481 544972 598961
599624 832272 598456 950636 642840 544908 642877
599629 759 1118735 599999 300836 1118678
599783 599216 183479 641835 642099 545432 1118350
642726 599721 1118735 1196193 642977 598701 598808 832481 643613
642725 598808 770707 1196191 832359 176305 832541 599825
545477 950683 304062 644056 599699 486 1118631 1118522 1118520 770707
643844 950880 1118735 544973 643001
183936 643613 160519 545159 832301 642790 183391 183007 184125
1118463 599891 176454 545255 544753 544903 599256 599257 545492 599260 598461
832654 599664 545267 599866 184139 1118350 599099 1118678 833140 892868 642099 643221 545493 832272 832301 599914 598660 176169 160519 176305 545157 545159 599999 642963 1118314
832301 1118252 1118350 299870 486 544899
544896 621926 1118520 642019 621422 1118450 184139 1118314 544899 598140
938902 643056 642654 183567 598462 641944 304103 176169 183391
544899 299870 641924 544897 545154
1118263 642488 642445 599721 643176 598300 301588 544972 598961
494437 599699 598461 545431 644056
544897 545262 1118450 545180 184139 1118314 598140 776166 621926 599136 759 642019 1196193 599998
545262 545180 759 1196193 621926 598140
641835 598398 641882 641872 183479 599216 675767
545267 599099 545261 545157 545159 770707 641944 1118350 304100 176169 776166
184150 642508 833140 182819 183560 1196191 599090 1118314 1118252
598456 623204 950636 544908
545432 1118678 598398 950880 770707 183479 599216 1118350 599999
545431 770707 621422 621421 545166 950683 675785 598140
304062 950636 598069 770707 623204 642840 544907 832481
300836 1118678 1118735 770707 599825
304103 1118314 545379 486
304100 599099 545157 545159 770707 623204 1118350 776166
300830 183567 1196193 544973 183391
776166 545180 599099 598660 599699 183645 598808 642790 184125 833138 545159 599998
545536 643139 599866 599999
643999 892868 598069 950636 642840 299354 759
183560 833140 770707 1118314 1196191 1118252 598140
183567 1118678 183391 643505
545533 1118314 1118252 642660
544801 545154 1118520 770707 544907 545157 486
598398 598808 950880 183479 770707 599216 642099 675767
182910 643140 1118252 183039
832272 598069 1118350 1118678 599664 642099 1118641 770707 832481
1118641 1064681 642108 598300 641872 599664 599426 599914 642877 176305 544972 598961
641924 1118631 1118522 599699 950683 486
301588 642977 598574 642445
598987 643710 833138 1196191 183039
184125 833140 1196191 183007 598808 183039
642877 1196193 950636 599825 544908 300047 832481
176169 545261 598069 1118350 598684
642508 643139 1196191 643481 642790 598808 1118314 1118252 598140
643056 598462 643505
1118522 599891 176454 545528 544753 544903 544905 544907 545502 544904
1118521 545057 544903 599256 599257 545492 599260 598461
642500 643001 770707 832359 1196193 832541 598808
299549 1118350 892868 598660
300295 643139 770707 545006 599825 486
599256 599891 1118678 892868 770707 544903 1118319 599260 599257
642488 1118735 643176 1118678 598574 63033
643176 1118735 598300 598574 642447
598300 544972 599664 1196193 642445 1118735 598961
950683 599257 599260 599090 544903 544904 544906 545492 644056 599699 545255 545502 599136 176454 545528 544905
299354 598069 598939 1196193 544908 486 832481 544836
599099 545154 545159 770707 641944 623204 545493 1118350
545166 1118520 1118319 599699 621926
621926 1118314 1118520 1196191 832481 599423
1118631 599257 599090 544904 544905 545493 545492 544753 599260 599891 176454 545528
599090 1118252 1118319 770707 599998 545255 1118520 675785 599699
1118735 832541 598027 599721 599664 545492 643222 545255 598574 643710 545057 599048 643503 642447 544972 598961
545006 300543 832481 545502
598939 598069 770707 950636 642840 832481
1058581 545057 545493 599136 545056
183039 770707 642963 183007
599048 1118678 950880 892868 642447
1196191 643139 832359 642963 184139 598027 598140 599216 643438 642660 643221 642019 599423 598701 832541 599998 598271 643613 643505 598808
1196193 642108 832359 642963 832541 599825 598027 642499 599423 598701 599914 544972 598271 643613 643503 642447 832481 642445 598961
598574 599721 1118678 63033 770707 832359 832541 599825 642445
544753 599891 599699 486
642654 643139 598462 486
599611 544834 545082 1118319 1118520 621422 621421 644056 642660
599999 599866 1118678 643140 599426 832721 176305 643615 183007
599998 545180 1118314 599699 545255
598271 770707 643613 599257 643438 642977
598808 183479 832359 184139 675767 643001 182819 183645 643710 770707
1118450 176454 833140 544903 545492
641872 599664 770707 1118290 832541 26426 1118678 641882
832359 832541 599825 1064681 776156 643221 598701 770707
832721 1118678 598462 770707 643505
545479 1118520 598069 950636 545493 544907 544836
545261 545159 545157 950636 544907 643917 545379
1118290 176454 599697 182819 643481 545159 832481
675767 833140 599216 183479 599423 599260
1118350 299870 598660 545154 545157 643615 545159
641882 643615 832541 1118678
599721 1118678 642977 598701 832541 486
833138 1118252 1118314 643710 770707 183007
300543 643139 770707 486 832481
621422 1118314 642019 770707 621421 1118252 599699
621421 1118314 599257 1118252 598140 545492 599136 644056 183552 545057 545056 1118520 770707 598461
642099 1118678
545180 770707 599136 1118520
182819
643481 1118314 832481 1118252 598140
598701 642499 770707 832541 598027 598961 642977
599260 544903 644056 675785 599699 176454 599257
598660 770707
183552 643139 770707 1118314 545154
643710 642499 176305 643613
598462 643917 1118678 599216 892868 545379 643615
598461 643438 1118319
600011 950636 598069 623204 26426 544836
183391 950880 486
643651 1118678 643222 776156 642977
544973 642447 642445
544972 892868 598961 642447
643139 599699 770707 1118314 643221 598140 176454
642499 776156 832481
950880
183479 599216 770707 183007
642840 950636 832481
832541 599825 63033 1118678 892868 643001 776156 643222 770707
63033
598027 1118678 770707 776156 598961
1118678 599866 599664 545492 643001 643221 599914 643503 832481
599216 770707
642539 598069 950636 598684 544908 26426 832481
643438 776156 544903 599257 545492 1118314 1118252
950636 598069 300047 544836 598684 832481
545493 1118319 598069 770707 1118314 486 1118252
545492 545082 1118319 1118252 544903 644056 642660 599699 642019 675785 545528 176454 770707 599257
644056 1118314 1118319 1118252 544903 544904 544905 675785 599699 545528 544834 1118520 770707 599257
643001 599825
643221 1118314 545379 770707 643505
643222 770707 776156
642019 1118314 1118252 598140 599699
599664 599825
545255 892868 1118319 1118252 599699 176454 1118520 770707 599257
26426 300047 598069 598684 832481
599891 599699 599257 486
545057 1118319 545017
545056 544834 1118319 1118520 759
160519 184139 183645 833140
176305 599866 599426 599825
299870 1118252 184139
598684 598069 544908 832481
643503 892868 643613
643505 545379
642447 770707 598961
642445 770707
598961 770707
545502 623204 486 675785
1064681 770707 599825
1118314 598140 833140 544905 642660 599697 599699 599423 599136 675785 544834 176454 832481
642108 759 770707 599825
1118319 545082 599257 544906 599699 176454 599136 544834 545017
486 833140 544903 544905 176454 545154 545157 832481
1118252 599257 598140 833140 544905 599699 642790 544834 545154
643917 641944 544907 832481
833140 183645 770707
892868 544907 832481
599136 599699 1118520 544906 675785
642660 544834 545082
776156
759
641944 545159 770707
545379 545157
599423 770707 832481 598140
599426 599866
544834 545082 598140
544836 598069
545528 599699 675785 1118520 599257
643615 770707
770707 599825 643613 832481 642963 598140 300047 544903 544906 544907 643140 599697 599699 183645 642790 184139 545159
643613 642963
832481 598069 642977 1118520 300047
1118520 599257 544903 544904 544905 544906 599697 599699 176454
545082
599866
598069 544907
599825 642977
642963
184139
599257 544903 544904 675785 599699 176454
598140 599697 599699
300047
544903 675785 599699
544904 599699 544905 675785
544905 599699
544906 599699
544907 545157 623204
544908 545157 623204
675785 599699
643140
599697 545017
599699
183645
642790
599914
176454
545154 545159
545157 623204
545159
545017
623204
183007
642977
