545262 642184 621926 544829 545180 1118248 1196193 544897 545500 598140 1118271
643279 1118314 494437 1058395 1118520 770707 599423 643399 642633 209858 375453
209858 643630 598104 643438 643481 641813 643399 545431 641996 598590
598104 1118252 1118314 1118614 642000 599090 599699 770707 1196191 545255 642781 494437 1118248 642660 641996 598140 599257
642000 544834 1118314 1058395 1118631 949785 1118319 599611 951070 1118252
949785 544834 183339 544794 599257 599136 545465 642660 545467 544965
1118319 183339 545243 599257 545166 598908 599090 544829 545384 545492 599136 544965 642011 598298 599699 545255 644056 545465 545467 544834 642184 545078 599611 598909 544794
545180 1118520 1058395 621650 1118159 770707 545384 642184 544897 599136 1118271
599260 642011 1118631 598298 544829 599699 545384 545243 950683 599257 644056 675785 643934
545243 1118520 621926 1118157 1058395 1118252 599699 643438 545492 545255 950683 598298 644056 1118159 675785 492 545528
642781 641813 1118314 1118614 598298 1118520 770707 1196191 545255 621422 1118157 1118248 599257 494437 1118252 599699
641813 1118314 1118614 1196191 598271 1196193 599257 1118252 598140 375453
643934 599699 770707 183339 642019 1196191 642837 599257 642633 832481 641996
545431 545166 1118614 770707 621422 621421 950683 494437 675785 598140 375453
1118314 598140 621926 643438 621422 621421 644056 642660 623021 621650 599699 642019 643481 599423 544896 544897 545500 675785 598590 544834 643630 544958 599136 598909 598908 643399 642633 832481 641996
1118252 599257 598140 598908 599090 643438 621422 621421 545492 644056 621650 599699 642019 545255 643481 545500 598590 544834 598909 544794 643399 641996
598140 1118614 621421 623021 621650 599699 642019 1196191 643481 599423 544896 544897 545467 544834 643630 183339 770707 643399 641996 375453
492 183339 545166 544794 599090 544829 621421 545492 644056 642660 623021 544965 642011 621650 642837 599136 545465 545467 544834 544958 598909 598908 832481
545166 642837 599699 621926 1118157 1058395 1118520 598909
621926 621650 1118520 1196191 599423 544896 544897 642633 545500 832481 623021
1118614 643630 621650 643438 544958 642019 643481 621422 621421 544896 599257 643399 641996 598590
1058395 642837 643630 545528 598298 599699 545255 598909 599257 642633 545492 599136 832481 644056 598590
544794 642184 642011 1118157 1118631 599699 643438 545384 598271 183339 642837 621421 950683 642019 642660 598590 545492
599090 599699 1118631 545078 1118520 770707 545255 642184 950683 675785 951070
544829 642184 1118157 545384 599257 641996 544897
643438 598298 1118159 1196191 598271 599257 545492 641996 642011 375453
545384 599699 642184 544897 951070 1118271
183339 599699 599611 545492 951070
621422 599699 621650 642019 1118159 770707 1118248 621421 544896 599611
621421 1118520 644056 599611 770707 545078 599257 545492 599136 598590 1118157
1118248 599699 544958 545255 643481 544897 544834 644056 545465 642660 641996
1118271 544958 599699 642837 642184 544897 642633 545500 832481
545492 544958 599257 644056 675785 599699 642011 1118157 598298 1118159 642019 951070 642660 643630 642184 545528 1118631 770707 641996 950683
644056 1118520 599257 545467 675785 623021 544965 599699 1118157 598298 1118159 545465 951070 545528 544834 643630 494437 545078 599611 770707 950683
675785 545467 1118157 545078 598298 599699 599257 599136 545528
623021 1118157 621650 1118520 770707 544896 544897 642633 545500 832481
544965 544834 770707 545465 599136 951070 641996
599699 1118520 599257 642011 1118157 598298 1118159 642019 545255 599136 545528 494437 545078 770707 375453 950683
642011 598271 545255 951070
1118157 599257 598908 598298 642019 545255 544896 544897 545465 642660 544834 643630 545078 598909
621650 1118520 599423 544896 545500 832481 598590
598298 545528 643630 1118631 1118520 770707 598271 545078 950683 1118159 599257
1118159 643630 545528 545255 599257
642019 598908 642184 1196191 544896 544897 641996 598590 375453
1196191 598271 598908 599423 643399 642660
545255 1118520 770707 642184 950683 375453 951070 599257
1196193 643630 544958 598271 598908 599423 544897 642633 832481 598590
643481 643399 642633 832481 641996
599423 770707 598908 643399 642633 832481 375453
1118520 599257 544958 544896 545500 545465 545467 545528 599611 599136 598909 642633 832481
544896 643630 641996
544897 642184 599136 375453
545500 770707 641996
545465 770707 545467
951070 544834 642184 642660 545467
545467 950683 599136
642660 544834 599611 641996
598590 770707 643399 641996 494437 375453
545528 643630 1118631 599257 950683
544834 599611 641996
642837 598908 770707 598909 832481
643630 770707 375453
642184 1118631
494437 598909 598908 641996 642633
1118631 545078 599257
544958 770707 641996
770707 598271 598909 598908 642633 832481 641996
599136 545078 950683
598271 599257 641996
598909 598908 641996
598908
545078 950683 641996 375453
643399 642633 641996 375453
642633 832481 375453
375453 832481 641996
599257 950683
832481
641996 599611
599611
950683
