643139 642508 643221 770707 1196191 1118314 375954 209858 641996 598140
598280 1118668 1118219 1118614 770707 642963 598808 1118314 599587
641813 209858 1118614 1196191 598271 1196193 1118314 375954 1118252 598140 375453
1118314 643221 598104 643438 643780 642019 643481 642508 643399 641996 642451 598140 598590
598104 1118252 209858 1118614 770707 1196191 641996 598140
183459 1118668 1118219 182872 641929 770707 1196191 643613 598808 599407 599587
598564 1118668 1118219 642451 642500 770707 1196191 183645 184139 598808 375954 599407 599587
832359 643221 642725 598297 642500 770707 1196191 1196193 599825 832541 598808 598048 375954 599587 375453
642963 1118219 598297 182872 641929 770707 1196191 1196193 642098 643613 599587
184139 1118668 1118219 182872 642950 770707 1196191 598808 375954 599407
832541 642725 598297 642500 770707 1196191 1196193 599825
599825 642725 598297 770707 1196193 375954 642451
209858 643780 643438 643481 643399 641996 598590
1118252 643438 643780 642019 643481 642508 643399 641996 598140 598590
598140 642019 770707 1196191 643481 1118614 642508 643399 641996 599587 375453
598048 642508 770707 1196191 643613 643481 598808 641996 642950 599587 375453
1118614 643438 642019 643481 642508 643399 641996 598590
642725 598297 642451 770707 1196191 642098 598808 375954 641996 642950 599143
642950 643221 642500 643613 599587 1118219
643438 598297 1196191 598271 641996 375453
642098 1118219 641929 770707 1196191 375954 599407 599587
642451 642500 642019 1196191 1196193 375954 375453
1118219 643221 182872 641929 183645 598808 641996 599407
643221 770707 1196191 375954 599587
598297 770707 642500 1196191 598271
182872 1118668 641929 183645 598808 643613 599407 599587
641929 770707 183645 598808 599587
643780 1118668 770707 1196193 599143 598808 375954 598590
642019 641996 1196191 375954 598590 375453
1196191 642508 598271 643613 643399 598808 599143 599587
183645 1118668 770707 598808 599143
643481 642508 643399 641996
375954 643613 642508 643399 641996 599587 598590
1196193 642500 643613 598271 599143 598590
599407 1118668 642500
598590 770707 643399 641996 375453
1118668 598808 599143 641996
642508 643399 598808 641996 599587
642500 770707 598808 599143
770707 598271 643613 598808 599143 641996 599587
598271 643613 641996
643613 599587
643399 641996 375453
598808 599587
599143
641996 599587 375453
599587
375453
