642386 642913 598398 545171 599216 598462 182795 17459 183479 642294 641835 642984 598837 183985 642099 675767 642988 832872 643056 599783 643660 1118191
1118219 183710 598280 183715 182943 599847 182945 599279 598564 642820 183482 183406 641967 183403 643387 643385 183917 182819 599938 300252 183984 598660 183552 183498 183495 833071 598947 183146 183391 598789 183393 832872 544973 183149 183148 544769 642124 184176 183479 184078 301577 598223 183827 183783 183302 183985 643844 183986 183387 544780 545492 183389 643001 183936 183416 599950 184064 643221 182872 641929 832654 832301 183790 544897 544899 833140 183273 183049 183484 544797 643503 641996 182969 644024 545262 618371 183459 184150 183619 183618 300830 299872 299870 183560 183567 183368 642988 183113 182979 617851 183621 183623 832272 176280 599426 299828 182788 642963 182980 832930 641810 599866 299745 299549 184139 598261 545160 599090 182795 643971 182792 643140 183648 183872 184027 184025 183645 642790 599407 183088 545154 545159 183339 599999 183005 183007 598808 183535 183536
643310 598261 938902 2500 642733 643615 642913 598462 641967 183391 544772 599525 544811 545352 491 304105
1118210 545166 642654 641872 300544 544958 545006 300543 183986 544796 641851 641858 303893
544769 599849 748318 597933 598069 1118657 599627 598438 301171 139 643917 1118271 598261 598077 643827 1118350 599215 641981 642294 599036 599035 642099 545206 176280 2500 832272 832654 99 642973 598705 1118668 131789 643615 1127444 2497 644022 598655 599140 599004
598564 1118668 618371 598102 833140 299870 642451 642500 770707 832301 183645 299828 300295 184139 643387 598808 375954 1196191 643385 599407 599587
845759 183872 183273 833140 183715 299870 833071 182819 183393 183567 832301 300252 183146 183498 183387 183391 183302 183389 183148 183403 299872
643827 599849 1118678 522610 598498 17459 643832 131471 642099 643937 598438 598787 1118192 301171
521220 643097 643157 598655 598791 643937 301172 643849 598261 300121 140656 544809 599158 303951 303953 642556 643207 299897 642694 299576 599525 643832 642733 599580 832930 598632
598957 776156 832857 597923 832272 642108 621652 599048 599938 1118327 949714 598490 643593 832669 1118641 300836 1118159 1196193 642877 1118735 598961
599377 1118668 545154 833071 545159 642790 832301 642820 598226 544780 598808 1118657 776166
177896 599849 300047 599721 641818 643615 599637 599631 300525 300526 642877 599629 300075
643387 544899 833140 599407 299870 182788 641929 770707 832301 643971 121 183406 184139 643385 183403 1118252 1118350 183536
598814 1118705 598069 140792 177857 299336 176308 300565 950636 545479 300277 599624 544813 2261 599402 177853
304014 643093 642781 950683 599825 492 598104 1118631 972072 598858 183984 950226 544903 544904 544905 644056 1118157 598298 599699 642019 1118248 121 486 1118545 1118522 1118520 770707 544790 641996
183917 1118668 183648 183872 833140 1521329 1521328 183936 770707 183984 183406 183498 183827 491
301065 1120035 1118559 642733 598462 597938 642166 1118169 641967 598438 1120083 599525 139 642984 1118350 599044 598837
1118449 642124 599310 643078 544780 832272 183985 832654 184027 643844 183495 183986 598947 642184 300360 183645 299374 183535 643001
304019 544834 545082 1118520 1118314 494437 949785 1118319 599611 545533 950226 545465 644056 951070 544965 492 1118157
300252 1118271 833140 522378 832654 1118559 183984 1118169 938902 139 598660 299549 832930
642184 545262 642124 643093 1118319 545180 598226 1118350 491 1118271 776166 599310 1118631 599090 544829 545384 544780 545492 1118668 832654 642019 545255 642790 544897 951070 183552 545154 642429 545159 1118657 544794
599733 545061 545057 545056 949785 1118319 1118521 643844 949714 950226 621421 71 1058581 644056
938925 300804 643056 642818 643157 598462 832721 545379 642694 183387 643505 300526 304105 598414
642633 643934 26455 1118314 1118290 599825 491 1118271 301255 545920 1118678 621926 642726 1058395 26454 892868 1118499 599880 623021 303893 643985 621652 1196193 545507 599423 26426 643481 494437 1118520 770707 643399 832481 375453
599279 183552 183621 833140 182943 832654 643971 183495 544794 1118271 1118522 486 641996 545154 492
598102 643385 1118314 598104 544958 770707 832301 1196191 184139 544897 545431 486 544899 545154 492
598104 1118314 643093 642000 642781 599257 1118252 598140 1118614 599090 544905 642660 1078946 599699 832301 545255 1196191 1118248 494437 770707 641996
184176 183621 598280 597942 643054 1118521 184025 182969 644024 183391 183387 183774 299589 183389 492 182980 183148 617851 183076
950722 545154 642818 832654 641944 183986 545102 299549 545100 544780 544811 598660 598789 176169 545267
184078 641835 1521329 1521328 182795 183619 183618 182792 1118657 183391 299589 183827 183149 183936
951497 545389 176282 599647 643086 545528 832669 598298 598956 545479 544896 544790 545492 544962 644056 545372 2261 545477 304171
183827 183710 618371 183715 642963 300830 776166 833140 183406 176511 183113 182979 1118668 183648 183872 182872 182819 183403 832301 183088 183498 183273 182788 183049 183005 598808 599587 183536
545206 545267 597933 643354 493 950224 545160 642820 522371 544809 544924 599035 303951 545493 759 176282 1118620 599204 1137947 598788 599140 544811
545418 544952 1118705 597931 984268 1058395 643985 545409 545479 545359 3389 544795 600011 598956 544907 599647 544836 545160
748318 183467 131789 598077 522378 643615 617819 2497 599036 642973 599035 599740 303951 644022 183416 641981
183985 522378 182795 770707 1118657 522371 599202 599036 598837 493
183984 183552 184150 1521329 183560 545384 183049 950226 544899 492
183986 1118657 599256 598438 599202 1118350 491 1118271 776166 599310 183302 598837 1518749 182979 642451 121 642790 599260 1118668 160519 1118521 770707 642963 643613 599587
300295 643139 1118271 770707 26454 545006 1118499 642837 544794 643934 599825 486 598910 492
183387 950880 938857 1118350 599238 833140 183302 182792 643366 641967 1518749 183389 184025 1118137 938902 1118668 1118620 183391 183393 183148
544780 299549 184139 139 1118350 1118271 599238 599310 1118559 598402 598934 545099 832654 832301 641944 1118137 971271 599525 176169 1118668 545159 598226 544797 1118657 641858
1120083 183715 597933 597938 643937 544809 301172 301590 599238 598261 183864 300049 641889 299395 599036 300121 597942 176274 641981 641800 176280 299459 140523 176569 598947 140587 183416
183389 950880 1521328 183619 299549 938857 1118350 833140 183302 643366 183391 184064 832654 184025 1118137 938902 183783 1118668 643505 183393 183148
2261 545370 599647 598544 950224 950636 544907 544962 2246 544836 545312 545314 621652 950184 304074 545469 599403 1118705 545409 598723 544795 675796
623021 621926 1118157 621650 1118520 770707 544896 544897 644056 1118314 832481 598140 492 1118290
544788 597900 642781 599699 641924 675805 1118631 972072 598298 1118520 544790 950224 544796 544905 1118522 1118545 951070 644056 545477 675785 950683
641981 599849 521724 598438 522478 301590 304105 1118678 617819 299397 522371 675802 2500 643221 598077 301009 971271 544772 1120035 2499 140523 545171 643615 599999 2497 300336
599950 1118668 1128560 131789 598077 1118559 182795 522378 183467 299397 2497 642294 598837 140587 598705 644022 598438 641945 644024 832930
599954 545312 545310 545314 598069 598544 950184 300037 545493 304062 544962 544813 544836
545117 832930 545267 597933 832654 544809 598456 1118657 599035 598893 1137947 598788 494 544803 303896 2246 176169 493
299576 521263 770707 599999 643931 1065361 642556 598787 301171 544811 1118271 644094
375954 183710 643139 641813 643221 833140 642725 621652 642019 832359 643613 642508 643399 599825 184139 642660 641996 642451 599587 598590
1118668 183710 598280 183715 599847 182945 675767 299449 299374 641967 183403 643385 182819 599839 599260 183498 545136 598947 183146 183391 183790 183149 642124 598226 598223 522927 643001 183936 183416 182872 832654 832301 544896 300275 299872 183273 176305 544794 642445 644024 618371 545261 183459 643917 599238 833140 299870 1064681 183567 183113 182979 183623 182910 832272 618300 599426 643615 140587 832930 641810 599866 642166 299549 598300 184139 599257 598438 644094 598934 182795 176511 2500 643140 183648 183645 642790 599407 183088 641996 545159 599999 599998 598808 599617 544829 183536
832857 642488 949785 1118319 1128366 599627 598632 491 492 544823 1118735 621421 1058581 1118327 1196191 598574 949714 642977 1118263 545057 545056 833071 176569 770707 598780 598961 125
1118545 597900 545166 545431 545078 545511 598858 545492 544794 544796 544896 599257 545493 599899 544904 545477 544903 544905
984268 545389 544952 544836 300047 599718 544959 304062 643354 545359 544847 545503 544907 598788 303893 545230 597935 303951
599204 597933 642820 544924 545291 3389 544809 544847 599035 2246 176169 304105
642913 599216 183479 1118671 598462 300974 599783 938902 1118191 643751 1118344 1064642
304074 545280 545920 643190 643999 598069 950184 598939 301431 950636 545479 1118735 643593 545469 544813 544908 26426 832481 300332 299354 492
545291 643095 545267 597933 544811 544809 301009 1120035 1137947 643937 599140 176274 139 304105
599202 182795 832706 641967 303951 299459 176320 832721 299374 140656 299489
644022 2499 675802 183467 522610 642173 299397 2497 642294 642973 598837 599035 642099 598705 522478 1120035
182969 1118271 617851 183619 182792 1196193 183391 301577 183005 183783 486 183149 182980 300830 183076
644024 618371 643054 832654 598280 299549 1118192 617851 597942 183148 182980
300075 1118705 26455 642123 492 598069 301443 950636 642840 599637 599627 600011 26426 832481 643566 832669
643211 1118567 643097 642488 643176 642123 598791 598915 949714 598574 599158 599240 599627 1128366 642447 598666 598780 1118263
618371 183710 183459 599407 599998 121 1118657 599627 598808 643385 1118350 1118271 1118290
183619 183936 182792 183618 183391 617851 299589 183149 182980 183076
183618 950880 183936 643971 182792 184025 1196193 301577 183391 299589 183783
522478 597933 597938 301590 598261 598791 300049 300121 599035 545493 303953 176274 303893 299489 832272 832654 641944 641800 176280 599426 299828 140587 183416 599580
545061 1118157 545057 545056 1058395 949785 1118319 759 949714 621421 1058581 644056 544965
299872 642238 599783 183864 642482 183149 1118671 183479 599617 183495 299869 598947 183146 598654 1118191 598398 1118344 1118350 183148
299870 544899 182788 599407 832301 643385 184139 1118252 1118350
176666 176438 599664 950184 598956 1118641 599627 598438 494 544813 2246 832481 493
598858 643093 642781 950683 492 1058395 972072 545511 544903 544905 644056 675785 675805 1118157 599699 642019 1118248 486 1118631 545077 599899 1118520 770707 544790 1118522 641996
522371 1118450 597933 599866 597938 643931 599914 598438 139 304045 598261 598297 642820 544809 544924 599035 301590 545493 1118191 832272 832654 641944 301009 176280 299348 300275 545171 1118522 770707 599774 140587 599140 299489
599880 642654 545536 642659 300549 300543 643934 642837 621421 301577 641851 832481 643366
1521329 183648 183567 183406 301577 183391 299589 183403 183536 183535 300830 182910
675802 1118271 641944 1118559 522610 832654 599999 597938 2497 641800 522927 1118169 599035 598791 598438 139 599580 125 598837
675805 597900 545511 621652 599699 599899 545255 545243 544796 599256 598590 545431 1118319 544904 492 544903 950683
642988 642238 299930 183864 599216 299745 183479 1118499 617986 598808 598398 1118350 303893
598910 545166 545079 642659 1118520 300543 642837 641851 832481 950747 300544 492 643934
642984 1128560 643056 642173 140656 1118559 598462 1118169 832706 599044 1128009 1118230 299348 301309
642451 544958 642011 641882 642725 641872 545006 642500 642019 599998 1196191 599664 643503 1118314 599825 643834 1196193 375453
598915 598069 642840 642841 599627 301172 599629 177853 1118678 1058395 1118735 1118192 304097 598574 599240 71 544813 1118263 176438 176569 770707 643593 832481 832669
597900 544790 303893 599699 1118631 1058395 972072 1118522 1118159 492 544796 950683 598298 486 675785 1118520 545477
544952 971661 545920 545312 597933 950880 598939 494 303951 675796 544962 303896 643917 493
832670 971661 545920 892868 1118159 832272 1118559 1064681 770707 1118657 1196193 623204 1118169 1118641 1118192 1118678 617851 832669
642173 1128560 522378 131789 599044 599216 17459 2497 642294 599036 642973 1128009 643937 599004
1118327 545280 643597 642889 642733 598791 643999 598956 643176 545432 303953 642447 544972 832669 599383
545057 1118319 1118521 1118735 949714 545017 621421 1058581 545481 544965
1118248 641810 642124 642781 545477 643093 183484 545511 545533 621422 545493 644056 642660 599699 545255 643481 544897 545465 544834 599899 544958 545262 641996
99 598934 598261 643095 832272 597938 544809 176280 599740 597942 599580 176274 299348
545056 544834 545529 1058395 1118319 759 1118520 949714 621421 1058581 544965 598780
618300 599304 299930 641835 598398 183864 300484 599216 299745 1118671 299337 183479 599617 300974 617986 598654 643751 643689 599783 1064642 545432
1120035 643095 183864 597938 598893 643937 301590 598261 597933 522378 617819 299397 299395 544809 522927 176511 176274 183467 599877 598077 641800 301009 598705 299348 299459 300275 599036 131789 131471 300121 642973 140587 183416 599140 299489 300336
643385 183710 183715 182910 832301 641813 544899 599407 833140
642181 545920 1118705 140792 26454 642539 950184 299897 950636 600011 545469 544908 544813 492
833071 183710 833140 299449 832654 832301 183482 599998 1118657 598490 125 642445 832930
176569 599849 642123 521263 1118735 599240 176280 598655 598632 599627 832669 1118263
599774 598462 599627 598654 675767 598438 139 299930 599216 1118671 1118191 598398 599877 938902 1118344 599638 1118620 545171 770707 599617 643751 545432
1065361 598261 299828 643207 176511 1064773 641944 1118657 641967 599627 642694 599839 599580 301171 642556
599020 599849 1118230 643157 599999 832721 598438 139 1118678 521263 300121 598837 641967 303951 176511 643660 299489 599839 643056 545171 643616 598462 643505 521250
599257 641813 949785 1118319 642781 599256 950683 1118252 1118614 1058395 544829 643438 621421 544903 544904 598298 644056 675785 1118159 1118157 1118463 1078946 599699 545255 599260 176454 545528 1118631 1118521 1118520 545492 598271 544790 643934
599140 643095 545267 597933 597938 1118169 598893 598438 304045 139 598261 617819 544809 300121 599035 301590 641800 301009 599426 544811 300049 521724
641810 642000 544829 770707 545384 544897 544899 599407 759 492
641813 1118314 1118614 545136 1196191 598271 1196193 642781 1118252 598140 375453
642000 544834 300804 1118314 1058395 1118631 949785 1118319 599611 545533 545386 545102 545483 599638 951070 1118252 545352 491
641818 300047 642120 545424 598939 299775 642840 642847 599624 299787 300277 177853
545243 1118319 599256 950683 1118252 492 621926 1058395 545006 545492 644056 675785 599699 1118157 598298 1118159 545255 486 599260 643438 545528 545076 1118521 1118520
598438 599849 599914 597938 599740 598223 139 599783 304045 1118271 598261 299449 1118559 643985 299397 599036 522927 642099 303951 176511 176274 183467 832272 599631 641800 131471 598705 1118641 299348 300275 598666 140523 131789 522610 643615 2497 545158 140587 598655 599580 832930 617819 521724
304045 545267 597933 544809 121 1118137 642099 641944 486 492
644094 599866 598069 643931 300275 643917 491 545920 300047 26455 598956 950636 544847 304097 642556 642889 971661 301165 641944 1196193 599631 26426 176438 599999 832481 300332
544823 1118735 599999 1064773 949714 300121 1127444 1118678 599627 125 1118192 1118263 598655 598632
545920 545261 545424 299336 304062 597938 300565 598456 642840 545100 599740 599624 300525 300526 299354 300830 301255 300047 1058395 643999 892868 643844 545076 299775 303951 545493 544907 544908 544803 304097 617851 544801 545312 545389 301165 598069 642539 832272 621652 643630 184025 1196193 176282 544962 599637 545503 299897 71 599403 599402 299787 300277 642877 545230 304171 545310 544836 545154 545170 545157 545159 544959 176308 770707 598723 546062 300037 598684 643503 642841 303893 598788 176438 545529 832481 300332 776156 545379 545502
545511 599699 1118157 1118631 972072 545077 599899 950683 544905 545076 486 675785 492 1118522
182795 599849 641872 183479 641835 599783 1118350 1118271 599216 598837 1128009 642099 1118191 184027 1064642 641945 599839 1128560 643931 643751 599999 643505 599004 1118230
643971 950880 599999 1118657 301171 1118271 183783 833140 182792 299589 183936 643140 183621 521200 832654 832301 1196193 301009 1118137 544899 770707 183005 642445 183149 832930
182792 617851 182788 184025 1196193 182980 299589 183007 183783 491 300830 183391
303951 599849 545261 545267 950880 598462 598069 545479 938857 643917 544847 492 545493 544907 2246 544849 950764 971661 643221 599099 544809 938902 971271 599525 176169 950224 1118705 544811 1118620 545157 643615 545171 770707 521250 1137947 642447 544972
176511 1118230 522378 599036 641967 1118350 521724
303896 545261 599718 950880 299336 643354 545230 299775 642847 599624 494 493 643917 759 1137947
303893 597935 642166 545432 643220 1118559 545006 545230 544809 544801 2246 493 971660 182910 1118191 545507 486 544803 770707 544797 544796 641851 832481 950747
544790 1118450 642781 950683 545477 492 1118631 972072 544903 544904 544905 545492 641924 1118157 598298 486 545077 599899 1118520 544794 544796 1118522
598077 131789 522378 522610 299397 2497 598791 599036 642973 598705 140587 832706 139 301172 183416
545099 971660 938902 545261 1118620 545267 597933 545157 545158 544795 623204 544847 1118137 950764 971271 304100 545379 1137947
1064642 642238 299930 598398 299337 183479 599617 300974 641835 545432 299852 643751 1118271 598654
599240 1118567 642488 643176 642123 598498 1118735 598574 599627 1128366 642447 643689 598780 598666 1118263
949714 642488 642123 598490 599158 832669 176155 598684 544972 599938 301588 599383 600011 545483 545481 642447 642445 598961 598780
599310 770707 832359 598226 184139 598808 182979 183535 1118271
521250 643849 598261 832930 643157 643616 641877 599711 299395 176320 832721
183088 183936 770707 1196191 643613 121 642963 183007 598808 599587 776166
641996 643139 545082 544958 545136 643934 1118314 1118252 598140 599099 1118614 642725 544829 643438 545386 545492 642660 544965 183552 642019 832301 643481 544896 71 544899 545352 598590 833140 544834 642508 545154 494437 545078 545077 599899 599611 770707 183049 598271 598909 643399 599587 375453
643078 642429 771510 770707 598837 1118641 643505 300360 599825 300525 300526 642877 643660 1118271 304105
598723 300037 643220 1118631 950636 26454 643190 950184 623204 545479 621421 544813 644056 304097 544849 643999 492
950764 599099 183783 545267 545496 545157 545136 643844 641944 545100 184025 544907 545154 304100 832481 176169
643678 1118735 643834 1118157 1058395 544772 599215 598462 938857 304105 545379 641967 1118192 643505 643937 599525 486 598414 304103 1118620 492 938902
300332 1118705 598069 544813 643985 642539 950184 950636 643593 26426 486 299354 492
183535 1118559 1118657 642166 1118169 1518749 1521328 160519 183536
183536 183498 833140 182819 182788 184139 1521328
300336 183467 1118705 598490 140523 598069 299397 598956 598684 599627 300525 300526 642877 832669
183710 183498 833140 770707 183406 1118290 183113
643097 599849 521263 599215 299897 599158 1127444 598655 598791 599525 599627 598632
598280 1118614 770707 643834 642963 597942 598808 1118314 598660 599587
643095 598261 544811 597933 832272 522378 1118657 544809 1118169 1137947 176274 139 301590 521724
183715 183864 599407 183936 642963 1118137 160519 182979 1118350 599587
643157 599849 971271 1064773 643931 1118169 938857 301171 300526 643849 1118559 599216 599215 598837 300360 2500 1118641 938902 599839 599525 643056 642733 643615 643616 521263 598462 643505 176320
642781 1118314 1118252 1118614 621422 544905 1118157 598298 599699 1196191 545255 494437 545077 1118520 770707
545025 299930 599783 598398 299337 770707 545026 598654 675767 1118191 1118344 950747 545432
545026 299930 617851 599216 1118522 299337 770707 299745 486 545432 1118463 832872 1118191 1118344 598654 182980 492 299852
598893 971661 971660 545157 545158 759 304100 546062 623204 1118657 1118137 521724 599624 544803 493
494 545389 599647 545529 545160 643354 641889 544795 832872 545372 599877
597931 597935 545261 597933 1118657 1118350 492 642820 643917 3389 544847 832654 759 1118137 545359 642659 1118520 545479 544795 641851 544811 950747
139 597933 598934 642820 299397 544809 176274 183416 183467 832272 832654 641944 641800 642973 598705 599426 598666 2499 131789 299828 176305 176280 2497 140587 521724
299449 832654 599999 598456 1118657 832481 643999 183149 182979 300830
299374 598462 599849 598297 599866 770707 938902 599839 544772 642985 832721
491 642124 643093 641872 300830 833140 545536 544829 183560 644056 643660 182819 642837 183113 545171 183049 546062 643505 832481 641858
492 643093 675767 545477 299930 599721 300543 183482 598956 183406 544962 544965 643086 599938 642837 599631 544772 599638 545079 642549 546062 600011 545483 545481 642123 183774 301577 599629 643849 183783 300484 299589 545492 644056 304097 641924 643220 832654 832301 545502 545352 304171 599718 599899 544958 545424 544794 544797 544796 544813 597935 545267 642108 299336 545432 304062 304103 599238 833140 545536 183567 545533 544801 599136 183621 832272 621650 1078946 545379 301588 642877 642660 544834 544836 598909 598908 832481 545082 599048 599866 621421 642985 299354 599099 545166 599090 544829 301443 544903 544904 641851 300804 642011 545507 545469 545465 545467 176454 545154 545157 545159 642659 183339 599999 545017 183007 544905 832669
493 597933 643354 545389 545160 642820 641889 301590 303953 183368 545280 183872 140792 299897 176282 545359 599402 545529 545409 544795 598789 832872 484695
301255 1118678 1518749 643985 641872 26455 184027 598956 121 950636 832481
299930 183479 545432 599783 599216 1118671 299852 642238 598398 1118191 486 1118344 599304 770707 599617 832872 598654
1118614 641872 182943 545431 598140 643438 621422 621421 621650 642019 832301 643481 544896 598590 643630 642508 544958 545136 643399
642820 545267 597933 1118657 599238 545160 544924 545496 544801 2246 621652 971660 832654 1118137 971271 544803 176169 1118620 599718 623204
950224 545262 545079 545076 545136 545479 598298 599136 832481 545477 545502
598791 599849 643176 1064773 643597 599627 598632 599624 304105 545280 1118678 522378 599215 599158 1118192 598655 599721 299897 642977 544813 599525 598666 599383 2499 1118705 521263 598787 642447
950226 544834 545082 176454 642011 182943 183339 183482 598461 544903 544905 545493 545481 599938 544965
183403 771510 1521328 184150 599783 776166 833140 183560 1518749 182979 183648 182910 183936 832301 183113 183049 183007
642556 643220 521263 770707 599866 599999 1064773 643931 938902 598787 301171 544811 1118271
642238 641835 598398 642482 643751 1118671 299337 599849 599617 599216 183146 545432 675767 1118191 599783 641877
303953 598261 599877 299397 641944 598226 1118137 598655 598632 1118641 642447 642889
301431 1118705 301443 177857 643999 598069 598956 950636 642840 599627 544813 304097 1118735
131471 1118230 598398 599044 1118671 522378 599617 642294 299459 1128009 545432 642974 598787 598654
599637 1118678 643220 599866 1118735 599999 599627 599631 599839 599825 598587 599629
599631 599849 1118230 771510 598069 642840 643086 599627 599825 598587 599629 1118678 641882 1118735 598956 642099 177853 642889 17459 1127444 599839 599999 599711 643593
544772 1118319 545102 299549 545100 1118290 486 304103 598414 545352 643660 300804 643221 598789 641946 599525 599260 599638 643056 642818 545171 545159 642654 770707 642549 643505 544811
599638 544834 1118230 643221 545171 949785 599611 598462 642549 545386 545533 1118314 545465 486 642660 545352 643660
598590 1118252 1118314 1058395 621650 642019 832930 770707 545017 1196193 544794 621421 1118192 375453 643399 544905 494437
1128560 643056 299337 832706 642294 642973 642099 299459 599004 140656
642733 599849 599215 598462 938857 643505 598837 641967 1118192 938902 642974 176320 599525 301309 140656 598632
299828 599849 1118350 597938 300121 299549 184139 598660
598947 599866 1118559 299397 183149 1118657 1118271 544973 598660 1118350
643399 642508 1118314 1118252 183560 1196191 643481 599423 598140 375453
176320 643056 599044 598462 598837 641967 1118192 938902 642974 599525 301309 643505
642124 1118559 832301 1118657 183302 1118314 1118350 1118271
642120 598498 545529 299775 299336 598069 545424 300565 300037 642840 642847 599624 300277 177853
642123 1118567 642488 599982 1118735 776156 599627 1058581 643689
832706 1118230 832654 598837 1128009 641967 299459 642294 599004
643931 599627 1118230 643056 598498 641946 598837 183368 300275 544811 832669 177853
643934 770707 642659 183339 642019 300543 1118499 1196191 642837 643366 301577 832481 599260 599699 300544
938857 642818 304105 545379 545100 643505 598414 300526
301171 598261 599849 1118678 643615 599580 1064773 643207 599627 642694 598787 300526 301172 1118192
301172 599849 599215 642429 599866 598069 598462 300121 599624 598787 598223
1118271 545262 641872 182943 599847 641877 182945 299395 300549 300543 641967 184150 182819 832721 598660 642429 183790 598837 183479 301577 599783 599216 599215 300360 183076 184064 598789 832654 642694 544897 183273 544958 641851 642447 642445 597935 641835 545267 597933 545180 545384 643597 545432 304100 545536 1064681 183567 182979 183623 598398 182910 832272 599426 545079 140587 832481 832930 599866 642166 599099 643366 643505 643140 598261 599699 183645 642837 176454 642654 545159 599999
1118252 182943 184150 598140 833140 599090 183560 643438 545533 621422 621421 544905 545493 545492 183113 182910 621650 1078946 599699 642019 832301 545255 643481 642790 544794 598908 544834 642508 545154 644056 598909 183484 599899
641785 545529 299775 299336 176308 545424 300565 598939 300037 642840 642847 599624 300277 177853
300484 643832 599783 598398 599721 599216 643751 1118671 299337 299745 599617 300974 599627 642977 1118191 643689 1118344 776156
183302 183498 833140 832654 643366 1118137 183391 183783 832930 1118350
140656 1118230 599044 598462 598837 641945 642294 1128009 642974 599525 599004
771510 183623 642725 599044 642500 832359 641945 642108 643593 545493 832541 643834 832669
300565 177853 598498 299775 176308 545424 598939 300037 642847
597942 184064 643054 597938 598456 299549 598660 183148 182980 299348
304097 598069 177857 26454 950636 544908 544849 599693 301165 140792 950184 545469 599403 599402 1118705 545529 176438 598684 544813 643999
545483 1058395 949785 1118319 1118520 621421 950683 644056 599136 545467
184064 643054 1196193 183005 299589 183149 183391 182980 183076
641924 1118631 972072 1118522 544829 599699 545386 950683 486 544899
1118157 641872 183774 304103 545477 545166 641882 544794 544829 621421 544903 544904 544905 545492 644056 675785 598298 599699 642019 545255 599938 544896 544897 545465 642660 544834 643630 545078 599899 545136 183049 598909 598908 832669
182872 183552 183459 183484 641929 183936 184150 643613 642963 184139 598808 160519 183645 599407 599587 776166
641929 833140 183459 770707 184025 183645 642963 598808 183149 599587
1118159 642108 545180 183774 598456 598587 545477 621422 643438 643844 598956 545492 644056 598298 599699 184027 545255 545503 545372 643630 545528 598461 544973 544972 832669
183790 1118678 1118559 183149 599664 770707 1118657 598226 1118641 1118192 599914 184139 1118350 776166
1127444 643849 832654 599215 1064773 597938 522927 599158 599580
545359 545310 545314 1118522 598069 1118705 950636 545503 675796 484695 545477 642839
599525 597938 304103 598414 521263 598498 598837 641967 642099 1118192 304105 643660 521200 641946 176282 545379 938902 300277 643834 598462 598787 544811
545352 545261 1118314 949785 545102 545100 304103 598140 545533 300804 643221 641944 486 951070 544834 544811 643056 545171 599611 545017
599580 599849 1118169 599740 598261 521263 599664 300121 642099 521200 1118641 599914 598666 2499 599999 598655 832930
304171 545310 1058395 545314 621652 598069 1196193 598456 544962 545477 642839
643985 1118678 26454 1118735 598956 599627 832481 832669
643630 1118314 545479 598140 545389 599647 1058395 1118735 598956 545492 544962 644056 621652 776156 643086 598298 759 1196193 544896 71 545372 598402 545528 770707 832669 375453
183273 183648 183498 643221 1137947 1118314 486 1118350 832930
544959 971661 545310 545314 971660 1118522 621652 598069 1118705 546062 623204 545503 544962 950636 484695 545477 544836 642839
544958 1118314 1118678 545536 892868 545006 1118192 545492 832654 759 1196193 121 125 1118520 770707
545424 545312 1118705 545529 299336 598069 598939 642840 599624 486 299787 177853 544849
183148 643054 183391 598226 183146 182980 183149 617851 183076
544795 971660 546062 623204 545479 641851 675796 950747 643220
544794 1118450 643093 949785 1118319 950683 1118631 183560 643438 545384 1118499 183339 621421 544903 545492 642660 183621 183872 642011 599699 642019 642837 176454 642508 1118521 598271 598461 183552
544797 599238 599304 1118559 621926 770707 642166 545507 641851 544801 486 641858
544796 1118631 1058395 1118522 1118520 545006 950683 486 675785
641851 597935 642659 641858 300544 1118520 545006 300543 950747 26454
544813 545261 176308 598069 545310 598456 545479 600011 304062 299354 643917 545280 599647 301443 598939 544847 544849 545312 599693 301165 643220 140792 1118705 299897 643354 545469 642539 545370 599402 545372 176169 599383 544836 545529 545409 176438 643190 642840 486 599403 643999 598684
544811 597933 545261 598223 304100 643917 598261 544924 545496 599035 183872 300804 641944 176282 301009 176169 545171 545158 545159 545157 545379
641858 770707 300544 545006 300543 545507 675767 1118191 544801 486 642166
183459 832654 770707 1196191 643613 598808 599407 599587 776166
299336 950880 598069 597938 299775 599624 299354 177857 643999 598939 598956 950636 544908 183076 1196193 599403 26426 299787 599383 545529 770707 300037 486 832481
299337 1118678 598398 599216 643751 545171 300974 642482 545432 299869 599783 299852
1064773 643615 599215 643207 642099 521200 598655 2500
643597 776156 643176 597923 121 617986 599627 599825 642447 643689 642445 544972
545102 300804 598398 545267 545171 641946 770707 545017 545100 642549 545159 176454 643221 643660 1118290
1118657 599866 599624 641877 832721 299549 598300 598223 304100 599238 598261 300049 1064681 643844 641889 522927 641967 642099 642985 643001 183391 643140 597923 832272 599099 182819 832654 184027 832301 641944 183645 301009 176280 642447 641800 598660 544973 176169 544972 545154 599426 545157 643615 599999 642790 643505 598789 545159 832872 598655 599740 642445 599938 832930
545100 545267 642549 304103 598398 598414 544907 643660 971660 643221 641946 545171 545159 770707 545017 598788
643593 643086 1058395 642108 621652 642500 598956 183498 1118192 300836 598587 832669
177857 598069 642539 643190 642840 599403 598684 300277 545370 300526 544849 643999
301590 641944 299397 641877 521724 1137947 521200 598414
177853 598069 300037 176308 598939 299775 642840 642847 304062 299787 300277
599238 545160 599866 832654 1118559 641800 544897 486
1118559 599866 642166 599740 598223 598261 544829 643366 300121 544801 182979 832272 832654 832301 300525 599426 301309 598660 545154 176305 643615 545159 832930
1118499 300549 545536 300544 642654 300543 642837 301577 832481 598908
544924 545261 545267 544847 599035 1137947 598223 545160
183113 182819 183936 184150 642019 183406 1118192 1118314
182979 183648 183936 642166 1118641 1196193 598808 160519 642429 182910
617851 971661 183936 770707 184025 1196193 183149 183076
183621 183552 183872 833140 1118522 832654 183774 1118521
183623 1118678 599664 1118641 1118192 183005 160519 184139 642429
643207 599849 1118678 521263 598462 599215 599999 642099 938902 599627
621652 545180 545310 598456 545479 642841 545477 545389 599647 545160 621422 544907 544962 776156 545503 545502 598701 545370 545372 484695 545409 599048 770707 546062 623204 832481 832669
299897 1118678 599721 598632 598655 544849 832669
675785 1118314 545431 545467 599090 544903 544904 545492 599136 598298 599699 545502 644056 599260 545528 545078 599899 545076
176282 971661 971660 545158 598462 545157 641946 544847 545261 1137947 598788 304100 2246 300526 938902
176280 770707 641944 299459 304105 183149
951070 545082 545533 599090 545384 183482 545492 644056 642660 544965 643140 300804 642011 1078946 545255 599938 545467 544834 545154 183339
599304 971660 599783 299745 1118671 770707 599849 642166 545507 598654 544801 486 1118344 776156 1118350 299852
545079 971661 597935 1118319 642659 623204 545477 486 950747 759 545502
545078 1118631 599090 598298 599699 545136 545386 621421 544903 950683 1118319 599136 644056 375453
545077 1118631 972072 599899 599699 545076 544904 545477 544905
545076 971661 599699 770707 623204 545502 544962 644056 546062 950683
183864 643615 1118671 1118191 599617 183416 521200 599783
598909 545166 1118314 1058395 1118319 1118520 770707 642837 598908 494437
598908 1118314 1118319 26454 642019 1196191 1196193 642837 599423 770707 494437
643566 26455 950636 26454 598498 598956 300037 1118678 1118192 26426 598587 1118735
832930 299549 599740 599783 1118350 833140 300121 642963 599877 832654 125 599426 160519 770707 140587 1118314 643751 599587
1118230 299395 599004 643056 641877 832721 299348 300275 301309 642294 832654 299489
598223 832272 545159 597938 1118169 1118641 1118350
642166 182910 599999 832301 545507 544801 1118641 599866 598808 544803
599740 300049 832272 832654 599215 597938 2497 641877 1118169 1118641 521724
300525 1518749 26454 892868 770707 1196193 1118641 300360 544908 599914 300526 642877 832481
300526 598069 1118169 598414 598956 950636 598837 643660 300360 1196193 545379 1118641 971271 642877 1118705 598462 598684 643505 832481
598587 1118567 643086 641882 642108 892868 643844 1058581 300836 599627 599629 1118678 1118735 832669 642977
598261 597933 950880 599999 832721 598655 304105 521724 1118678 300049 641889 300121 521200 642985 176274 299489 545493 599877 641800 301009 642694 299348 599426 300275 522378 643615 521263 598462 599711 938902
599982 1118567 776156 1118735 598498 770707 1118678 1118192 598701 832541 598027 832669
26454 598934 642654 643999 643190 642837 832481 642877 642659
301443 545310 598069 950636 643999 26455 1118705 3389 623204 600011 545469 26426 642839
598544 545310 545314 598069 3389 545479 545503 71 544962 484695 642839
599158 599849 643176 176155 598655 598632 304105 521263 599215 643832 598574 642694 599383 1118705 643616 599627 1118735
598837 598462 832721 617819 642294 2500 641967 1118192 300360 643660 641945 598705 642694 642974 599839 301309 2499 643056 599044 643615 770707 545171 643505 599004
521200 832654 641889 597938 300121 642694 598655 832872 300049
1078946 1118450 1118522 759 599611 1118192 1118319 644056
642889 599849 643615 1118735 770707 599711 599627 599825 300275 599999 832669 2500
971661 597935 642108 304062 304100 545496 544907 544962 545503 545502 545230 544836 545170 599718 545157 598788 832669
971660 545170 597933 599718 545157 545158 545493 544907 544801 545503 544803 598788
545310 304062 299354 545477 545389 1058395 598939 950636 544962 545312 545314 545503 300277 1118705 176308 600011
300804 1118678 643221 545171 598462 770707 545533 642549 176454 949785 545017 1118314 642660
642011 176454 1118319 1118521 599699 643438 545492 545255 598461 121 599256 598271 1118463 599260
545314 1058395 950184 545479 545503 600011 304062
184027 599999 643844 184025 546062 598226 1118641 1518749 160519 183149
950184 545261 598069 545479 304062 300047 544809 544847 544962 599693 301165 544908 545469 545372 832481
545255 892868 1118319 182945 950683 1058395 599090 1118735 182943 1118463 599699 176454 1118520 770707 599998 375453
641800 1118620 832272 599999 641944 1118192 521724
545507 621926 642725 545159 1118191 183393 544801
301009 599877 597933 545171 300049 599999 299397 641944 598462 1118169 643615 125 1137947
545503 598069 545477 545389 598956 950636 544962 642839 1118705 1118522 546062 623204 484695
545502 545006 546062 623204 950683 1118522 486 950747
71 598490 545529 299775 183339 643438 599938 598456 641967 642841 642847 545481 544962 299787 599624 598780
599403 545312 545529 950636 599624 300037 599402 26426 544849
545465 949785 1118319 1118520 770707 644056 545467 544965
545467 949785 1118319 1118520 599136 644056 545481 598140 950683
599407 642500 832301 184139 182910
598402 643140 643221 643220 642725 832359 546062 643503 832541 599825 598027 544972 183149 832669
183339 599611 949785 182943 599699 545492 183482 545536 1118319 598140
299745 183146 642482 599216 183479 299869 617986 598654 1118191 832872 598398 643689 599783 545432
375453 643438 599699 642019 183049 599423 832481 544897 545431 599899 832359 598140
832669 642488 26455 950880 300549 545180 300836 598300 598632 486 599825 598027 643849 598490 642726 1058395 1118735 598956 950636 300360 544907 544908 598655 183467 776156 1518749 832272 641946 1196193 598574 1118641 1118678 598701 26426 1058581 1118263 1118567 1128366 642445 642977 300047 599048 598462 599998 598271 643660 301588 643503 598961 599627 643616 544972 598780
599849 599215 599999 599839 832721 598655 599825 599629 304105 643849 1118678 641882 599664 599036 522927 1118192 642099 2500 301165 832272 832654 521724 642694 599426 300275 642877 140523 643832 176305 643615 770707 643834 300121 598787 599627 617819 598632
182943 1118450 1118631 949785 1118463 599699 182945 1118319 1118522
599847 1118678 17459 598808 598705 545432 675767 599839 599825 1118735 776166
182945 892868 183495 121 1118319 486 1118463 1118522
1118169 597938 304105 544809 176274 832272 832654 832301 599426 2499 176305 545158 643505
598655 1118735 950880 599627 643917 304105 1118678 176155 1118192 642099 776156 642694 598666 643832 599048 599999 642447 643616 598632
598654 599783 642482 1118671 183495 300974 299869 183146 545432 832872 1118344 643751
3389 544849 544847 600011 176438 300047 643917 176169
643093 642019 545384 545386 643481 121 1196191
545389 545409 598939 642841 545370 1118705 484695 832481
598490 1118567 183467 544972 140523 643844 599627 544973 642445 1118263
1058395 545180 183774 545479 642841 304103 545477 544905 545166 599721 544903 544907 545492 544962 644056 642985 643086 598298 599699 642837 599136 545372 544973 545528 599048 546062 545481 832481
183484 642508 182819 183560 770707 183049 183495 183406 300830
617819 643615 299397 2497 641945 599036 642973 521724 643937
598498 176308 642840 599627 125
545384 1118319 544829 545180 599699 545386 599256 544897 184139 599260 642429
183482 183552 643139 833140 949785 1118319 599611 183560 598140 545536
545386 545082 1118319 599611 545017 1118631
641872 641835 599664 770707 1118678 1118192 1118290 1118641 832541 26426 641882
544847 545261 597933 643354 643917 599035 544907 544849 643220 545379 176169 1118705 545157 545158 598789 176438
641967 776166 300049 599664 642099 1118641 599914 301309 643056
1118192 643176 643354 832359 832721 598632 832541 300836 599629 641882 522927 1064681 599664 642099 643001 643140 643086 643221 599215 832272 599721 598027 599839 184139 599383 643832 643834 176305 522610 643616 599048 598462 183495 599216 598787 599627 183149 598961
1118191 642482 641835 545432 599783 599216 299852 598398 833140 299869 183146 183007 832872
544962 545479 304062 545477 544908 484695 642839 544836 545529 545170 545409 770707 623204 1118522 832481
2246 643999 643220 599718 643190 643354 545479 544907 544803 545230 176169
544849 598069 643354 545370 642841 299354 299787 545280 599647 642539 950636 301165 140792 1118705 545469 599402 545372 300277 599383 544836 545529 643190
643660 545261 832721 304103 300830 183567 300360 643221 121 642818 545171 642654 598462 545017 643505
544965 544834 949785 1118319 770707 598461 544903 599136 486 644056
183467 1118567 299397 599627
643086 641882 643844 600011 1118678 300836 486 599629
1518749 183648 832272 832654 184025 300360
598297 642500 642725 770707 599048 643438 1196191 598226 643503 598271 832541 599825 832359 642963
598298 1118520 1118319 950683 643438 544904 544905 545492 644056 1118463 599699 599260 545528 1118631 1118521 770707 598271
2500 598934 599711 597938 522610 643832
599938 643140 949785 1118735 770707 621421 1058581 644056 544972 643001
642837 545166 545536 300543 759 642654 642659 770707 832481 300544
121 183560 599627 1064681 183567 183406 642660 832272 832654 544896 544899 545171 545159 599998 643505 832481
125 643849 597923 545159 832654 832359 300121 183498 522610 2499 832481 140587 833140
599839 1118678 642429 599664 599999 832721 643615 599914
299459 642294 597938 641945 1128009 299348 642974 299489
300974 598398 599216 642482 599617 299869 617986 643689 599783 643751 545432
642839 26455 176308 770707 26426 950636 600011 642841 304062 598939 299354 300277 599624 832481
1118567 642726 599721 300549 140523 643176 642977 598027 598666 597923
1128366 642488 643176 544972 599721 140523 301588 642445 598780
642429 182910 832272 182819 642500 770707 183498 300360 544899
176438 1118705 598069 599627 486 643917
545171 1118314 597933 598462 832721 299549 545017 183495 304103 304100 598414 643221 545261 832654 641944 176169 643056 642818 598398 545157 770707 642549 183391 598789 598788 642445 545379
545136 643139 545536 1118520 1118450 544897
642549 643221 642654 770707 545017 643505 304103
546062 892868 544907 544803 1196193 545170 599718 770707 623204 484695
522610 2499 522378 643615 521724
183146 599783 642482 1118671 183479 599617 183495 299869 598398 183149 1118344 1118350
183416 544809 599426 1118350
598789 545267 598462 1118137 486 1118350
598788 643221 545158 770707 545267 545379 1137947 545157 598414 545496 599877
598787 599215 642482 642099 299869
484695 1118705 545370 545409 1118522 598956 623204 675796 950636
183149 1521328 598226 184139 300830 1118678 183567 299589 184025 1196193 160519 770707 642790 183495 183391 183007 182980
599587 184150 832359 642963 675767 598140 599099 643221 183936 1196191 642508 545159 770707 643613 643503 598808
598780 643176 1118319 176155 770707 621421 301588 598666 1118263
598226 643140 545159 1064681 643844 184025 1118678 598660 176169
599627 643176 598462 832541 300836 599629 598027 299397 642488 544907 598632 140523 301588 598666 1118678 599383 643832 642977 643616 599048 770707 1118735 617986 642447 832481 544972 598961
599624 598456 642840 642847 598956 950636 544908 832272 299787 300277 642877 1118705 299775
599629 597923 300549 759 1118735 599999 643832 598956 300836 1118678
599783 642482 183479 641835 545432 1118350 599216 642099 299852 299348 599617 299869 617986 832872 643751 1118671
643849 1118620 598462 938902 971271 598632 486 1137947 304103 643505
642726 1118735 599721 176155 1196193 642977 598701 598808 832481 643613
642725 598808 770707 1196191 832359 176305 832541 599825
545477 950683 304062 972072 644056 599699 486 1118631 1118522 1118520 770707
643844 950880 184025 1118735 544973 642985 643001
299395 1118705 832654 641877 598956 832481 1118350 300049
522927 2499 521263 832654 599999 641877 642099 521724 643937
599914 1118678 643834 832654 597938 1196193 1118641
140587 299397 832301
299589 183783 184025 183391 301577 183005 1521328 599999 300830 183076
183936 183406 183391 832301 642790 160519 182788 545159 183049 643613 183005 183007
299852 641835 598398 599216 183479 770707 599617 545432 643751
301165 26455 300047 642539 598462 643917
597923 776156 621926 892868 1196193 642447 544972 598961
1118463 176454 544829 544903 599256 545492 599260 598461
832654 545267 599866 641877 304105 599099 1118678 545160 892868 599664 642099 598934 183368 183872 643221 832272 832301 545493 971271 598660 176169 833140 2499 160519 176305 545157 545159 599999 642963 599711 545158 1118137 1137947 1118314 183393 184139 521724 1118350
832301 1118350 176155 183406 486 544899 545160
544896 621650 621926 1118520 642019 621422 1118450 184139 1118314 544899 598140
938902 597933 597938 300275 304103 598414 183567 304105 183368 599877 641944 642694 301309 176169 643056 642818 642654 643616 598462 183391
300275 643615 598069 599711
299787 545280 299775 643354 950636 642840 642847 300277 599383
300277 598069 642840 642847 299354 300047 598939 545312 599693 176308
1118263 642488 544972 599721 176155 643176 598956 598300 301588 642445 598961
140523 643615 299397 521724
494437 599699 598461 545431 644056
599718 544803 950880 598069 623204 545158 544907 544801 545230 1137947
300549 597935 1118705 770707 300543 598701 598027 950747
599711 599877 643615 599999 642099 299489
544897 545262 1118450 545180 184139 1118314 598140 776166 621926 544829 598956 599136 759 642019 1196193 544899 599998
545262 544829 545180 759 1196193 621926 598140
545261 545267 597933 643354 643917 544809 950636 545496 544907 545379 176169 545159 545157
545267 597933 304100 1118350 776166 599099 183783 545160 545496 176169 599035 641944 545158 545159 545157 770707
184150 642508 833140 182819 183560 1196191 599090 183406 1118314
598456 1118705 545529 643054 950636 623204 299775 545469 544908
545432 642482 599999 1118350 1118678 599216 950880 643689 598398 183479 770707 599617 643751
545431 770707 621422 621421 545166 950683 598140
304062 598069 642840 950636 544907 545312 545469 1118705 770707 623204 832481
300836 1118735 770707 1118678 599825
304103 1118620 641946 304105 545379 486 598414 1118314 599877
304100 599099 545159 545157 770707 623204 1118137 545158 1118350 545496 776166
300830 1196193 183872 183567 184025 182788 301577 183005 544973 183391
304105 597933 641944
544899 545154
545536 643139 597935 599866 599999
643999 1118705 892868 598069 598956 950636 642840 759 299354
1064681 770707 832359 1118641 300360 599825
183567 1118678 183391 183393 643505
183406 1521328 183560 182788 183049 183391 833140
544809 597933 643917 599035 183368 643616 598462
183368 832272 598462 1118137 971271 486 1118620 1137947
544801 597933 545160 544907 544803 643220 486 545154 545157 1118520 770707
544803 545154 545170 597933 545157 545158 544907 545230
598069 642539 597938 598939 299775 545479 950636 545493 544907 1118705 299354 545312 599693 643220 832272 140792 545370 26426 545469 176169 599383 544836 545529 176308 300037 600011 832481 598684
598398 642482 183479 675767 599216 950880 642099 643689 598808 641835 770707 183495 299869 617986 832872 599617 643751
182910 643140 1521328
832272 597933 597938 1118350 1118678 599664 643366 642099 176274 1118641 770707 832481
642973 131789 522378 642294 1128009 599004
1118137 598934 597933 545157 545160 183393
301588 598956 176155 598574 642977 642445
642974 599004 17459 642294 598705 832721 641945 599044
971271 176454 642818 176169
642877 184025 1196193 950636 599825 1118641 300360 544908 300047 832481
176169 597933 1118350 545496 598684 1137947
599383 545280 643354 641889 950636 642447
642508 643139 1118314 1196191 643481 642790 598808 598140
643056 599044 598462 641945 1128009 643505 643937
643054 1118521 892868 183774 299549 598660 182980
1118522 544903 544904 544905 544907 176454 545528 599899
1118521 544829 183774 544903 599256 545492 599260 598461
642500 643001 770707 832359 1196193 832541 598808
642963 770707 1196191 643613 1196193
617986 641835 599216 1118671 599617 643689 643751
522378 300049 642294 599036 300121 176274 299489 598705 2497
675796 1118705 545409 599647 598956 600011 545479 544907 544836
599256 1118678 892868 770707 544903 1118319 599260
643751 599216 599617
182980 770707 184025 1196193 183076
598632 176155 521263 642447 642694 643616
642488 1118735 598574 643176 1118678
643176 1118735 598300 598574 642447
642482 599216 1118671 599617 183495 299869 675767 643689 1118344
1521328 183648 182788 301577 183391
183049 183552 833140 182819 183560 770707 1196191 1118290 183007 1118314 598140
598300 544972 599664 17459 1196193 1118641 642445 1118735 598961
950683 599090 544903 544904 545492 644056 599699 599136 599260 176454 545528 599899 544905
299354 599693 544836 598939 1196193 544908 486 832481
545493 1118314 597933 1118319 545479 1118631 1058581 599099 486 1118705 770707
598934 643615 643366 486 1118350
599099 545154 545159 770707 641944 623204 1118350 776166
545166 1118520 1118319 599699 621926
621926 1118314 621650 1118520 1196191 832481 599423
545160 597933 599035
1118631 599090 544904 544905 545492 599260 176454 545528 599899
599090 1118319 770707 599998 1118520 599699
1118735 183774 599048 832541 598027 599664 598956 545492 642985 598666 598574 599721 643503 642447 544972 598961
545006 642659 300543 832481 300544
598939 642840 950636 545312 545529 770707 300037 832481
300121 642099 521724 599426
1058581 545481 599136
599215 1118678 521263 642694 642099
599048 1118678 950880 892868 598956 642447
1196191 643139 832359 599998 184139 832541 598027 598140 599216 183560 643438 642660 643221 642019 599423 598701 598271 643613 643505 598808
1196193 642108 832359 832541 599825 598027 300049 599423 598701 544972 598271 643613 643503 642447 832481 642445 598961
598574 599721 1118678 176155 770707 832359 832541 599825 642445
643832 643615 598666
643834 17459 599664 1118641 599825
642654 643139 598462 486
642659 643139 597935 1118520 486 950747
599611 544834 545082 1118319 1118520 621422 621421 644056 642660
599999 599866 641877 1118678 643140 183872 599877 184025 599426 832721 176305 643615 183007 300049
599998 599699 1118314 545180 776166
598271 770707 643613 643438 642977
598808 183479 832359 184139 675767 776166 643366 643001 182819 183645 770707
599004 597938 642294 131789 642099 301309 641945 299348
1118450 176454 833140 544903 545492
949785 545082 545533 544905 599136 642660 176454 544834 545017 598461 600011 545481
641877 299397 1118350 300049
832359 832541 599825 776156 643221 598701 770707
832721 598462 1118678 1128009 643505 770707
621650 1118520 545409 545180 621422 599423 1118314 832481 598140 1118290
299775 642840 642847
545479 599647 950636 544907 544836 545312 545469 545370 1118705 545409 1118520 300037
641835 183479 599617 599216 1128009 675767 643689 641882
1118290 176454 182819 641946 643481 545159 832481
675767 833140 183479 599216 599423 599260
1118350 299549 183393 641889 599036 598660 183498 545154 545157 545159 183495 643615 300049
598666
598414 598462 643221 770707 300049 641946 643505
641882 643615 17459 832541 1118678
599721 1118678 832541 176155 642977 598701 598956 486
300544 770707 300543 950747 832481
300543 643139 770707 486 832481 950747
641889 545280 1118678 599877 521263 950880 770707 643354 544973 642985
621422 1118314 642019 770707 621421 599699
621421 1118314 598140 545492 599136 644056 183552 1118520 770707 598461 545481
642099 17459 643937 1118678 599044 299348
832872 950880 183479 599216 1118671 776156 599877 486 1118344 770707
183005 301577 183007 160519
643366 1118641 183393 183391
183552 643139 770707 1118314 545154
545180 770707 598956 599136 1118520 776166
140792 599693 544836 950636 642847 599402
182819 183495
643354 545280 950880
643481 1118314 832481 598140
598705 17459 299397 642294 599036 643937 641945
598701 770707 832541 598027 598961 642977
301309 598462 1128009 599044 643505 299489
599260 544829 544903 644056 183872 599699 176454
598660 770707 299549 776166
545230 597933 545158 623204 544907
2499 597938 641944 599035 2497
183498 770707 833140
545409 599647 642841 545469 545370 599402 545372
598462 643917 1118678 599216 892868 545379 176274 642818 643615
183495 183479 1118678 1118671 770707 599617
598461 643438 1118319
600011 26455 950636 1118705 545469 26426 544836 623204
183391 950880 184025 486 182788 183783 183393
183393 183783 833140
544973 599877 184025 642447 642445 642985
544972 892868 1118641 598961 642447
950747 597935
643139 643221 599699 770707 301577 1118314 598140 176454
545312 545529 176308 950636 642847 599402
176308 950636 1118705
950880 183076 184025 642985
545481 1118319 1118520 599136 644056
183479 599216 770707 599617 183007
183774 642019 545492 599825
642840 642841 642847 950636 1118705 545529 300037 832481
183872 1118678 599866 184025 599035 833140 299489
2497 131789 299397 642294 643937
832541 599825 1118678 892868 643001 776156 770707
599825 176155 642108 599664 642977 176305 643001 770707
598027 776156 1118678 770707 598961
545280 1118705 642447
1118678 599664 599866 544829 299397 598956 545492 643001 643221 643503 832481
183783 1118620 1137947
599216 643689 770707 299869 599617
1118671 299869 643689
176155
643438 776156 544903 545492 1118314
950636 300047 598956 599693 642539 545469 545370 599402 544836 545529 643190 300037 598684 832481
545496 597933 545157 623204 544907
1128009 642294 299348 299489
300360 770707 1118641
545492 545082 1118319 544903 644056 599699 642019 642660 545528 176454 770707
644056 1118314 1118319 544903 544904 544905 599699 545528 544834 599899 770707 1118520
776166 183648 599699 183645 642790 545159
643001
183076 486
643221 1118314 545379 642818 770707 643505
643220 1118705
642019 1118314 598140 599699
599664 597938 1118641
642694 521263
184025 642985
26426 642539 300047 598684 300037 599402 832481
1118705 643917 300047 642539 599693 545469 545370 544836 643190 300037
131789 642294 599036
160519 183645 184139 833140
176305 599866 1118641 599426
599044 17459
599899 972072 544905 599699 486 1118520
972072 544903 544904 544905
299869 599617 643689 1118344
598684 642539 643190 544908 832481
643503 892868 643613
643505 642818 545379
642447 643689 770707 598961
642445 770707
598961 770707 1118641
545469 642539 544908 599693 545370 545372 544836 643190
597935 623204 759
183560 833140 770707 1118314 598140
1118314 598140 833140 545533 544905 599699 599423 599136 642660 544834 176454 832481
597933 599877 545170 545158 770707
642108 759 770707 1118641
1118319 545082 544829 599699 176454 599136 544834 545017
597938 521724 521263 641944 1118641 599426 643615 299348
545533 642660
599402 599647 544836 642841 545372
642294 599036 641945 299348
643917 598956 544907 599693 641944 832481
599647 642841 545370 545372
1118344
833140 183645 770707 182788 486
892868 299549 544907 832481
599036 521724 17459 299348
599035 770707 1137947
599136 1118520 599699
642660 544834 545082
176274 1118641 521724 643937
299489 643615
776156
759
641946 642818 545379
641944 300049 545158 545159 770707
641945 17459 300047
545379 545157 545158
599423 770707 832481 598140
598956 300047 26455 1118641 642977
599426 599866 1118641
545370 599693 545372
545154 486 545159
545372
545170 545158 545157 623204 1137947 544908
642985 1118520
544834 545082 598140
544836 545529
545529 642847 599693
545528 599699 1118520
182788
643615 299348 770707 300049
643616 1118641
770707 301577 598140 599877 643613 832481 300047 300049 544903 544907 643140 599699 183645 642790 184139 545158 545159
26455 300047 832481
643613
301577 599699
832481 642539 1118520 486 643190 300037 300047 642977
1118520 544903 544904 544905 599699 176454
521724 643937
545082
643937 17459
642847 300037
599866 300049
17459 643140
299549
184139
299397 300049
598140 599699
599877 1137947
643190
300047
623204 544907 544908 545157
599617 643689
300049
544903 599699 486
544904 599699 544905
544905 599699 486
544907 545157
544908 545157 642539
643689
544829
643140
599693
183648 183007
642539
599699
183645
642790
299348
486 176454 642818 545157
521263
176454
1118620 642818
642818
545157 545158 1137947
545158 1137947
545159
545017
300037
1118641
642841
1137947
183007
642977
