642387 1118706 598462 544809 545379 642099 643505 938857 304103 643931 641981 832669 544769
642386 641835 17459 183479 675767 599783 599216 182795 183985 642294 598837 642099 1118191 642984 643660 598398 642988 598986 643056 545171 642913 598462 832872
1118219 183710 598280 183715 642382 182943 599847 182945 544769 598564 183484 183482 183406 641967 183403 643387 643385 183917 183709 182819 545492 183856 599938 300252 183984 598660 183552 643710 183498 183495 833071 598947 183146 183391 598789 183393 832872 544973 183149 183148 599279 642124 184176 183479 184078 301577 598223 183827 183783 183302 183985 643844 183986 183387 183386 544780 183384 183389 643001 183936 183416 599950 184064 643221 182872 641929 832654 183286 832301 183790 544897 544899 299872 642672 183273 598605 183049 642820 544797 643503 641996 182969 644024 545262 618371 183459 184150 183619 183618 300830 833140 299870 183562 183560 183567 183564 183368 642988 183113 182979 183366 617851 183621 183623 643209 176280 599426 299828 182788 642963 182988 183515 182980 832930 641810 599866 299745 183434 299549 184139 300523 598261 183137 832272 599090 182795 643971 182792 643140 183648 183872 184027 184025 183645 642790 599407 545160 183088 301081 545154 545159 183339 599999 183005 183007 598808 183535 183536
643310 598261 938902 544772 642733 643615 642913 598462 176333 641967 183391 598986 599525 304105 544811 545352 491 2500
642382 183277 183275 182819 770707 643201 1118248 1118319 644056 951070 183495 492
643438 776156 951783 642011 1118614 598297 641996 598298 1118159 375453 1196191 598271 545243 544794 544903 599257 71 545492 1118314 1118252 598461
598986 642733 301383 643751 140656 642913 1118187 599216 1128009 617986 599783 598654 643689 1118344 1118230
1118210 642654 641872 183986 545166 642355 300544 545006 300543 183564 303893 641948 545198 643266 304036 545139 642939 598095 544958 545137 544796 641851 643253 641858
544769 748318 597933 598069 599849 1118657 598655 598438 301171 139 643917 1118271 598261 544827 598077 643827 1118350 599215 642294 2154 599035 642099 2177 176280 641981 642017 832272 832654 599004 545206 99 642973 598705 599036 1118668 131789 643615 1127444 2497 160032 644022 599627 599140 2500
598564 618371 598102 184139 833140 299870 832301 643387 643385 642451 545198 1196191 183645 375954 599407 1118668 299828 642500 770707 300295 598808 599587
643190 1118705 177857 26454 304074 598723 950636 598684 545469 26427 544813 2246 605422 544849 832481
598367 140523 832857 1118159 642274 300232 176155 949714 599938 1128366 832917 301588 1196193 832669 598780
845759 183715 183434 183137 299872 299870 183302 183567 183387 183403 183389 183366 183872 182819 832301 300252 833140 183498 183273 833071 183147 183146 183391 183393 183515 183148
176235 597933 160032 300049 892868 598790 545117 299549 1118137 597942 599140 598660 493
599601 1118707 642327 642017 1073689 598497 642471 598498 642139 1025151 642469 832917 599627 643677 1118198
599600 301017 599849 301132 300442 300440 301171 301172 545346 545347 598899 769973 300160 300046 300162 599454 300328 643687 643686 642764 832450 545344 598628 833031 642731 598606 304086 832917 1065361 544874 643440 598787 740420 643698 140949 545348
521220 643097 643157 598655 598791 643937 301172 643849 598261 301251 300121 140656 544809 599158 303951 303953 642556 643207 299897 642694 299576 599525 643832 642733 599580 832930 598632
598957 890415 776156 598490 597923 832272 642108 832669 1118327 1118735 1196193 949714 832857 643593 599048 1118641 300836 1118159 599938 642877 621652 598961
599377 1118668 545154 833071 545159 598226 303901 832301 642820 642790 544780 598808 1118657 776166
545496 971661 544811 545261 545267 597933 545157 642820 544907 2154 623204 950764 598788 304100 145034 176169
177896 599849 300047 597992 599721 641818 643615 599637 599631 300525 300526 642877 599629 300075
643387 184139 1118252 1118350 833140 299870 643971 183406 183403 643385 641929 832301 643201 121 544899 599407 183277 183275 182788 770707 183536
598814 599987 1118705 598069 140792 177857 299336 176308 300565 950636 545479 300277 599624 544813 2261 599402 177853
304014 643093 642781 950683 599825 492 598104 1118631 972072 598858 183984 950226 544903 544904 544905 644056 1118157 598298 599699 642019 1118248 121 486 1118545 1118522 1118520 770707 544790 641996
183917 1118668 183648 183872 833140 1521329 1521328 183936 770707 183984 183406 183498 183384 183827 491
301065 1118169 642733 599044 598462 597938 642166 1118559 598837 641967 598438 1120083 599525 139 642984 1118350 1120035
301383 642482 832706 599774 1118657 598654 598438 599783 522478 545206 598261 299872 160032 1118671 299397 642459 1120083 643689 598398 642173 643923 925392 1120035 599617 299869 183147 1137947 599140 544811
1118449 642124 599310 643078 832272 643209 183985 832654 184027 643844 183495 183986 598947 642184 300360 183645 299374 183535 643001 544780
183856 643831 617851 642429 182811 832654 598605 599202 1118192 125 182988 183507 598660 182980 644024
642139 1118707 643211 891741 642473 642471 642123 599158 176569 299423 642017 642469 599240 643531 1118198 599150 832917 153 598497
300252 1118271 833140 522378 832654 1118559 183984 1118169 938902 139 832930 598660 299549 183386
643923 1118671 299745 599617 1118187 643579 642459 545432 675767 1118191 832872 1118344 493
925392 1065490 642238 183146 183864 183495 642482 183147 617986 642459 618300 617858 832872
642184 545262 642124 643093 1118316 1118319 545180 598226 1118350 491 1118271 776166 599310 1118631 599090 544829 545384 544780 545492 1118668 832654 642019 545255 642790 544897 951070 183552 545154 642429 545159 1118657 544794
1118288 183621 545261 545198 642939 598095 642355 545006 545137 183564 300295 643253 643266 304036 303893
598837 599020 643157 599454 832706 832721 643931 300526 642294 1118271 598462 182795 183985 183986 675802 641967 1118192 300360 643660 2500 599950 140656 643078 140814 641945 598705 642694 642974 599839 599525 301309 2499 643056 642733 643615 599044 770707 545171 643505 644022 176320 300333 599004 617819
1073689 299358 598497 642471 642123 642469 300319 522371 643931 522927 598653 599014 643937 642099 300333 300075 599580 642289
833031 769973 153 643161 598606 599454 1118320 1118568 832450 545348 71 545344 545346 768088 643686
599733 545061 545057 545056 949785 1118319 598121 299423 643844 643266 949714 621421 950226 71 1058581 644056 1118521
938925 300804 300803 642818 643157 598462 301273 304108 832721 545379 176293 642694 183387 643505 643056 300526 304105 598414
1118169 643095 643157 599435 597938 304108 599740 598223 300526 304105 643579 642355 544809 675802 2177 176550 642984 183386 301282 832327 832272 832670 832654 832301 643523 301009 599426 599580 2499 176274 176305 545158 643505 599140 183535
1118620 643849 300803 642818 545099 598095 599774 641800 642820 176293 183387 303951 643678 304103 183783 545206 183368
642633 26455 1118314 643934 599825 491 1118271 301255 545920 1118678 621926 642726 1058395 26454 892868 1118499 599880 303998 623021 303893 642499 643985 621652 1196193 643481 599423 26427 26426 545507 494437 1118520 770707 643399 832481 375453 1118290
544797 599238 599304 1118559 621926 770707 642166 545507 641851 544780 303893 544801 486 641858 492
599279 183552 183621 641996 833140 182943 832654 643971 183434 183495 544794 1118271 1118522 486 183515 545154 492
598102 643385 1118314 598104 544958 770707 832301 643201 1196191 184139 544897 545431 486 544899 545154 492
598104 1118314 643093 642000 642781 599257 1118252 598140 1118614 599090 544905 642660 641948 1078946 599699 832301 545255 1196191 544753 1118248 494437 770707 641996
184176 598280 183621 1118337 183774 644024 492 183387 597942 183507 617851 183076 182811 299589 184025 183389 643831 643054 1118521 183148 183391 182988 182969 182980
192 183277 642482 642115 183709 833071 183715 183434 183495 299868 299869 832917 183146 183393 832872 299489 299872
184078 641835 1521329 1521328 182795 183619 182792 183618 1118657 183391 299589 183827 183149 183936
301281 301081 183137 1118559 832654 1118657 144670 642963 183386 1518749 183366 1118350 1118271 832930
183827 183710 618371 183715 183403 642963 300830 776166 183137 833140 183406 183384 183113 182979 1118668 183648 183872 182872 182819 176511 832301 183088 183498 183273 182788 183049 183005 598808 299499 599587 183536
545206 545267 597933 643354 984188 304108 493 950224 544827 545043 598241 642820 522371 544809 544924 599035 303951 545493 643523 759 303889 176282 145034 545160 3390 599204 1137947 598788 599140 544811 304076
545418 643985 1118705 597931 984268 1058395 544952 545147 545160 545405 545479 545359 3389 544795 303972 600011 598956 544907 544917 599647 544836 545409
748318 183467 131789 598077 522378 643615 617819 2497 599036 642973 183416 599035 599740 303951 599582 644022 641981
183985 522378 182795 770707 1118657 522371 599202 599036 493
183984 183552 184150 1521329 183560 545384 183049 300601 950226 544899 492
183986 950722 1118657 599256 598438 599202 1118350 491 1118271 776166 599310 183302 1518749 182979 642451 599851 643201 121 642790 599260 1118668 160519 1118521 770707 642963 643613 599587
545439 3390 303971 545043 545408 984268 328068 950184 545039 2259 545471 605422 2246 545391
300295 643139 1118271 770707 26454 545006 1118499 642837 544794 643934 599825 486 598910 492
183387 950880 144670 938857 1118350 599238 833140 183302 182792 643366 641967 1518749 183389 184025 1118137 938902 1118668 183391 183393 183148
183386 1118559 160032 832654 1118137 183391 1518749 139 183366 1118350 832930
544780 950722 299549 184139 139 1118350 1118271 599238 599310 642355 2154 598402 598934 1064740 545099 832654 832301 641944 1118137 971271 599525 176169 1118668 545159 1118559 598226 641856 1118657 641858
183384 1118668 183273 183562 183936 770707 642549 183113 160519 183536
1120083 183715 597933 597938 643937 301172 301590 599238 598261 183864 300049 299423 641889 299395 544809 300121 544902 597942 183366 641981 182811 183709 140814 641800 176280 299459 599036 140523 176274 176569 598947 140587 183416 599582
183389 950880 1521328 183619 299549 938857 1118350 833140 183302 643366 183507 183391 184064 832654 184025 1118137 938902 183783 1118668 643505 182988 183393 183148
2261 545370 599647 545147 598544 950224 950636 544907 544962 2246 544836 545312 951497 545314 621652 950184 304074 545469 599403 1118705 545409 598723 544795 675796 544917
623021 621926 1118157 621650 1118520 770707 544896 544897 644056 1118314 832481 598140 492 1118290
544788 597900 950224 599699 1118545 675805 1118631 972072 598298 1118520 544790 642781 544796 544905 1118522 641924 951070 644056 545477 675785 950683
641981 599849 675802 521724 598438 522478 301590 304105 1118678 617819 299397 522371 544902 176333 2500 643221 598077 301009 971271 544772 299578 1120035 2499 140523 545171 643615 599999 599712 2497 832917 544876 300336
599950 598605 1118668 598891 598438 1118559 182795 299397 642294 183467 598077 641945 598705 1128560 131789 522378 2497 300339 140587 644022 300333 644024 832930
599954 545312 545310 545314 598069 598544 950184 300037 545493 304062 544962 544813 544836
545117 545267 597933 598456 1118657 598893 494 493 2154 598790 599035 2246 303896 1064740 832654 598788 544809 145034 544803 176169 1137947 544876 303889 544878 605422 832930
299576 769973 1118576 599875 599999 521263 770707 599851 643931 598787 1065361 642556 301171 299952 544811 1118271 644094
299574 1118707 642325 1118678 643161 599231 598498 1118320 1025151 832917 1118192 545348 740420 641856 642017 599875 153
375954 183710 643139 641813 832359 184139 599825 833140 642725 183564 642660 642451 643221 621652 642019 598590 642508 300601 643613 643399 643253 641996 599587
299578 598069 643220 160032 176438 1118735 303953 643931 598915 599627 643036 599031 494 832669 299580
1118668 183710 598280 183715 599847 182945 675767 299449 299374 641967 183403 643385 182819 599839 599260 183498 545136 598947 183146 183391 183790 183149 643392 642124 303901 598226 598223 301273 522927 643001 183936 183416 182872 832654 832301 544896 300275 299872 183273 176305 300601 544794 641996 644024 618371 545261 183459 643917 599238 833140 299870 1064681 183567 183113 182979 183366 183623 182910 832272 618300 599426 643615 140587 182988 300354 299499 832930 641810 642246 599866 183434 642166 299549 598300 184139 599257 598438 300523 598934 183137 643209 544829 176511 644094 2500 643140 183648 183645 642790 599407 183088 301081 642445 545159 599999 599998 598808 599617 182795 183536
832857 642488 949785 1118319 598992 598991 599627 598632 491 777098 544823 1118735 621421 2019 492 1058581 1118198 642274 1118327 1196191 598574 949714 642977 1118263 1128366 545057 545056 833071 176569 770707 598780 598961 125
1118545 597900 545166 545431 545078 545511 598858 545492 544794 544796 544904 599257 545493 599899 544896 545477 544903 544905
984268 597935 643354 304062 545471 545389 300047 545147 303998 544847 599111 303951 544907 303893 303976 304076 545503 544754 545359 545039 545230 545043 544952 544836 545408 599718 544959 545391 598788 544917
598606 769973 300046 300162 599454 1118568 643687 643686 598787 740420 642764 643698 598899
599204 544809 832327 597933 642820 544847 545291 3389 984188 544924 599035 2154 2246 145034 176169 304105
642913 599216 183479 1118671 598462 1118187 300974 642459 938902 1118191 643751 599783 1064642 1118344
304074 545280 545920 1118735 643999 598069 950184 598939 301431 950636 545479 643593 545469 544813 544908 26426 832481 300332 299354 492
545291 984188 643095 545267 597933 544811 1120035 544809 301009 304108 1137947 643937 544878 183366 599140 176274 139 304105
599202 301273 182795 140814 300339 641967 303951 299459 176320 300333 832721 299374 140656 832706 299489
643827 643805 599849 1118678 131471 522610 17459 643832 300381 598498 642099 1118650 643937 598438 598787 1118192 301171
644022 2499 675802 183467 522610 642173 599454 2497 299397 642973 598705 599035 642099 2165 642294 522478 1120035
182969 1118271 183562 183619 182792 1196193 300830 301577 183391 183783 486 183005 183149 182980 617851 183076
643036 300043 140996 1118705 545283 643159 176438 300319 599627 644094 140442 832481 598915
300075 599987 642017 642123 1118706 832669 26426 301443 598069 891741 950636 642840 599637 599627 600011 26455 1118705 832481 643566 492
643211 643097 642488 643176 642123 1128366 599627 1118650 1118272 599158 598791 832823 140442 1118198 598915 642274 598574 599240 949714 598666 1118263 1118567 642469 832917 642447 1118707 598780
618371 183710 183459 599407 599998 121 1118657 599627 1118271 598808 643385 1118350 644024 1118290
183619 183709 183936 182792 183618 183391 617851 299589 183149 182980 183076
643354 545280 493 545261 950880 328427 641889 494 544847 1118192 2259 487 544813 2246 303896 544849 299787 599383
1118344 1065490 599304 299930 299872 300484 642482 599774 545026 183146 545025 598654 832872 299869
522478 597933 597938 598891 300354 301590 598261 598791 300049 300121 544902 599035 545493 303953 176274 303893 299489 832272 832654 641944 641800 176280 599426 300321 299828 300339 140587 183416 599582 599580
545061 1118157 545057 545056 1058395 949785 1118319 759 949714 621421 1058581 644056 544965
544897 641810 545262 1118316 545180 1118450 184139 1118314 598140 1118271 776166 599238 621926 544829 545384 598956 599136 544961 545198 1118157 1065336 759 642019 1118248 1196193 544899 300523 545136 599998 375453
299872 183864 642482 183479 598654 599783 1118350 1118671 183147 642459 1118191 642238 598398 599617 183495 299868 299869 598947 183146 183149 183148
642355 938477 642939 832654 1118559 1118137 1118657 183515 1118350
176666 3390 545471 545405 544813 176438 599664 950184 598956 494 1118641 176295 598438 487 599627 832481 2246 493
598858 643093 642781 950683 492 1058395 972072 545511 544903 544905 644056 675785 675805 1118157 599699 642019 1118248 544753 486 1118631 545077 599899 1118520 770707 544790 1118522 641996
522371 1118450 597933 599866 597938 643931 599914 598438 139 300354 304045 598261 598297 642820 643579 544924 599035 301590 545493 1118191 176550 300321 832272 1064740 832654 641944 544809 301009 176280 299348 300275 183366 545171 1118522 300319 770707 599774 140587 2154 599140 299489
599880 642654 545536 642659 300549 303976 300543 642837 643366 621421 301577 641851 832481 643934
1521329 183648 183567 183406 301577 183391 299589 183403 183536 183535 300830 182910
675802 642246 597938 598791 598891 598436 598438 139 1118271 1118559 522927 544902 599035 832654 641944 641800 599582 125 522610 599999 2497 599580
642459 599216 183864 642482 299337 300974 1118657 545432 300381 1118271 160032 1118671 521200 643689 642238 598398 642985 599774 299868 299869 642447 544973 544972 598654
675805 597900 545511 621652 599699 599899 545255 545243 544796 544904 492 545431 1118319 599256 598590 544903 950683
642988 642238 299930 183864 599216 299745 183479 1118499 617986 598808 598398 1118350 303893
598910 545166 545079 642659 1118520 300543 642837 641851 832481 950747 300544 492 643934
642984 1128560 643056 599044 642173 140656 598462 832706 1118559 1128009 1118230 299348 2165 301309
642451 642500 1118314 641872 599998 599825 642011 641882 642725 599664 545006 545198 642019 1196191 1196193 304036 643834 544958 545137 643503 643253 375453
598915 643159 643737 598069 642840 642841 599627 599629 301172 177853 140996 1118678 1058395 1118735 1118192 643593 304097 598574 599240 71 1118263 176438 176569 770707 832669 544813 832481
597900 544790 599699 1118631 1058395 972072 1118522 1118159 544796 950683 598298 486 492 1118520 545477 675785 303893
642274 643176 300232 1128366 599240 949714 832669 598780 777098 1118263
3390 301165 545160 140792 642820 303971 303976 304076 599035 599111 545039 545471
832670 971661 545920 892868 1118159 832272 1118559 1064681 770707 1118337 1196193 623204 1118657 1118641 1118192 1118678 617851 832669
642173 1128560 300339 17459 599044 522378 1128009 2497 642294 599036 599216 642973 131789 643937 599004
1118327 598350 545280 545432 642889 642733 832669 643999 643597 643176 598791 598956 303953 642447 544972 642672 599383
183275 183277 183498 183273 1118614 1118316 183562 1137947 486 1118314 951070 493
1118248 641810 545262 642781 545477 643093 183484 545511 545533 621422 545493 642124 644056 642660 599699 545255 643481 545465 544834 599899 544958 641996
99 598934 598261 643095 832272 597938 544809 176280 599740 597942 599582 599580 176274 299348
545056 544834 545529 1058395 1118319 300232 1118520 949714 621421 598991 1058581 544965 759 598780
618300 641835 183864 299337 183479 1118187 300974 598654 599783 300043 299930 300484 599216 1118671 643689 598398 1064642 599304 299745 599617 617986 643751 545432
176333 598261 938902 643157 643615 641877 938857 176280 643505 597942 599140 642556 299348
599256 1118678 642011 1118463 1118521 892868 770707 545384 545243 544903 1118319 599260 599257
1120035 643095 183864 597938 598893 643937 300354 301590 1065490 598261 597933 522378 617819 299397 299395 544809 522927 176511 176274 183467 599877 598077 140814 641800 131471 598705 643392 299348 299459 300275 599036 131789 301009 300339 300121 642973 140587 183416 2154 599582 599140 299489 300336
643385 183710 183715 182910 299870 832301 643201 641813 544899 599407 833140
642181 545920 1118705 140792 26454 642539 176293 950184 299897 950636 600011 545469 544908 544813 949534 492
833071 183710 833140 299449 832654 832301 183482 1118657 598490 125 2019 599998 642445 832930
176569 599849 642123 521263 598380 599551 642017 1025151 599240 176280 598655 598632 599627 1118735 832669 1118263
599774 770707 1118187 599627 545432 675767 598438 139 299930 599216 1118671 1118191 598398 599877 938902 599638 545171 598462 599617 643751 598654
1065361 598261 299828 643207 176511 1064773 140814 1118657 641967 599627 641944 642694 599839 599580 301171 642556
599020 599849 1118230 643157 599999 832721 598438 139 1118576 1118678 521263 300121 641967 303951 176511 643660 299489 599839 643056 545171 643616 598462 643505 521250
599257 641813 949785 1118319 642781 950683 1118252 1118614 1058395 544829 621421 544903 544904 598298 644056 675785 1118159 1118157 1118463 1078946 599699 545255 599260 176454 545528 1118631 1118521 1118520 545492 598271 544790 643934
599140 643095 545267 597933 597938 598893 598438 304045 139 598261 598241 617819 544809 300121 599035 301590 641800 301009 599426 544811 304108 303889 599582 300354 300049 521724
642672 299449 1118678 183709 599866 599999 641877 1118657 832654 183515 300049
299499 183277 184064 832272 182788 770707 1196191 144670 300601 1118641 183393
641810 642000 544829 770707 545384 544899 599407 759 492
641813 1118252 1118314 1118614 545136 1196191 598271 643266 642781 1196193 598140 375453
642000 544834 300804 1118314 1058395 1118631 949785 1118319 599611 545533 545386 545102 545483 599638 951070 1118252 545352 491
183467 1118567 891741 598490 299397 599627 598438 598350 139 832669 300336
641818 177853 300277 300047 642120 545424 598939 299775 642840 642847 599624 299787 951783 299788
545424 545312 545920 1118705 545529 642120 299336 598069 300565 598939 641785 642840 599624 486 299787 951783 544849 492 177853
1118187 642238 183864 617986 545432 617858 832872 832930
545243 1118319 950683 1118252 492 621926 1058395 545006 545492 644056 675785 1118159 1118157 598298 599699 545255 486 599260 545528 545076 1118521 1118520
598436 2499 1118314 300319 598438 1118568 643931 643531 1118650 300275 740420 139 300321 1118271
598438 599849 599914 597938 599740 599435 139 599783 304045 1118271 598261 299449 1118559 643985 299397 599036 522927 642099 303951 176511 176274 832272 599631 641800 131471 598705 1118641 299348 300275 598666 598223 140523 131789 522610 643615 2497 545158 140587 598655 599580 832930 617819 521724
304045 545267 597933 160032 544809 121 1118137 642099 641944 599435 486 492 832327
644094 26455 599866 598069 643931 300275 643917 491 545920 300047 599556 598956 950636 544847 304097 642556 642889 971661 301165 641944 1196193 599631 26426 176438 599999 832481 300332
544823 1118706 1118735 599999 1064773 949714 300121 1127444 1118678 599627 125 1118192 1118263 598655 598632
545920 643844 299775 301255 1058395 544962 599637 545230 545408 176438 545405 546062 598788 642840 642841 599624 642539 300565 545493 304097 545389 301165 299787 300277 304171 544952 643630 544959 176308 598684 643503 545261 299336 597938 598456 545100 304062 300830 643999 892868 544801 544803 617851 776156 832272 621652 299897 176282 545379 642877 545177 544836 545529 545170 642503 545076 770707 303889 832481 598069 176293 599740 300525 300526 299354 300047 599556 303951 544907 544908 303893 545312 545310 184025 1196193 545503 545502 71 599403 599402 545154 545157 545159 598723 300037 544917 300332
544827 938902 545261 545267 545160 597933 160032 545186 544809 599035 599435 599582 1137947 545170 599877
598297 598226 642500 642725 770707 599048 1196191 643201 642963 643503 832541 599825 598271 832359 299374
545511 599699 1118157 1118631 972072 545077 599899 950683 544905 545076 486 675785 492 1118522
544829 641924 1118157 641996 1118559 1118463 1118521 300523 545384 545262 1118678 1118319 599260 491 492
621114 888313 545170 642503 598069 546062 2154 623204 545158 544876 544907 545230 493
643971 950880 599999 183618 1118657 301171 1118271 183783 833140 182792 2019 299589 183936 643140 183621 521200 832654 832301 1196193 301009 1118137 544899 770707 183005 642445 183149 832930
182792 182788 183618 184025 1196193 300830 182980 299589 183007 183783 491 617851 183391
303951 599849 545261 545267 950880 598462 598069 545479 938857 643917 642447 492 598241 544847 545493 950224 2246 544849 950764 971661 643221 599099 544907 544809 938902 971271 599525 176169 544952 1118705 544811 545157 643615 545171 770707 1137947 521250 544972
176511 1118230 522378 599036 641967 300333 1118350 521724
303896 544952 545261 599718 950880 299336 545230 299775 642847 599624 494 493 643917 759 1137947
328427 301165 598069 598241 176438 643999 599556 545325 301431 599158 599631 544907 643917
303893 597935 642166 545432 643220 1118559 545006 544809 544801 2246 493 971660 545198 182910 1064740 1118191 545507 486 304036 545230 938477 605422 598241 770707 544796 641851 832481 544803 950747
641851 597935 597931 300543 641858 642659 1118520 545006 26454 544795 1118271 950747 300544 492
1065490 598077 1118671 1064642 832706 642973 545026 545432 675767 1118191
598077 139 131789 522378 522610 299397 2497 599036 642973 598705 140587 598791 301172 300333 832706 183416
545099 971660 938902 545261 545267 597933 545157 545158 971271 544795 623204 544847 1118137 950764 2154 304100 1137947 545379 888313
1064642 642238 299930 598398 182795 299337 183479 599617 300974 641835 545432 299852 643751 1118271 598654
599851 140996 182795 183567 140814 641967 832823 301171 301172 832721 299374
544834 545082 1118314 1118157 641996 949785 1118319 599611 304019 642660 599638 950226 644056 951070 1118252 545352 598140 492 544965
304019 545082 1118520 1118314 494437 949785 1118319 599611 545533 950226 545465 644056 951070 544965 492 1118157
832450 153 642246 642482 545344 598498 299397 643686 599150 599875 183368 643161 598705 71 643831 299868 299869 643523 599231 598787 740420
599240 891741 643176 642123 642488 1128366 599627 1118650 1118272 598498 832823 643689 140442 598574 598666 1118263 1118567 642289 643737 599712 642469 642447 1118735 598780
949714 642488 642123 598992 598991 832917 545283 599158 832669 176155 600011 544972 599938 598490 301588 599383 545057 300232 598684 545483 545481 642447 642445 140949 598961 598780
599310 770707 832359 598226 184139 598808 182979 183535 1118271
642447 643176 643597 1118657 599627 598632 1118271 545280 1118735 598791 303953 643689 597923 1196193 599383 599048 770707 598655 544973 544972 598961
642473 1118272 642017 1118678 599866 17459 891741 599627 1118198 1118192 1118735 153
182795 599849 641872 183479 641835 599783 1118350 1118271 599216 1128009 642099 1118191 184027 641945 599839 1128560 643931 643751 599999 643505 599004 1118230
642325 1118707 642327 642017 599875 598498 641856 1025151 642469 300328 299952 299580
183088 183936 770707 1196191 643613 121 642963 183007 598808 599587 776166
1025151 642327 598497 642731 642471 598498 642469 832917 299358 299580
641996 643139 545082 544958 545136 643934 1118314 1118252 598140 300523 599099 1118614 642725 545386 545492 642660 544965 641948 642019 832301 643481 544896 71 544899 545352 598590 833140 642508 545154 494437 545078 545077 599899 599611 770707 183049 598271 598909 643399 183552 599587 375453
643078 642429 770707 771510 1118641 643505 300360 599825 300525 300526 642877 643660 1118271 304105
642471 1118707 642327 643832 598497 598498 545139 642017 642469 598653 1118678 599627 832669 598655 643677 599014 300321 1118198
545391 303971 545408 328068 3389 545039 544754 2259 545471 2246 545043
598723 300037 643220 1118631 950636 26454 950184 623204 545479 621421 544813 644056 304097 544849 643999 492
300339 1128560 641945 599004 1128009 2165 139 642294
950764 599099 183783 545267 545157 545136 643844 641944 545137 545100 184025 544907 545154 304100 832481 176169
643678 599215 1118157 1058395 544772 599525 1118735 598462 938857 304105 545379 641967 1118192 643505 643937 486 643834 598414 304103 492 938902
544917 971661 598069 888313 494 971660 545147 545409 546062 621650 623204 545503 675796 544962 599403 484695 493
643677 642017 598497 642123 598791 598498 598653 545325 642469 599225 832917 598666
300333 522378 544924 599036 1118230 300275 641800
300332 1118705 598069 544813 643985 642539 950184 950636 643593 26426 486 299354 492
183535 1118559 642166 1118657 1518749 1521328 160519 183536
183536 183498 833140 182819 183286 643201 182788 184139 1521328
300336 598350 1118705 598490 140523 598069 299397 598956 598684 599627 300525 300526 642877 832669
183710 183498 833140 183562 770707 183406 1118290 183113
643097 599849 521263 599215 299897 599158 1127444 598655 598791 599525 599627 598632
598280 643831 1118614 643209 598605 770707 643834 642963 597942 598808 1118314 598660 599587 644024
643095 597933 984188 1118657 521724 139 301590 598261 522378 544809 2177 176274 832327 832272 1064740 304108 1137947 2154 544811
183715 183864 599407 183936 642963 1118137 160519 182979 1118350 599587
643159 545312 642499 545529 641785 643205 598380 599551 300565 545325 642120 599225 642847 642840 599624 599403
643157 599849 176320 971271 1064773 643931 938857 301171 300526 1118272 643849 1118559 599216 599215 300360 1118641 938902 599839 599525 643056 642733 643615 643616 521263 598462 643505 521250 2500
1128366 140523 832669 301180 300232 599721 642488 598992 643176 301588 832823 642445 544972 598780
545025 299930 599783 598398 299337 770707 545026 598654 675767 1118191 950747 545432
545026 299930 301273 1118191 599216 1118522 299337 770707 299745 299852 832872 545432 1118463 617858 486 617851 182980 492 598654
598893 971661 971660 888313 545157 642503 759 599624 546062 623204 1118657 1118137 521724 303889 544878 545158 304100 544803 493
598891 2499 599849 642246 832654 597938 300121 642099 299348 521200
494 176295 545471 545372 545389 140996 599647 545160 545147 641889 598790 599111 599031 599877 545177 303972 303976 183277 544952 545529 544795 832872
597931 597935 545261 597933 1118657 1118350 492 642820 643917 3389 544847 832654 759 1118137 545359 145034 544811 642659 1118520 545479 544795 605422 950747
139 597933 304108 598934 544809 642820 299397 2154 176274 832327 832272 832654 641944 641800 642973 598705 131789 599426 598666 2499 300321 299828 176305 176280 2497 140587 183416 643392 521724
299449 643999 832654 599999 598456 1118657 832481 183149 182979 300830
299374 598462 599849 599866 770707 938902 599839 544772 642985 832721
491 642124 641872 300830 833140 545536 183560 643093 644056 643660 182819 642837 183113 643710 545171 183049 546062 643505 832481 641858
598899 598628 642764 300160 642731 1118320 301132 1118568 643687 598787 740420 545346 643698 304086
493 176282 597933 301273 545471 301590 300523 545389 598790 545283 545160 598241 545147 641889 2154 544902 599111 183368 303953 545280 183872 140792 303972 599031 303976 304076 832872 299897 545359 599402 545177 545529 545409 544795 642820 832917 643523 598789 544878 176295 484695 544952
301255 1118678 643985 641872 26455 184027 598956 121 1518749 950636 832481
299930 183479 545432 599783 492 599216 1118671 617858 299852 642238 598398 1118191 486 599304 770707 599617 832872 598654
301251 643805 642726 521263 1118671 299337 643737 643593 598787 599525 643689 832669
1118614 641872 182943 642781 545431 598140 300523 545283 621422 621421 544906 641948 621650 642019 832301 643481 642508 544896 643630 598590 545139 544958 545136 643399
545147 545314 1118522 544962 545503 675796 484695
2154 545261 545267 1118271 598241 642820 544809 544902 599035 599111 2177 544801 544803 643523 599877 1064740 938902 145034 545230 176169 545154 545171 642503 770707 545158 1118137 544811
598791 599849 643176 1064773 643597 598655 598632 599624 1118272 304105 545280 1118678 522378 299423 599158 1118192 599031 642115 599215 599721 544813 299897 642977 599525 598666 599383 2499 521263 1118705 641856 598787 599627
950226 545082 545283 642011 182943 183339 183482 598461 544903 544905 545493 545481 544965 599938 176454
2019 545493 642108 301180 300319 176155 832301 183406 643086 832823
183403 771510 1521328 184150 599783 776166 183137 833140 183560 1518749 182979 183648 182910 183936 832301 183113 183049 183007
642556 599866 599999 1064773 643931 301171 1118271 769973 1118576 521263 599031 299952 643220 599875 938902 770707 598787 544811
642238 599849 641835 642482 299337 641877 1118650 675767 599783 599216 1118671 598398 1118191 599617 183146 643751 545432
303953 598261 599877 598226 1118706 299397 641944 544902 1118137 598655 598632 1118641 642889
301431 1118705 301443 177857 643999 598069 598956 950636 642840 599627 177868 544813 304097 1118735
131471 1118230 598398 522378 1118671 599044 599454 599617 642294 299459 1128009 545432 642974 598787 598654
599637 1118678 643220 599866 1118735 599999 599627 599631 599839 599825 598587 599629
599631 599849 1118230 771510 598121 598069 642840 643086 643593 599825 598587 599629 492 1118678 641882 1118735 598956 642099 177853 642889 17459 1127444 599839 642289 599999 599711 599627
544772 1118319 545102 176293 545100 1118290 304103 300803 492 598414 545352 641856 300321 643660 300804 643221 598789 641946 599525 599260 599638 643056 642818 545171 545159 642654 770707 299549 642549 486 643505 544811
599638 1118230 643221 545171 949785 545386 599611 598462 545533 642549 1118314 545465 486 642660 545352 643660 492
598590 1118314 1118252 300523 1058395 621421 1118192 544905 621650 642019 1196193 494437 770707 545017 544794 832917 643399 375453 832930
1128560 643056 299337 832706 642294 642973 642099 299459 599004 140656
598992 891741 1058581 544794 621421 598991 301588 71 545481 832669 1118263
642731 598628 769973 598498 832917 1118568 300328 300442 598787 642764
642733 599849 599215 598462 938857 643505 641967 1118192 938902 642974 140656 599525 176320 301309 598632
598947 599866 1118559 299397 183149 1118657 1118271 544973 598660 1118350
598991 1065336 759 1058581 545017 621421 545481 1118735 832669
643399 642508 1118314 1118252 183560 1196191 643481 599423 598140 375453
643523 597933 641944 1118657 544803 832481 145034 176280 176550 176169
643253 938477 642939 770707 1196193 1118192 599825 183515 304036
176320 643056 599044 598462 641967 1118192 938902 642974 599525 521250 301309 643505
776156 642123 832359 643597 598655 832541 598027 599982 300484 642499 597923 643222 621652 599304 643630 301180 643737 832872 643651 832669
643392 301282 1118559 1118350 1118521 770707 1118657 299549 486 598660
642124 1118559 300601 832301 1118657 1118314 183302 641856 183515 1118350 1118271
642120 177853 598498 545529 597992 299775 299336 598069 300565 300037 642840 642847 599624 300277 299788
642123 1118567 599982 301180 1118735 642488 832917 599627 1058581 643689 642017 492
545325 642499 544836 643205 598380 599551 599225 599627 643379 643917
643931 177853 1118230 599627 777098 598498 643531 183368 300321 642017 641946 300275 1118706 643056 300319 642469 832917 544811 832669
140442 1118707 642017 643710 301180 598498 599551 599225 598655 832823 599627
643934 599699 770707 642659 183339 642019 300543 1118499 642837 643366 301577 1196191 599260 832481 300544
938857 642818 301273 304105 545379 176293 545100 643505 598414 300526
301171 599849 1064773 599627 300526 301172 598261 1118678 599551 1118192 599031 643161 643207 643205 1118320 642694 140996 643615 599454 598787 599580
949534 544836 545261 300047 545043 598069 303976 176282 544962 544847 304062 544908 545230
1118568 301017 299337 301132 300974 300442 300440 545347 545346 300160 300046 300162 599454 300328 643687 643686 176550 642764 183368 642694 599525 643698 599462 304086 544874 643440 643751 140949 832669
768088 598628 599875 599454 301132 599462 643687 643686 300440 300442 545344 304086 643440
1118271 545262 641872 182943 599847 641877 832721 299395 300549 300543 641967 544961 184150 182819 182945 598660 642429 183790 183479 301577 599783 599216 599215 140587 300360 183076 301282 184064 598789 643222 183286 832654 303976 642694 183273 300601 544958 832917 544902 642445 597935 641835 545267 597933 545180 545384 643597 545432 304100 545536 1064681 183567 182979 183623 598398 182910 832272 301081 599426 545079 832481 832930 599866 183434 642166 300523 598261 643366 643505 643140 599099 599699 183645 183137 642837 176454 642654 545159 300232 599999
1118252 182943 184150 642781 598140 300523 833140 299870 599090 183560 545533 621422 621421 544905 545493 545492 183113 182910 1065336 621650 183286 1078946 599699 642019 832301 545255 643481 642790 183484 598908 642508 545154 644056 598909 544794 599899
641785 642327 545177 642017 300277 545529 597992 642469 299336 176308 300565 598939 299775 642840 642847 299358 599624 951783 300037 177853
300484 300043 599783 598398 599721 599216 1118671 299337 299745 599617 300974 643832 599627 642977 1118191 643689 643751 300381 492
160032 598241 641800 598790 832917 301590
183302 183498 833140 832654 643366 1118137 183391 183783 832930 1118350
140656 1118230 599044 598462 1128009 641945 642294 642974 599525 599004
771510 183623 642725 599044 642500 832359 641945 642108 643593 545493 832541 643834 832669
300565 598498 300037 176308 598939 642847 299775 599556 951783 177853
303998 545043 598241 26454 328068 950184 2246 544754 2259 26427 1064740 544849 832481
599111 545043 597933 1064740 26454 328068 599035 2259 26427 2246 605422 545471
597942 643831 184064 643054 1118337 597938 598456 299549 182980 182811 598660 183148 644024 299348
176550 832272 26454 1118657 544809 598808 641944 26427 176280
304097 598069 176295 599402 177857 492 26454 599556 950636 544908 544849 599693 301165 140792 950184 545469 599403 177868 1118705 545529 176438 598684 544813 643379 643999
545483 1058395 949785 1118319 1118520 621421 950683 644056 599136 545467 492
301282 1118559 1118350 598605 1118657 144670 950722 299549 1118137 598660
184064 643054 1196193 183391 299589 183005 183149 182980 183076
545198 938477 183621 642939 598095 183564 642781 832917 599825 486 643266 304036 598587 492
1118157 641872 183774 642781 304103 545477 300523 545166 641882 544794 621421 544903 544904 544905 545492 644056 642660 598298 599699 642019 545255 599938 545283 544896 545465 675785 643630 545139 545078 599899 545136 183049 598909 598908 832917 544790 832669
182872 183552 183459 183484 641929 183936 184150 643613 642963 184139 182988 598808 160519 183645 599407 599587 776166
641929 833140 183459 183286 770707 184025 183645 642963 182988 598808 183149 599587
1118159 642108 598121 545180 183774 598456 598587 545477 621422 643844 598956 545492 644056 598298 599699 184027 545255 545503 545372 643630 545528 598461 544973 544972 832669
183286 833140 770707 1118657 1196193 643366 26427 1118350
643689 641835 642482 300974 643597 545432 300043 599216 1118671 598398 299745 599617 299869 617986
304076 301165 300047 26454 642539 950184 2259 26427 2246 177857 544849
599582 2499 598261 643579 2177
1127444 643849 832654 599215 1064773 597938 522927 599158 599580
545359 545310 545314 1118522 598069 1118705 950636 545503 675796 484695 545477 642839
599525 597938 304103 598414 521263 598498 641967 642099 1118192 304105 643660 521200 641946 176282 545379 938902 300277 643834 598462 598787 544811
545352 545261 1118314 949785 545102 545100 486 304103 300803 598140 492 545533 300321 300804 643221 641944 951070 544811 643056 545171 599611 545017
599580 599849 598653 599740 598261 1118576 521263 599664 300121 642099 521200 599014 1118641 599914 598666 2499 642289 599999 598655 832930
304171 545310 951497 1058395 545314 621652 598069 1196193 598456 642839 544962 545477 492
183277 183498 183273 833140 183562 832301 304105
643985 890415 1118678 26454 1118735 598956 599627 599150 832481 832669
643630 1118314 545479 598140 545389 599647 1058395 1118735 598956 544902 545492 544962 644056 621652 643086 598298 759 1196193 544896 71 545372 598402 890415 545528 770707 832669 375453
183273 183498 183648 643221 1137947 1118314 486 1118350 832930
544959 971661 545310 888313 545314 971660 1118522 621652 598069 1118705 546062 623204 545503 544962 950636 484695 545477 544836 642839
544958 1118314 1118678 545536 892868 545006 1118192 492 545492 832654 759 643266 121 125 1196193 938477 642939 1118520 770707 545137
643737 140996 642726 599721 1118735 599627 642977 598587 599629
183148 182811 617851 643054 183391 598226 183146 182980 182988 183149 183507 644024 183076
544795 971660 888313 599719 546062 623204 545479 675796 544876 487 950747 643220
544794 1118450 643093 949785 1118319 492 1118631 183560 545384 1118499 183339 621421 544903 545492 642660 183621 183872 642011 599699 642019 642837 176454 642508 1118521 598271 598461 544790 183552 950683
641856 1118707 599875 545159 641946 642017 303901 950722 598684 938902 1137947
544796 1118631 1058395 1118522 1118520 545006 544753 950683 486 492 675785 544790
544790 1118450 642781 950683 545477 492 1118631 972072 544903 544904 544905 544906 545492 951497 641924 598298 486 545077 1118522 1118520 599899
599048 1118678 1058395 950880 621652 892868 598956 599627 832669 598655 1118735 492 1118192
544813 545261 598069 598939 598456 545479 176295 600011 304062 299354 643917 492 545280 599987 599647 642539 301443 544847 599556 544849 545312 599693 545310 643220 140792 1118705 299897 545469 545405 545370 486 545372 176169 599383 544836 545529 599402 301165 176438 544754 176308 642840 598684 599403 643379 643999 545409
544811 597933 303901 950722 304108 183872 598223 304100 643917 598261 301273 544924 599035 300321 2177 300804 641944 176282 301009 176169 545171 545158 545159 545157 545261 545379
641858 770707 300544 545006 300543 545507 675767 1118191 544801 486 642166
643201 643710 182788 832301 1118678 300830 599407
183459 301081 832654 770707 1196191 643613 598808 599407 599587 776166
299336 950880 598069 597938 299775 599624 299354 177857 492 643999 599556 598939 598956 950636 544908 183076 1196193 299788 599403 26426 299787 599383 545529 597992 770707 300037 486 832481
299337 642482 300974 545432 599783 777098 1118678 599216 617858 299852 598398 643161 1118320 545171 299868 299869 643751
1064773 1118576 643615 599215 643207 642099 521200 598655 2500
643597 643176 597923 121 832917 617986 599627 599825 642445 544972
545102 300804 598398 545267 545171 641946 770707 545017 950722 545100 642549 545159 176454 643221 643660 1118290
1118657 641877 832721 642820 641889 598790 641967 642099 182819 140814 599938 598660 598789 183790 598655 544973 544972 599624 643844 522927 643001 183391 597923 832654 832301 832872 641800 599712 643505 642445 304100 599238 1064681 642985 183366 643209 641944 176280 599426 176169 643615 303889 832930 642246 599866 598223 299549 598300 599740 598261 832272 300049 643140 599099 184027 183645 301009 642790 301081 545154 545157 545159 599999
545100 545267 950722 642549 304103 598398 598414 544907 643660 971660 643221 641946 545171 545159 770707 545017 598788
643593 643086 1058395 642108 621652 642500 598956 183498 1118192 300836 598587 598121 832669
1118650 599849 641882 641872 599847 599712 643710 599004
177857 303971 598069 642539 598684 599403 642840 300277 545370 300526 544849 643999
301590 641944 299397 641877 521724 1137947 521200 598414
177853 598069 299775 642840 642847 299358 304062 598939 643531 299580 299788 299787 300277 642327 597992 300319 176308 300037 832917
599238 545160 599866 642503 832654 1118559 641800 642820 486 183366 492
1118559 599866 642166 599740 598223 598261 183709 643366 300121 544801 182979 832272 832654 832301 599426 301309 598660 301081 545154 176305 300525 643615 545159 183790 832930
599231 643084 153 71 599875 643161 1118320 544874 545348 740420 545347 140949 299952
1118499 300549 545536 300544 642654 300543 642837 598908 301577 832481
544924 545261 545267 1064740 642820 984188 544847 599035 1137947 598223 145034 545160
617858 599304 1118678 598398 1118671 599999 599617 545432
183113 183562 183936 184150 642019 183406 1118192 182819 1118314
182979 183648 183936 1118641 1196193 598808 160519 642166 642429 182910
832917 891741 642482 598380 642488 598653 599627 299358 598027 769973 598498 599551 299397 300328 599712 643531 599150 1118198 642115 599875 1118576 599225 598701 486 1196193 1118707 1118706 494437 300232 770707 642469 642781
617851 971661 183936 770707 184025 1196193 183149 644024 183076
183621 183552 183872 833140 1118522 832654 183774 1118521 492
183623 1118678 599664 1118641 1118192 183005 160519 184139 1118272 642429
643209 643831 642246 1118337 643613 1118350 644024 643366
643161 153 642246 545348 300440 545347 545346 300160 643686 599150 299952 643084 1118320 304086 71 545344 599462 544874 643440 140949 300442
643207 140996 599849 1118678 521263 599999 643205 599215 598462 642099 938902 1118576 599627
1078946 1118450 1118522 759 599611 1118192 1118319 644056 951070 492
299897 1118678 599721 598632 599031 598655 544849 832669
176282 545261 984188 300526 304100 544847 2246 971661 971660 951497 641946 938902 145034 545157 545158 598462 1137947 598788
176280 770707 641944 299459 304105 183149
951070 545082 545384 599090 545533 183482 545492 644056 642660 544965 643140 300804 642011 545255 599938 545467 545154 183339
950722 545267 545154 642818 832654 301273 303901 299549 641944 598789 183366 598660 176169
599304 971660 599783 299745 1118671 770707 599849 642166 545507 598654 544801 486 1118350 299852
545177 545312 300277 545529 598939 642847 71 599403 951783 299788
545079 971661 597935 1118319 642659 950224 623204 545477 492 486 950747 759 545502
545078 1118631 599090 598298 599699 545136 545386 621421 544903 950683 544906 1118319 599136 675785 644056 375453
545077 599699 1118631 972072 599899 545076 642781 544753 544904 304036 545477 544905
545076 971661 599699 770707 950224 623204 950683 544962 644056 675785 546062 545502
598095 938477 1118230 642939 599664 598462 183564 1118137 184139 643505 971271
183864 643615 1118671 1118191 599617 183416 521200 599783
598909 641948 545166 1118314 1058395 1118319 1118520 770707 642837 598908 492 494437
642469 891741 153 299358 1118678 598497 598498 599158 1118192 599150 1118198 642017 1118707 643832 599712
599454 769973 300160 300046 599624 544874 545348 545344 643698 643686
643440 769973 153 740420 545348 643084 1118320 599462 300328 643687 300442 300440 544874 140949 545346 304086 643686
643566 598498 642289 950636 301180 26454 26455 598956 300037 1118678 1118192 26426 598587 1118735
832930 299549 599740 599783 1118350 300523 833140 300121 642963 183366 599877 832654 144670 599426 160519 770707 140587 1118314 521250 643751 599587 125
1118230 641877 832706 832721 642294 299395 299489 832654 300275 301309 643056 599004 299348
642246 643084 642429 832654 599866 599426 599712 176305 598300 598223 740420
598223 832272 545159 597938 1118641 1118350 301172
1118337 643831 643054 598605 299549 182811 183507 598660 644024
301132 642764 300160 300162 642694 643686 598787 545346 304086
642166 182910 599999 832301 545507 544801 1118641 599866 598808 544803
599740 832272 832654 599215 597938 2497 641877 1118641 521724 300049
300442 301017 643084 642764 300162 1118320 599462 300328 643687 300440 545344 545347 545346 300046 304086 643686
300440 643084 300328 545347 545346 304086 643686
300525 26454 892868 770707 1196193 1118641 300360 544908 599914 300526 642877 832481 1518749
300526 598069 598414 598956 950636 643660 300360 1196193 545379 1118641 971271 642877 1118705 598462 598684 643505 832481
598587 1118735 642108 300836 599629 1118678 641882 892868 643844 1058581 599627 643086 1118567 890415 642939 301180 643651 832669 642977
777098 598350 643710 599982 642289 598380 599551 599711 617986 832823 299423 832669 598780
300523 545262 1065336 300601 770707 545384 641924 1118314 832654
643805 1118678 1118671 3389 183147 545432 675767 1118191 26427 832481 599783
599987 1118705 26455 1064740 598069 545310 950636 832481 300277 642839
599982 1118567 643710 891741 1118678 598498 770707 1118192 832669 598701 832541 153 598027 1118735
26454 642837 598934 643999 303976 642877 642654 642659 598908 832481
301443 545310 26455 950636 643999 598069 642839 1118705 3389 623204 600011 545469 26426 177868 492
598544 545310 545314 598069 3389 545479 545503 71 544962 484695 642839
599158 599849 643176 176155 598655 598632 304105 521263 599215 1118198 642115 643832 598574 642694 599383 1118706 1118705 643616 599627 1118735
643366 598934 301081 183137 832272 1118641 183393 598808 183391
599014 1118706 642017 642115 522378 599712 598653 641967 598655 1118192
521200 598261 832654 641889 597938 300121 642694 832872 300049 598655
599150 1118707 891741 598498 1118320 599627 125 71 643531 1118198 153
642764 598628 769973 300160 642694 598787 545346 304086 643686
643205 599849 1118678 599551 599999 153 599225 617986 599627
642889 599849 643615 1118735 770707 599711 599627 599825 300275 599999 832669 2500
545312 544952 545310 176308 545529 598069 598939 950636 545479 642847 304062 599403 643379 300277 599402
971660 597933 545186 642820 545493 544907 544801 544803 303889 545503 545170 599719 545157 642503 599718 545158 544876 598788
545310 304062 299354 545477 545389 1058395 598939 950636 544962 545314 621652 545503 300277 1118705 176308 600011
183872 1118678 599866 832654 599999 184025 599035 833140 599260 300830 299489
642011 176454 121 1118319 1118521 599699 545255 598461 544753 492 598271 1118463 599260 545492
545314 1058395 950184 545479 545503 600011 304062
184027 599999 643844 184025 546062 598226 1118641 1518749 160519 183149
950184 545261 598069 545479 304062 544809 300047 545043 544847 544908 599693 301165 303976 544962 545469 545372 545408 832481 544754
545255 1118735 182943 182945 642781 950683 1058395 599090 892868 1118319 1118463 599699 598350 176454 1118520 770707 599998 375453
641800 598261 832272 599999 641944 1118192 521724
545507 621926 642725 545159 1118191 183393 544801 492
301009 597933 598462 598261 300049 299397 643579 599877 641944 125 545171 643615 599999 1137947 300354
545503 598069 545477 545389 598956 950636 544962 971661 621652 642839 888313 1118705 1118522 546062 623204 484695
545502 971661 1118522 621652 545006 546062 950224 623204 950683 486 675785 950747 492
71 598380 598456 642841 642847 599624 598490 641967 544962 599938 299788 299787 545529 299775 642503 183339 545481 598780
599403 545529 599624 950636 599402 26426 643379 544849 300037
545465 949785 1118319 1118520 770707 644056 545467 492 544965
145034 598241 545158 1064740 545157 599035
599407 299870 642500 832301 184139 182910
598402 643140 643221 643220 642725 832359 546062 643503 832541 599825 598027 544972 183149 832669 299580
545043 545408 328068 303976 3389 545039 303971 545471 605422
183552 643139 770707 183482 183049 621421 1118314 545154
545379 545261 643221 545171 641946 545157 598462 544847 545158 598788 304103 492 643505
301172 599849 598069 642429 599866 599215 598462 300121 598787 599624
300232 641872 770707 301588 598780 1118263
183339 599611 949785 182943 599699 545492 183482 545536 1118319 598140 492
299745 300043 183146 642482 183479 599216 617986 599783 598654 1118191 832872 598398 299869 545432
375453 300601 599699 642019 183049 599423 832481 545431 599899 832359 598140
832669 891741 1118735 598655 492 598490 1058395 300549 598956 643660 300360 1058581 598701 1118567 598462 643651 544972 643616 598780 642499 950880 599627 599825 598027 1118272 643849 1118678 642726 950636 1518749 951497 643222 26426 1118263 1118707 643503 642445 598961 545180 300836 832272 890415 641946 1118641 301588 300047 642488 598380 598300 598632 26455 832823 544907 544908 299952 300321 621652 971661 1196193 598574 486 599998 598271 740420 642977
769973 545348 599938 544874 300328 643686 598787 545344 643698 140949
891741 598498 299358 832541 598027 599721 299423 599551 642499 643222 643710 642289 599712 643651
182943 1118450 1118631 949785 1118463 599699 182945 1118319 1118522
599847 643831 1118678 17459 598808 598705 545432 675767 599839 599825 776166 1118735
182945 892868 183495 121 1118319 486 1118463 1118522
598653 643832 521263 642017 599849 1118678 642099 598666 1118192
598655 599849 1118735 950880 599627 643917 304105 598261 1118678 176155 642099 1118192 642694 598666 643832 599999 643616 598632
598654 642482 300974 545432 599783 1118671 183495 299868 299869 183147 183146 832872 643751
3389 176438 545186 600011 176295 544754 545405 300047 544849 544847 643917 176169
643093 642019 545384 545386 643481 121 1196191 492
545389 951497 545409 621652 598939 642841 545370 1118705 484695 832481
598490 1118567 544972 140523 643844 599627 598350 544973 642445 1118263
598497 642017 598498 1118678 599627 1118198
1058395 545180 545186 183774 545479 642841 304103 545477 544905 545166 599721 544902 544903 544907 545492 544962 644056 642985 643379 643086 598298 599699 642837 599136 545372 544973 545528 546062 545481 832481
183484 642508 182819 183560 770707 183049 183495 183406 300830
617819 599849 643615 299397 2497 641945 599036 642973 521724 643937
598498 153 642840 599627 299358 545283 299423 643531 832823 1118198 299580 125 642327 300319 176308
545384 1065336 300601 1118319 545180 599699 545386 184139 599260 544961 642429
183482 643139 833140 949785 183562 599611 1118319 183560 598140 492 545536
545386 545082 641924 1118319 599611 545017 544753 1118631
641872 641835 599664 770707 1118272 1118678 1118192 1118290 1118641 832541 641882 26426
544847 545261 597933 643917 599035 544907 544849 643220 176169 1118705 545157 545158 176438 598789
641967 153 832706 776166 300049 599664 642099 140814 1118641 599914 301309 643056
1118192 599849 599664 832359 832721 598632 832541 300836 599629 641882 599216 1064681 522927 643001 643140 599627 643086 643221 642115 832272 643222 599721 642099 643176 598787 598027 599839 184139 599215 599383 643831 643832 643834 642289 176305 522610 301180 643616 598462 183495 644024 183790 643651 183149 598961
1118191 642482 641835 545432 599783 599216 299852 598398 833140 299869 183146 183007 832872
544962 545479 304062 545477 492 642839 544908 971661 951497 621652 484695 544952 544836 545529 545170 545409 770707 623204 1118522 832481
2246 545479 545471 642820 544907 544803 643220 303971 303976 183434 544754 545039 545230 176169 599719 599718 643999
544961 545262 642429 1118316 1065336 300601 759 545180 599136 544899 776166
544849 642539 598069 642841 176295 299354 299787 545280 599647 599556 950636 301165 140792 1118705 545469 545370 599402 545372 300277 599383 544836 545529 545405 643379 544754
643660 545261 303901 832721 304103 300830 183567 300360 643221 121 642818 545171 642654 598462 545017 643505
1118198 642017 641946 832541 176308
544965 545057 1118316 949785 1118319 770707 598461 544903 599136 486 644056 492
643084 1118320 599462 544874 545348 643686 299952 140949 304086
643086 951497 641882 299423 643844 600011 1118678 486 300836 599629 492
1518749 183648 832272 832654 184025 300360
183709 599849 832654 599866 144670 1118137 1118350
1064740 598790 984188 176293 545261 643917 598241 642820 544809 599035 643220 1118137 938902 487 176169 1118705 599718 770707 643505 832481
598298 1118520 1118319 642781 950683 950224 544904 544905 544906 545492 644056 675785 951497 1118463 599699 599260 545528 1118631 1118521 770707 598271
951783 545529 598939 299775 642847 300047 300277 299788
328068 303971 599719 599718 303976 545408 545039 545471
598069 597938 299775 176293 176295 304062 643999 642539 598939 26426 950636 643531 545493 544907 177868 299354 299580 599693 643220 832272 299788 140792 303971 545405 1118705 599556 545479 545370 300275 300277 176169 599383 642327 544836 545529 599718 176308 545469 300037 600011 176438 832481 598684
599938 643140 949785 1118735 770707 492 1058581 644056 544972 643001 621421 153
642837 545166 598908 545536 300543 492 759 642654 642659 770707 832481 300544
121 183560 599627 183562 1064681 183567 183406 642660 832272 832654 544896 544899 545171 545159 599998 643505 832481
125 832359 833140 300121 643849 597923 1065336 832654 2499 183498 545159 522610 140587 832481
599839 599849 1118678 642429 643615 599664 832721 599999 599914
299459 642294 597938 832706 641945 1128009 299348 642974 299489
545039 888313 545408 303971 544803 2259 545471 605422
300974 300043 598398 599216 642482 599617 299869 617986 599783 643751 545432
642839 26455 176308 770707 26426 950636 600011 642841 304062 598939 299354 300277 599624 832481
1118567 643176 140523 598027 642726 599721 599551 642499 597923 643222 545283 642977 598666 598350 643710 300549 643651
642781 1118314 621422 544905 599699 1196191 494437 1118520 770707
545139 641948 972072 949785 545136 545137 950224 544906 486
642429 642115 182819 642500 770707 183498 300360 544899 832272 182910
642939 938477 1064681 599664 545137 544753 599825 486 183564 304036 492
176438 1118705 599627 176295 486 177868 643917
545171 1118314 597933 598462 642549 832721 299549 545017 304103 304100 300803 598414 300804 643221 545261 832654 140814 641944 176169 643056 642818 598398 545157 770707 183495 183391 598789 598788 642445
545136 643139 641948 545536 1118520 545137 950224 1118450
545137 938477 641948 545006 643266 599825 486 304036 492
642549 300804 643221 642654 770707 545017 643505 304103 492
546062 492 892868 544907 544803 621652 1196193 599719 545170 599718 642503 770707 623204 484695
182788 833140 299870 1521328 183936 183406 300830 183391
183147 1118671 599617 299868 642482 183146 183149
183146 642482 183479 599783 1118350 1118671 598398 599617 183495 299868 299869 183149
183416 183137 144670 544809 599426 1118350
598789 545267 598462 1118137 486 1118350
598788 971661 643221 599877 545158 545157 770707 643579 300803 1137947 598414 545267
598787 301017 599849 642482 300381 300046 300162 599215 300328 642099 643686 643687 299869 643698
484695 1118705 888313 545409 1118522 621652 598956 623204 675796 545370 950636
299852 641835 598398 599216 183479 770707 599617 545432 643751 599783
183149 1521328 598226 184139 300830 1118678 183567 299589 184025 1196193 160519 770707 642790 183495 183391 183007 183790 182980
599587 184150 832359 642963 675767 598140 599099 643221 183936 1196191 642508 545159 770707 643613 643503 598808
598780 1118319 176155 770707 621421 643176 301588 598666 1118263
598605 643831 832654 598790 299549 183507 598660 183076
598666 643832 598380 1118735 599627 832823 1118272
140949 153 545346 1118320 544874 740420 599462 545348
598226 643140 545159 1064681 643844 184025 1118678 183790 598660 176169
599627 599849 598350 643710 300319 598462 643651 544972 832541 1118678 299397 643222 140523 598961 300836 599225 642977 599383 643616 770707 617986 832481 642488 643176 598632 299358 598027 599629 140996 1118735 599551 832823 544907 300321 642499 300043 545283 643832 740420 301588
599624 598456 642847 299358 598956 950636 643531 544908 832272 299788 299787 300277 642877 1118705 597992 299775 642840
599629 890415 599849 597923 300549 759 1118735 599999 643832 598956 300836 1118678 492
599783 301017 642482 183479 641835 1118350 599216 642099 300043 299348 599617 299868 299869 617986 832872 643751 1118671 545432
642115 1118706 642017 521263 599215 599712 599711
643849 599849 971271 598462 643505 486 598632 521250 1137947 304103 492 938902
599849 299423 599999 832721 599825 304105 140996 1118678 599215 599664 599036 642099 301165 832272 832654 521724 642694 599426 300275 642877 641882 140523 643832 299828 176305 522927 770707 643834 300121 643615 2500 598632
642726 183515 599721 176155 643613 642977 598701 598808 832481 1196193 1118735
642725 598808 770707 1196191 832359 176305 832541 599825
598908 641948 1118314 1118319 642019 1196191 1196193 599423 770707 492 494437
545477 950683 304062 492 972072 950224 644056 951497 621652 599699 643266 486 1118631 1118522 1118520 770707
544902 2499 598261 951497 545160 597933 642820 621652 299397 544809 1137947 545493
643844 544973 950880 598121 184025 642985 643001 1118735
299395 1118705 832654 641877 598956 521250 832481 1118350 300049
522927 2499 521263 832654 599999 641877 642099 521724 643937 2177
599914 1118678 643834 832654 597938 1196193 1118641 183790
643531 1118706 642017 597992 599712 492
492 675767 599721 300543 598956 183406 545469 600011 545481 643651 183774 301577 641924 183783 299589 545492 644056 299580 643220 832654 832301 544754 599718 300601 599899 597935 545267 642108 545186 545432 304062 304103 833140 545536 183567 545533 544801 599136 832272 621650 301588 642877 642660 544836 832481 545082 599866 621421 642985 299354 599099 545166 599090 544903 544904 300804 643266 545467 176454 545154 545157 545159 642659 599999 545017 183007 544905
299589 183783 184025 183618 300830 301577 183391 1521328 183005 599999 183076
183936 183618 183406 183005 832301 642790 160519 545159 183049 643613 183391 183007
303901 832654 1118137 1137947 971271 1118350 299549
299580 642327 1118706 643220 1118705 599031 299952
598261 597933 950880 599999 832721 304105 643579 1118678 300049 641889 300121 642985 176274 299489 545493 599877 642694 299348 599426 300275 522378 643615 521263 598462 599712 599711 521250 300354 521724 938902
301165 26455 300047 642539 598462 643917
597923 183515 621926 892868 1196193 544972 598961
303972 599647 951497 545409 621652 598939 545479 545370 599402 545372
1118463 176454 544753 544903 545492 599260 598461
832654 641877 1118350 642820 598790 642099 598660 2499 183393 544878 521724 1118678 643221 832301 160519 176305 599711 644024 1118314 545267 144670 599435 304105 833140 892868 183368 183366 832272 1118137 832706 971271 176169 303889 300354 599866 642963 184139 598934 599099 545160 599664 545493 545157 545158 545159 599999 1137947
303971 544754 2259 544803 545230
303976 545006 623204 2259 26427 832481 950747 300544
832301 1118350 176155 183406 486 544899 545160 299870 140587 183515
544896 951497 1118316 621650 621926 1118520 642019 621422 1118450 184139 1118314 544899 598140
299788 300277 598939 299775 642840 642847 597992
300275 938902 643615 599711
299787 545280 299775 950636 642840 642847 643379 300277 599383
300277 642840 642847 299354 300047 598939 599693 176308
1118263 642488 643176 598380 598300 599721 176155 598956 832823 544972 301588 598350 598961 642445
140523 643615 299397 521724
494437 599699 598461 545431 644056
599719 643220 599718 545158 545405 544801 2259 487 177868 545471 544803 545230
599718 950880 642820 544907 544801 971661 177868 545230 888313 545158 545405 623204 1137947 2259 544803
300549 597935 1118705 770707 300543 598701 598027 950747
599712 599999 643937 1118706
599711 599877 643615 599999 642099 521250 299489 598121 2500
642820 545267 597933 545160 544801 621652 1118137 971271 487 544803 176169 605422 623204 544876 303889 544878
304086 300160 300046 300162 643687 545347 545346 643686
938902 597933 597938 176293 598414 304103 304105 183567 183366 183368 300803 599877 641944 642694 301309 176169 643056 642818 642654 643616 598462 183391 300354
545262 1118316 1065336 545180 759 1196193 950224 621926 598140
545261 545267 597933 643917 950636 544907 544809 176169 545159 545157
545267 597933 1118350 304100 776166 599099 545160 598241 176169 2177 599035 183366 303889 641944 183783 545157 545158 545159 770707 544876 544878
598121 299423 597992 486 643001 1118735 641882
184150 642508 833140 182819 183560 1196191 599090 183406 1118314
545186 888313 621652 770707 623204 544803 759 545230
144670 183648 301273 299549 183498 183366
598456 1118705 545529 643054 950636 621652 598790 623204 299775 545469 544908 597992
304108 832327 984188 599035 641944 1137947
545432 642482 599999 1118350 1118678 599216 643579 950880 598398 183479 770707 599617 643751
545431 770707 621422 621421 545166 950683 675785 598140
177868 643999 599556 600011 545405 643917
300836 890415 1118678 1118735 770707 599825
545344 153 300160 300162 1118320 643687 545348 740420 544874 545347 545346 643686
545347 301017 740420 545348 300046 1118320 643687 643686 544874 545346
545346 545348 300160 300046 300162 643687 643686 1118320 740420
300830 301577 183567 183391 184025 1196193 183005 544973
776166 545180 304100 599099 183648 599699 183645 598808 642790 598660 301081 545159 599998 182988 183790
950224 545479 599136 304036 832481
544899 299870 641924 545154
545536 643139 597935 599866 599999
183562 183560 183049 1196191
643999 642840 299354 892868 598956 950636 759 26427 1118705
1064681 770707 832359 1118641 300360 599825 1118272
183567 1118678 183391 183393 643505
183406 183560 833140 1521328 183049 183391
183564 938477 599664 183560 599825 486
544809 597933 643917 599035 183368 642503 643616 598462 598790
597933 304105 545160 598241 545493 544803 599877 832272 544801 545230 176169 544952 545170 642503 770707 545158 1118137 544876 303889 544878 300354
299870 184139 1118350
183368 1118706 832272 971271 598462 1118137 486 740420 1137947
544801 545160 544907 544803 643220 486 545154 545157 1118520 770707
544803 544907 545230 545154 545170 545157 642503 545158
183366 301081 1118137 544878 1118350 183391
17459 643140 643834 641882 599044 643937 641945 599036 598705 598300 642099 642974 2165
598398 642482 183479 641835 675767 599216 950880 642099 598808 770707 183495 299869 617986 832872 599617 643751
182910 643140 1521328
832272 597938 984188 599435 1118350 1118678 599664 642099 176274 832327 1118641 770707 832481
599875 1118707 1118320 544874 545348 740420 299952 153 300328
544876 888313 545160 623204 544878 545158 544907 487 545471
642973 131789 522378 642294 1128009 2165 599004
599225 642499 642017 598380 599551 832823
1118137 599435 304100 598934 545160 545157 183393
641924 1118631 972072 1118522 599699 950683 486
642977 599721 598271 598956 301588 598701 599825 643651 183515 832481
642974 599004 642294 598705 832721 641945 599044
971271 176454 642818 176169
183515 599866 599825
642877 950636 184025 1196193 599825 1118641 300360 544908 300047 832481
2499 522610 597938 641944 599035 2497
176169 1118350 598241 1137947 598684
888313 545408 642503 544907 545230
598628 301017 300162 1118320 599462 544874 545348 643687 300046
642508 643139 1118314 1196191 643481 642790 598808 598140
643056 643937 1118272 1128009 641945 599044 598462 643505
643054 182811 1118521 892868 183774 299549 182980 183507 598660 644024
642503 623204 544907
1118522 544903 544904 544905 544907 544753 176454 545528 599899
1118521 545057 183774 544903 545492 599260 598461
642500 643001 770707 832359 1196193 832541 598808
642963 301081 770707 1196191 1196193 643613
300601 1118316 545006 1196191
617986 641835 300381 300043 599216 1118671 599551 599617 643751
522378 300049 642294 599036 300121 176274 299489 598705 522610 2497 2165
675796 544952 1118705 545409 545405 599647 598956 600011 545479 544907 544836
598790 299549 1137947 598660 644024
643698 301017 300046 300162 643686 300381
300354 832327 641877 599036 599035 521724 304105
643751 301017 599216 599617
1118707 300319 176308
182980 182811 770707 184025 183507 1196193 644024 183076
598632 176155 521263 642694 643616
642488 1118735 643176 1118678 598574
643176 1118735 598574 598300 1118272
642482 675767 300381 599216 1118671 599617 183495 299868 299869
1521328 183648 301577 183391
183049 1118290 1118314 598140 833140 183560 182819 1196191 770707 182988 183007
176293 1118705 598462 598241
598300 544972 599664 1196193 1118641 642445 1118735 598961
176295 1118705 545405 950636 487
950683 545467 599090 544903 544904 544906 545492 644056 599699 599136 599260 176454 545528 599899 544905
299358 642017 770707
299354 599693 544836 598939 1196193 544908 486 832481
545493 1118314 1118319 545479 1118631 1058581 599099 486 1118705 770707 544878 605422
598934 597992 643615 984188 486 1118350 2500
599099 545154 545159 770707 641944 623204 304100 1118350
545166 1118520 1118319 599699 621926
621926 1118314 621650 1118520 1196191 832481 599423 544754
545160 599035 621652
1118631 599090 544904 544905 545492 544753 599260 176454 545528 599899
599090 598350 1118319 770707 599998 1118520 675785 599699
299423 1118706 641882 153
545006 938477 300544 643266 642659 300543 832481
598939 642840 950636 544952 545529 770707 300037 832481
643579 599877 1118671 599617 641944 832872
300121 299828 642099 521724 599426
832823 598380 599551 1118272
1058581 545057 545481 599136
1118705 545479 304062 643917 300047 642539 301273 599693 643220 545469 642840 545370 545405 544836 176308 300037 600011 545280
299952 642327 1118320 153 740420
599215 1118678 521263 642099 642694 1118706
1065336 1118314 1118316 545180 770707
1196191 643139 832359 599998 184139 832541 598027 598140 599216 183560 642660 643221 642019 599423 598701 598271 643613 643505 598808
1196193 642108 183618 832359 832541 599825 598027 300049 642499 599423 598701 643831 544972 598271 643613 643503 832481 642445 598961
598574 599721 642445 176155 770707 832359 301588 832541 599825 1118678 1118735
2165 131789 599044 599216 2497 642294 599036 1128009 643937 599004
544753 599699 486
544754 545408 2259
598350 1118735 770707
643831 1118678 643834 892868 299549 183507 598660
643832 1118706 643615 2500
643834 599664 1118641 599825 153
597992 642327 300037 642840 642847
642654 643139 598462 486
642659 643139 597935 1118520 486 950747
599611 545082 1118319 1118520 621422 621421 644056 642660
599999 599866 641877 1118678 643140 599877 184025 599426 832721 176305 643615 183007 300049
599998 599699 1118314 545180
598271 770707 643613
644024 182811 183507 299549
598808 183479 832359 184139 675767 301273 643001 182819 301081 183645 643710 770707
740420 300381 300046 643687 544874
643379 621652 545405 545479 599402
599004 597938 832706 642294 131789 642099 299348 301309 641945
301017 1118671 832721 300381
1118450 176454 833140 544903 545492
949785 545082 545283 545533 544905 599136 642660 300804 176454 545467 545017 598461 600011 545481
641877 299397 521250 1118350 300049
832359 832541 599825 643221 598701 890415 770707
832721 770707 1118678 1128009 598462 643505 521250
621650 1118520 545409 545180 621422 599423 1118314 832481 598140 1118290
299775 642840 642847
545479 599647 950636 544907 544836 951497 621652 545469 545370 545409 1118520 300037 605422
641835 183479 599617 599216 1128009 675767 641882
1118290 176454 182819 641946 643481 545159 832481
675767 833140 599216 183479 599423 599260
545471 2259 487 605422 545230
1118350 299549 304100 598660 183393 641889 599036 299828 545154 301081 183498 545157 545159 183495 643615 183790 300049
300381 300043 599216 299869
598414 598462 300803 770707 300049 641946 643221 304103 643505
599260 544903 644056 675785 599699 176454
641882 643615 832541 1118678
599721 176155 832541 1118678 1118735 598956 598701 486
300544 770707 300543 950747 832481
832541 1118735 599825 1118678 892868 643001 643222 598701 890415 770707
300543 643139 770707 486 832481 950747
641889 545280 1118678 599877 521263 950880 770707 544973 642985 599383
545230 971661 605422 545158 623204 544907
621422 1118314 642019 621652 770707 621421 599699
621421 1118314 598140 545492 599136 644056 545057 1118520 770707 598461 545481
544903 972072 545492 644056 675785 599699 486 1118520 770707
642099 643937 599435 1118678 642289 599044 299348
832872 950880 183479 599216 1118671 599877 486 770707
183005 301577 183007 160519
544905 1118314 972072 544904 644056 599699 486 1118520 599899
182811 183783 299549 182988 183507 598660
545180 1118316 621652 770707 598956 599136 1118520
182988 299549 183507
643266 938477 304036
140792 544836 599693 950636 642847 599402
182819 183495
621652 642841 599647 544907 598701 545370 545372 304036 545409 770707 623204 832481
140814 140996 1118576 598462 770707 299397
183618 950880 184025 301577 183391 183783
643481 1118314 832481 598140
598705 299397 642294 643937 641945 599036
598701 642499 153 770707 598027 598961
301309 599044 598462 1128009 643505 299489
545481 545057 545467 1118319 1118520 599136 644056
598660 299549 183507 299828 770707
675785 1118314 545467 544904 545492 599136 599699 644056 545528 599899
544952 971661 950880 643917
643710 642499 598380 176305 1118735 643613 1118272
183498 770707 833140
545408 971661 623204 605422
545409 599647 642841 545469 545370 599402 545372
300319 1118706 642017 300321 1118735
545405
598462 643917 1118678 599216 892868 300804 300803 176274 642818 643615
183495 183479 1118678 1118671 770707 599617 299868
599462 1118320 300328 544874 545348
600011 26455 950636 544836 545469 26426 623204
544874 153 1118320
183391 183137 950880 184025 486 183783 183393
2259 599035
183393 183137 833140 183783
544878 1137947 303889 487
643651 890415 1118678 643222 599551
544973 599877 184025 642445 642985
544972 1118735 892868 1118641 598961
950747 597935
545348 300160 1118320
643139 643221 599699 770707 301577 1118314 598140 176454
971661 597935 642108 304062 304100 544907 544836 545170 545157
176308 950636 642327
950880 183076 184025 642985
599435 832327 641944 545170 1118641
183479 183137 599216 770707 599617 183007
642017 1118678 642289
183774 1118735 642019 545492 599825
642840 304062 642841 642847 950636 545529 300037 832481
300804 1118678 643221 770707 545533 176454 545017 1118314 642660
2497 131789 299397 642294 643937
304103 1118314 304105 599877 641946 486
599825 176155 642108 599664 176305 643001 770707
300803 770707 643505 643221 641946
598461 1118319
304100 545159 545157 770707 623204 545158
545280 599383
1118576 140996 642694 641944 599031
1118678 599664 599866 598027 299397 598956 643001 643221 545492 642289 301180 643503 183790 832481
183783 1137947
300162 300160 643686
599216 770707 299869 599617
1118671 300043 301273 299869
176155 301588
301273
950636 599556 304062 300047 598956 599693 642539 545469 545370 599402 599383 544836 545529 300037 598684 832481
300160 153
2177 598241 597938 599035 643937
300360 770707 1118641
545492 545082 1118319 1118735 644056 642660 951497 599699 642019 545528 176454 770707
644056 1118314 1118319 544904 951497 599699 545467 545528 599899 770707 1118520
304105 832327 641944
643001
183076 486
643221 1118314 642818 770707 643505
643220 598241 599031
643222 890415 1118735 770707
642019 1118314 598140 599699
599664 597938 1118735 1118641 183790
642694 521263
184025 642985
26427 304062 544908 832481
26426 642539 300047 598684 300037 599402 832481
183645 160519 833140 770707
642327 642847
1118706 300321
545057 1118319 545017 1118735
131789 642294 599036
160519 184139 833140
642289 301180
176305 599866 1118641 599426
599044
599899 972072 544906 641948 599699 486 1118520
972072 544904
299868 299869
299869 599617
598684 642539 544908 832481
643503 892868 643613 1118735
643505 642818
521250 643616
642445 301180 770707 301588
598961 1118735 770707 1118641 598027
545469 599556 304062 642539 544908 599693 545370 545372 544836
597935 623204 759
183560 833140 770707 1118314 598140
1118314 598140 833140 545533 642660 599699 599423 599136 176454 832481
1118316 545154 598956
642108 759 770707 1118641
1118319 545082 545467 544906 599699 176454 599136 545017
597938 521724 521263 2500 641944 1118641 599426 299828 643615 299348
545533 642660
984188 599035 643917
599402 599647 544836 642841 545372
642294 832706 1128009 599036 641945 299348
643917 598956 544907 599693 599031 641944 832481
599647 951497 642841 545370 545372
545467 1118520 598140 599136
833140 183434 770707 486
598241 487
304036 938477 641948 486
892868 299549 544907 832481
599036 299348 521724
599035 770707 1137947
599031 183434 487
599136 599699 1118520 544906
642660 545082
176274 1118641 521724 643937
299489 832327 643615 1128009
641948 544906
759
641946 642818
641944 300049 300321 545158 545159 770707
641945 300047
1128009 832706 299348
599423 770707 832481 598140
832706
598956 26455 300047 1118735 951497 1118641 301588
599426 599866 1118641 153
545370 599693 545372
299828 299549 184139
545372 951497
183790 770707 1118641 184139
545170 545157 545158 623204 1137947 544908
642985 1118520 1118735
938477
544836 545529
545529 642847 599693
545528 951497 599699 1118520
522610 643615 521724 2500
301180 1118735
643616 1118641
770707 301577 598027 598140 304062 599877 643615 643613 832481 300047 300049 544906 544907 643140 599699 642790 184139 545158 545159
26455 300047 832481
304062 544907 623204 832481
643613
140587 299397
951497
303889
832481 183434 642499 642539 486 1118520 300037 300047
1118520 544904 544906 599699 176454
1118735 598027 140996 545283
521724 643937 832327
545082
153
643937
642847 300037
599866 300049
832327
598380 599551 301588
183434 487 486
299549 183507
184139
299397 300049
598027
598140 599699
599877 1137947
300043 599617
140996 545283
183137
300047
300046 643686
623204 544907 544908 545157
599617
300049 643615
599556
599551 642499
1118272
300328
301081
544904 599699
643686 643687 1118320
544906 599699
544907 605422 545157
544908 545157 642539
301577 599699
183507
300321
2500
643140
599693
183648 183007
642539
643615 299348
599699 545283
1118320
642790
545283
890415 642499
299348
487
486 176454 545154 642818 545157
643687
521263
176454
545154 545159
642818
545157 545158 1137947
545158 1137947
545159
545017
300037
1118641
642841
1137947
599383
183007
605422
642499
301588
