599682 770707 598402 598298 643438 1196191 598271 599257 598701 641996 300587 832669
1118219 545262 618371 183459 182943 184150 642963 184139 598564 183827 599090 183560 183481 183482 183986 544780 545492 183113 182979 643140 183552 643221 182872 641929 183936 599938 183790 642790 544897 183645 183088 545154 545159 183339 183049 643503 598808 641996 183149
643093 642184 598104 121 642019 545384 1118248 1196191 643481 544794 491 492
641872 1118678 1118614 770707 1118641 1118192 1118290 832541 642451 491 1118271 1118157
182943 599699 1118614 1118631 949785 1118463 183339 545255 1118319 1118252 1118271
832359 599310 598048 642725 598297 1064681 770707 1196191 1196193 599825 1118192 598701 832541 598808 643221 375954 599587 598402 375453
642781 641813 1118314 494437 598298 1118520 770707 1118614 545255 1196191 621422 1118157 544790 1118248 599257 599699 1118252 598104
1118290 643481 618371 599697 545159 183049 599511 621650 642633 832481 623021
598564 1118668 618371 770707 1196191 183645 184139 598808 375954 642451 599587
598048 642508 770707 1196191 643613 643481 598808 641996 599587 375453
545477 1118159 1118157 1058395 1118631 950683 621652 1118520 770707 1118248 544790 644056 492 599699
491 832857 642000 544829 183560 183049 183986 642837 642184 642633 644056 183113 832481
492 544958 545243 545166 544794 599090 544829 183482 598956 621421 675805 545492 599136 642660 623021 544965 642011 599048 621650 599938 642837 644056 545465 545467 545352 544834 832857 545154 545159 183339 598909 598908 544790 832481 832669
1118614 641813 598104 599257 545431 598140 643438 621422 621421 544906 621650 642019 643481 544896 598590 643630 642508 544958 545136 643399 641996
1058395 643279 642000 545180 545243 599257 545920 545166 545492 599136 598298 599699 545255 642837 644056 598590 643630 545528 545075 599048 598909 642633 832481 832669
545384 642184 1118319 544829 545180 599699 544794 184139 544897 599256 951070 599260 1118271
183482 183552 643139 183560 949785 1118319 599611 183339 951070 598140
598956 643630 1118159 599048 545180 1118641 1118678 1118735 832669 544897
621422 1118159 1118314 621650 770707 621652 599611 642019 1118248 621421 544896 545431 1118252 599699
621421 1118520 1118314 599257 545431 1118252 598140 545492 644056 1118157 599938 599136 598590 183552 832857 545078 599611 770707 598461 544794
1118192 643140 1064681 544958 643221 599048 832541 832670 599627 598590 598027 183790 183113 184139 183149 598961
544965 544834 641996 949785 1118319 770707 598461 599136 545465 951070 644056
545180 545262 1118271 642184 621650 621652 1118159 770707 183481 1118520 544897 599136 599998 832669 776166
598297 598226 642725 770707 599048 643438 1196191 642963 643503 598271 832541 599825
598298 1118319 545243 950683 643438 544906 545492 644056 675785 1118159 1118157 1118463 599699 599260 545528 643630 1118631 545078 1118521 1118520 770707 598271 544790 599257
599938 643140 1118157 949785 1118735 770707 598957 1118657 644056 951070 544972
643481 1118314 642508 209858 641996 1118248 643399 642633 832481 1118252 598140
121 183088 618371 544958 642011 545159 1064681 599998 183986 544896 183560 642660 832481 599627
642508 643139 641996 184150 1196191 599587 544794 642790 643399 375954 598808 1118314 1118252 598140
598701 621652 770707 1196191 1196193 598961 832541 598027 832669
599260 1118668 300587 642011 1118631 950683 1118521 599699 183986 599256 643934 1118463 644056 675785 545243 544829 599257
598590 641996 1118314 621650 770707 643780 642019 183481 1196193 544794 643399 675805 375954 209858 1118252 494437 375453
183552 643139 642184 182872 770707 183049 544794 1118314 641996 545154
545136 643139 1118668 641813 545078 643780 1118520 544897 641996 1118157
598461 642011 494437 949785 1118463 1118521 1118159 643438 544794 1118319
643399 209858 641996 183560 1196191 599511 599423 643279 642633 375954 1118314 599697 1118252 598140 375453
642633 643279 1118314 643934 599825 1118271 545920 1118678 621926 892868 623021 621652 1196193 599423 494437 1118520 770707 832481 375453
183790 1118668 1118678 770707 598226 1118657 1118641 184139 183149 1118271 776166
544972 598961 1118159 892868 1196193 1118657 1118641 599627 598402 1118735 832669
183149 1118668 1118678 641929 770707 598226 1196193 642790 184139 598402
599587 183459 184150 642963 183827 598140 183986 643221 182872 641929 183936 1196191 375954 183088 545159 770707 643613 643503 598808 641996
643139 209858 599699 770707 1196191 1118314 375954 643221 641996 598140
598104 641996 1118314 494437 642000 599090 599699 770707 1196191 545255 1118248 599257 209858 642660 1118252 598140
599511 643279 1118314 1118520 599423 621926 623021 598140 375453
598226 1118668 643140 1118678 545159 1064681 642184 599310 544780
599627 618371 1118678 599048 770707 832857 598961 832541 598027 832481 1118735 832669
643934 183339 642019 599699 770707 1196191 642837 599257 832481 641996
832541 1118678 642725 892868 770707 1196191 1196193 599825 1118735 598402
599825 642725 1064681 770707 1196193 598402 375954 642451 832669
183827 1118668 183088 618371 182872 183049 642963 598808 183113 182979 776166
1118271 545262 618371 599310 1064681 183986 544780 182979 643140 184150 599699 183645 642837 544897 545500 642184 545159 544958 832481
1118678 599048 643221 544829 544958 832670 643503 545492 598027 599256 832481 832669
892868 545920 544958 832670 599048 545255 643503 599256 832481
642725 770707 1196191 598808 375954 641996 642451 598402
544958 1118314 641996 770707 1118248 1196193 545492 1118520 642451
643438 1118314 641996 1118159 1196191 598271 544794 545243 599257 545492 209858 1118252 642011 375453
183986 1118668 599310 1118521 182979 770707 642790 643613 642963 599256 1118657 642451 776166
544780 1118668 642184 545159 1118657 599310 184139 598402
545492 1118319 545243 950683 1118252 1118735 1118463 644056 642660 300587 1118159 642011 1118157 599699 642019 951070 675785 643630 642184 545528 1118631 1118521 183339 770707 544794 544790 641996 599257
644056 1118520 1118314 1118319 545243 950683 1118252 675785 623021 599699 1118157 1118159 1118248 545465 951070 545467 545528 544834 643630 494437 545078 599611 770707 599257
623021 544897 621926 1118157 621650 1118520 770707 544896 545500 1118314 832481 598140 599697
643221 770707 1196191 375954 1118314 545352 598402
1118157 545243 599257 545166 544794 544829 642660 599697 599699 642019 545255 544896 544897 545465 675785 544834 643630 545078 183049 598909 598908 544790 832669
182872 1118668 183459 641929 183936 184150 183481 643613 642963 184139 598808 183645 776166
641929 183459 770707 183481 183645 642963 598808
183936 1118668 183088 545159 183049 643613 642790 183113 182979
1118159 643630 545528 832670 599699 545255 598957 832669 599257 545243
544896 1118668 643630 1118314 621650 1118520 642019 183481 184139 621926 641996 598140
544897 545262 184139 1118314 598140 776166 621926 544829 183481 599136 300587 642019 1118248 1196193 642184 599998 375453
375954 621652 642019 643613 641813 184139 642660 641996 642451 643780
1196193 545262 641813 642963 598027 545920 598957 182979 642451 832670 643780 599423 643630 598271 643613 598908 643503 598961 832481 832669
545352 544834 642000 949785 599611 1118314 951070 641996 598140
1118668 618371 183459 184139 599257 544829 1064681 183113 182979 643780 643140 183645 642790 183088 642184 545159 599998 544794 598808 641996
643630 545920 1118314 545528 209858 621652 1118735 770707 598402 375453 598140 832669
832857 949785 1118319 1118735 770707 1196191 598957 598961
494437 643279 599699 598909 598908 545431 641996
599048 621652 598957 1118735 832669
183049 183560 770707 1196191 1118314 641996 598140 375453
544794 949785 1118319 950683 1118252 1118631 183560 642660 642011 599699 642019 642837 642184 1118521 183339 598271 544790
643503 545920 598402 643613 642451 1118735 832669
544790 1118631 1118520 950683 544906 599257
641996 209858 1118252 598140 544829 642660 642019 1118248 545500 544834 545154 545078 599611 770707 598271 598909 1118314 375453
598961 1118735 770707 598957 1118641 598027 832669
545262 642184 544829 1118248 545500 621926 598140
618371 183459 599998 1118657 598808
1064681 832670 770707 1118657 1118641
1118314 641813 642000 184150 183113 643279 598140 621926 183560 642660 599697 621650 643780 599699 642019 599423 545500 599136 675785 544834 642451 599998 598909 598908 832481
183459 770707 1196191 643613 598808 776166
1118319 599611 642000 545243 599256 599257 545166 599090 544829 675805 544906 642011 599699 545255 599136 545465 545467 544834 642184 545078 183339 598909 598908
184150 183560 1196191 599090 183113 1118252
183481 770707 643613 545154
1118657 643140 642184 545154 832670 545159 183645 642790
643279 1118520 770707 599423 209858 599697 375453
545431 545166 209858 770707 950683 675785 375453 598140 675805
1118252 641813 642000 545243 599257 598140 599090 183560 183113 621650 643780 599699 642019 545255 642790 545500 544834 545154 598909 598908
776166 183088 642184 545159 643780 599998 599699 642790 598808 183645
598957 621652 1118641 1118735 832669
183560 770707 1196191 598140
675805 621652 599699 545255 545243 599256 545075 950683
183113 642019
642660 544834 949785 599611 1196191 1118248 951070
642451 642019 1196191 599998 642011 375453
300587 1118463 544829 545255 599256 598271 599257
621650 1118520 599423 545500 621926 832481 598140
621652 545920 770707 832481 832669
1118248 544834 599699 545255 545465
599423 545075 770707 1196191 598908 621926 832481 598140 375453
1118641 832670 182979 832669
599136 545078 949785 1118520 599699 950683 544906 675785 545467
951070 544834 643140 642184 642011 642000 599090 183339 545255 545467 545154
182979 599310 598808
544834 642000 949785 599611 598140
642184 599310 1118631 599090 544829 642019 545255 642790 545154 545159
545528 1118631 1118520 599699 545243 950683 675785 599257
545078 1118631 599090 545075 599699 950683 544906 675785 375453
545075 545166 621926 1118520 599699 545243 544906
1118520 545243 599257 545166 621926 599090 544906 599697 599699 545255 545500 545465 545467 599611 598909 832481
770707 642963 598027 598140 545920 599310 599090 544906 643140 599697 832670 643780 599699 545255 642837 642790 545500 545465 599256 183645 183088 545159 598271 643613 598909 598908 598808 184139 832481
643613 183088 598271 642963 1196191
598909 545166 642837 598908
598908 1196191 642837 642019
184139 599310 1196191 598808
832481 545920 621926 642837 375453
950683 545467 599090 599699 545255 545243 544906 599257
641813 209858 1196191 598271 599257 598140 375453
209858 643780
642000 1118631 949785 599611
545243 599256 621926 675785 599699 545255 1118521
642963 183088 1196191
599256 642011 1118521 1118463 599257
599257 949785 544829 1118463 675785 599699 545255 1118631 1118521 598271
598027 1118735 1196191 598402 832669
598140 599697 599699 642019 1196191 545467 183339 375453
545920 545154 832670 545159
545166 621926 599699 642837
621926 1196191 545500
949785 183339 545465 545467
599090 1118631 599998 545255 675785 599699
544829 1118521 1118463
1118735 545255 832669
832670 832669
544906 599699
1118521 642011
675785 599699 545467
599611 183339
643140 598402
642011 599699 545255 598271 1118463
599697 375453
643780 598808
599699 642019 545255 183339 599998 375453
642019 1196191 375453
1196191 183088 599998 598271 598808
545255 1118463 599998 375453
183645 598808
642790
599310 598808
545500
545465 545467
545467
598402 832669
183088 598808
642837
545154 545159
1118631
545159
183339
599998 832669
598271 832669
598808
1118463
832669
375453
