622000 950668 622284
949656 832284
951835 546726 643683 595334 546237 832766 832209
643311 950485 771238 775651
390656 951222
387736 389982 774017 376748 740984 390620 745409 776804
621744 950518
613057 770161
790793 598525
622732 621767
598560 769666
950822 833011
553024 483820 546427 832766 28597 546229 546795
598048 770707 1196191 643613 211714 643909 599587 375453
772533 832841
774932 832841
776843 832808
391172 389492 389465 391081 389781
1299267 28599
390480 389903 390470
949989 621769 546371 622370 621767 546344 622303 622305
599605 770473 643701 770707
771441 622755
387299 390596 390930 390336
772151 546770
621631 950520 210815
387789 390973 389842
419400 770174 771296
770294 832849
775683 832415
387781 388478
740792 642195
832639 832262 832417 28258 771244 772338 774906
623281 231751 950416 950415 951468
621446 951576 951775 950174 950091
930635 643427
621119 949763 774524 951556 621767 949874 949872 623236 775390 773275
950133 419093 613351 832417 613097 832415
771891 832841
832733 770174 774130 832766 771296 771297
740897 613259 622639
770831 613079
390624 775227 389562 390499 951441
546237 623142 772996 773889 773112 777054 770813 772410
774503 832950
390620 390617 391012 774020
388695 949991 951844 951441 745409 951592 776101
28537 832415 28580 390 28556
28536 598558 771400 1067720 1128804
28535 775193 771526 771965
622641 774988 770174 950612 622553 949873 832766
28533 832766
390090 771296 387348
28531 770707 598297 598689
623194 951768 951766
599734 598482 599554 775996 770707 599777 643750 598637 598640 599327
390394 774020 951605 28276 951222 951592 776101
28488 770707 774916
389664 268641 389663
613183 773618 774915
613182 773575 773577 777035 773616
388266 771408 376204 388816 951606
388265 376204
613186 613322 775652 773618 771244 772338 775432
775128 832950
523666 546118
832602 832959 772573 772521
769865 832849
775432 613282 613082 613049 28513 28820 613022 599823
775430 832415
389465 388881
525624 643669
546464 772521 613197
776329 832284
950485 643427
950440 832841
388286 391081 391216
595898 418578 598696 595788 950397
770587 832950
776062 833091
950098 622730
769860 832841
951540 832284
772338 613282 613351 832417 613390
388816
833217 769961 776796 772370 833013 951158 833238 950434 832952 774139 776549
833219 774411 770447 770163 774533 770707 773516 833011 775827 773381 771599 832455 775449 775552 773958
776105 391234
949724 832841
776103 390211 389793
776101 387811 390416 388878 391012
771481 832841
546300 1006864 774417 774017 773579 951292 772521 388881
389562 388404 744848
376880 643701 643914
388313 388312 390265
623146 772995 775509 950422 622964 211304 622992
770737 546770 832720
623144 771702
613332 777038 613351 769971 613322 775652 613216 773618 775837 774916
622947 950416 950601
771238 613079 613320 613060
950008 387338 621767
17310 832766
951538 832284
771609 594720 598396
775543 419581 419047
775227 390499 387800 388418 387872 595460 389903 390509 595545 390559 391033
950668 833011
525659 598581 642535
623026 950422 775509 268958
951244 622598
595739 598637 598640 598696 599777
951647 833011
774417 1067720 613042 546539
418819 951768 28323 769800
1060265 642195
774414 389982 268621
771543 28599 595334 613319
389537 389491 376204 951424 951441 951006 951002
951766 623234
622266 622553 771296 775404
387517 951605 833010
210703 950422 950426 950425
775827 832455
643701
375954 643489 599825 599587 642725 643613
769707 832792
599813 774071 598073 771109 770707 599405
613247 949717 2585 390 832415
643427 950346 950314 776527 1058884 949510 791838
642524 643669
595232 950397 950644
951158
773889
949984 832284 613263
770081 613346
774099 390837
771879 832415
950314 598144
1299189 28578
774524 546443 623116
951222 623238 622964 546637
1178138 388300 388001
774520 833010
28494 28459 770707 770254 598297
28495 770174
391234 387943 950522 390842 390596 388721
770642 833062 832963
387893 391123 390470
623246 951576 1015563 950174
621243 622710 949776 210395 622594
389832 390644
390320 774533 951567
622167 950422 833190 949585 950416
772845 613197
390281 950117 951845 376204 951607 951441 949509
210815 621496 621523 951454 950518 950519 950416
951151 833010
597998 771599
774707 832792 28553 832808
951006 390211 390167
376497 971740 621764
418888 833013 418482
791838
951002
949822 832309
376492 832415
775319 832415 740852
775204 833091
775317 832841
546637 950301 773664 211304
390842
599338 744852 770361 770707 1196191 1196193 745468 745277 744585 598402 598403
770468 832950
598696 599973 599777 598637 832743
950892 833010 387529 833011 595545
951464 832587
643669 599779 525617 769587 598297 525638 770707 769666 643909 598701 740420 597896
772938 832792 832808
418567 832415 390
772521 832645 832284 28464 622639 613346
772520 613351 832417 613105 418783 613202 613197 832642 418822 598309 832430
210317 621651 621645
210701 951735 950415
210927 949776
613060 771201 613320 613079 1060421
769587 643896
377314 598073
776318 832792 28585
771841 832841
771430 832950
613386 771201
949509 832490 389855
949614 833011
389268 391081
390211 390212 951380 890756 949948
949542 833008 832415 833012
391081 388379 832766 389498
28580 773602
599779
951465 833010
389749 388881
388422 774533
621496 950520
389427 776884
389424 388878
388810 387338
1299317 28462
770726 832415
1299312 28459
776387 28582 833122
599777 598049 599239 599973 598879 599312 832743
388817 777157 774323 771599
419361 2585 419123
387772 832246
772067 613079
776361 832950
772742 832841
546215 376748 772812 389788
949763 623116
949762 622723
950397
951468 622598 622304
769769 28555
774365 833011 389759 391216
774364 832587 833011
951467 623231
950191 833010
769762 833208
951463 211885 832587 833010
546344 211304
776384 832417 832336
622617 622992 621143 621354 622701
776380 644057 833062 832841 832963
1058884
387943 950714
775651 613079 613329
622619 622710 949776 951883 622594 623017
644095 777257 1196193 770707 1196191 598403
623018 950957 621767
390265 389492 389781
775267 832309
598297 642428 642342 597896 642725 598482 1196194 642500 770707 1196191 642329 599825 28588 594628 28499 28517 28820 598406 599581
772281 833011
390416 951612 951605
951423 832284
185721 951726 950174 951487
949585 622305 622304
775509
772626 832520
388887 772139 832766
389089 950248
771162 621105 28555 832209 545914 622848 546726
770809 598581
388881 391343 1006864 388880
388880 390357 390420 777037 773575 388879 546240
771741 840257
598073 598847 599933 598482 598572 770707 769666 599640 599742 598406 1196190 598689
375912 623116
771745 833238
951218 418991
17503 622731
388072 772812 951441 774020 268621
951217 832284 613263 613273 613135
388070 772996 776607
773437 621105 622848 546726 832209 621103
388379
613263 771201
951607 623010 391012 390646 832490
950612 621107 546427 546238
949717 643489
598640 598049 599239 599973 598879 599312 599405 832743
832455 832262 774411 776884 773380 840790 644057 833057 775552 594981
776038 388476 28588 388858 390509 390470
833190 772995 832309 949857 777052 951576 772813 951083 211304 771593 622968
950520 621523
776139 832415
598484 643226
770169 546229 832766
773602
598482 643226 642725 770707 28544 769666 28499 840156 28820 598406 599587
613202 613105 643694 643489 832430 773616
622834 546146 740984 772812
770161 613066 613351 389498 28551
770160 643226
770167 390141 389825 832246
770166 832246
622833 623077
951815 832415 832417 613356
774202 546443 832520
391074 771367 390357
389251 777157 951592 388758 774020
774207 832415
623114 773892 621192 950702
623116 613370 951556 770300 622089 950702 623236 775390 770409 621767 773864
623110 621768
28597 17432 770174 1067720 832720 950302 771297 771296 772814 546539 776806 832766 546229 770799 773394 833223
389887 767
777038 418822 613066 613049 613289 613390 613229
951840 832415 740852
951040 832841 598701
771510 643683 642668 642500 642725
525638 599825
387819 745409 376204 951441
390362 745409 388404 388756 744848
773864 546443 621192 621223
777035 832284
643151 776156
777037 833223 832766 832283
950416 621523 621644 622824
613027 832415 2585 390
951322 388942
951417 832950
595939 950298
832209 949589 545914 950301 211304 777054 771597 771399
599925 777123
210214 622303 951258 949879 949878
950852 622729 622598
621909 622990 950518
210212 622366 949878
832963 774411 832520 773930 832849 775874
546238 546443 621107 774988 951689 623129 546427 772812 546187
211342 623036 621897 210717 210249
623230 623232
774071 832841
623232 774017 832720
623234
623236 621769 621775
832808 771669 832417 770382 832284 771100 774903 774562 773227
623238 771297
950999 832841
949821 832841
419093
621759 622710 951576 949776 622678 950174
387910 772516
949540 546443
949551 613078
770338 390856
950835 622573
774992 832841
949874
949873 622553 375465 832766
949872
28820 774411 770707 773924 775565 598406 599640
388856 390559 388756 390399
951845 389855
388851 773575 777052 772812 777054
949879 622366
774924 643694
390499 388418 390470 388406 388858
775323 832415 832417 740852 418783
840257 769595 2585 832417 775837 950573 769480
595940 832246
419410 776796
951713 594981
1299217 28599
949973 621761 622715
772056 546443
622088 622089 622367
599341 642725
621997 545914 622755 950301 777052 951130
772149 832841
771367 390007
771669
772808 832841
772809 546815 621461
772410 832442
571071 832239
775538 832284
621475 949776 623077 621761 621763 623229 621308
832336 17447
832338 840587 840657 28577 775676
771881 832417
621394 949776
772223 832841
390143 391232 950714 833010
390617 387944 388823
622712 773575
390 833147 832417 832961 740852 418783 613320 613289 832419 832366 613170
950132 833208
613035 776759
388688 774411
546229 774915 1067720 950463 613197 774916 775552 17512
389663 389491
622654 622710 949776
774818 832284
553045 28462
546456 772812 268920 546539 268621
738950 642243
833008 832763 832417 949711
938912 599581
613066 613280 775152 770457 613322 775652
390185 773532 771399 772426 390188
390509
951601 833011
777157 387800 390242 595174 390470 388758 390399 595334 28588 388858 622896 388300 391033 594816
832950 773845 776670 774701 773319 773322 770443 773329 771664 950655 951416 951606 776231 775230 773318 775126
832638 774130
775785 833091
546759 951452 622964 546539
1128804
774130 545882 388151 622964 832766 390856
949880 622303
185474 546427
622730 378072 832490
832415 771753 772843 832366 774768 613170 833147 832961 774821 771109 770754 832417 769891 769890 740852 418783 613289 832419 770724 770163 613320 950054 771244 773272 774133 771201
971740 621760 951576 951083
832417 832645 771294 771928 771109 613259 770070 771242 832430 833012 775676 832959 771244 774133 771201 832874
972145 3691
594720 776884 598396
623087 832490 622756 622964 951083
774254 832841
951556 546443
951883 622594 621525 623229
832419 949897 950054
840790
776275 599933 599742
950341 832841
840156 28476 642329 599790
622232 949776
772321 832841
1064641 28476
28553 2585 832628
832792 770440 419338 775539 28577 776809 773227 776931
833223 772812 771297
613329 949587 950054
890415 643896
613082 613346
613083 769890
770724
744848 390644 387944 774020 389491 390830
28555 776796
613320
613322 642342 769971
28551 773618
622976 211304 950518
774139 833013
775555 832369
774323 389492 389781
622586 622588 621767
951424
775552
623010 951441 950117 951000
641990 771965 771539
623017 622710 949776 622594
389825 950302 388879
17432
621769 622369 621766 621767 621775 622932 622305
774178 28583 832309
949711
771555 546443 832284
949633 833010
622370 621767
770300 546443
210395 622710 949776 623229
211304 772995 621105 545914 621143 622233 390188 622701 622304
546262 643896 770707
391033 390399
621308 949776
832246 770159 390422 389628 390141 771599 388535
599239 598049 775996 770707 598637
387260 388858
951592 391012 388478 745409 832490
950302 388572 546213 622696 390673
776670
3691 594714 546443 622622 389492
28258
770159 390856
613259 613259
623279 777052 950301 546726 771702
890756
771256 833062
389852 389853 774533 951567
950301 621105 545914
775390 546443
950655
387348
389855 951441 951844
376395 643914
951393 832284
771700 621143
951258
774559 832766
767 390827
770799 832645 622896 545914 546240
773227
622304 950692 949580 622992 623077 622303 950429 622305 951130
772995 621143 832442
772996
598276 770707
951177 832587
390357 390644 387944 388823
773850 833010
419581 776796 771109 833013 613197 419026
621651 622911 951487
770370 832645
771703 832841
621654 774533
621655 951262 833011 833010
621765 950415 950631 621766 950887
622303 621767 622992 622303
390596 950714
950091 971538
949934 833011
642500 1196190 770707 1196193
643896 776156 770707
622280 951576
950874 832284 832874
622284 833011
949991
483820
642342 775652 599825 599581 599587
770382
1065485 643573
546146 772812
483828 1067720
950249 546443 418949
775676 832309 840587 28459 833238 28469
770388 642195
773355 833091
770163
951608 389239
418578 595788 642243 770707
951083 622694 621764 546060 832490
622305 622369 621775 950600 621645 546331
210249
390856 773579 772516
210717
387619 390644 776028
770474 643226
772516
598588 598403 770707 1196191 375453
268958
622755 777052
622756
642243 595788 770707 1196191 599340
951775 971538
773239 832841
622695 832490
613078 28577 832874
622696
769899 833062 832849
776156
390188 777207 950248
595545 776028 595788
599745 598049
622594 949776 622710 212053
775008 832587 833010
774916 613351 28578 613297 613289 613390 643694 28481 28469 418963
546855 623190
599742 775996 770707 642329 771599
774915 613390 832283 613229
613170 771201
390673 950463
951084 622694 832490 268621
594981 832262 773922 950463 775636 771398
622598
770070 613289
28599
769971
388418
391216 387338
772773 832841
598637 599312 599405 598049 599973 598879 599597 599327 832743
949844 833012
949845 622309
621770 621774 621767
1063002 772812
776482 832442
776013 832841
776415 832587
622113 623055 949776
769503 832284
387468 950714 833010
832587 774696 950714 773516 389853 28582 889270 770262 769482 951153 833010 774280
613282 775837 613280 775152
623142
613280
389793 951441
769891 740852
769890 613079
775193
776607
950180 613105
951452
613289 613390 613042 773618 771201
419123
744852
391343
28459 770174
622622
28512 774280
378072 622731
28517 594628 770707
774562
769482 833011
598406 599933 28544 769666 594628 125 599405 642725
160668 642329
598402 643141 643226 642725 643909 599825
598403 643226 642725 643909 599825 599587
390007
772139 832284 832645 613346
950117 390646 389239 621767 621774 832490 622073
775770 833062 832849
545914 774017 773275 774308 771597
546213
775295 832284
776527
950054 740852
774988 28344 28603 832766
950052 832874
769473 613135
1128172 598309
776030 833147
771260 832366
599640 770707 28499 599825 599405 775565
951130 622814
375453
775515 833238
769800 418783
832743 2585 599973 833116 599597 599405 598638 599327 832874 951394
771696 546443
951735
771692 832841
598049 599554 775996 599327
776757 832841
775995 832841
832284 950620 771294 418949 951783 773616 418930 769442 773390 832959 771244 950986
775996 599312 599823 599327 599405
771753
832283 832766 832490
771699 832841
773380
773381
773387 832841
621223 623129
949778 621761 623077
773388 832720
772257 833091
832442 777052 771702 771597
418385 833013
613351 775837 771244 771242 771201 832490
595174 595788 28588 771599
951606
613356 773664
950434
951689
622802 950644
387816 390167
613216 845063 771539 775837
951736 832849
623129
28588 770707
389366 774533
773579 832766 832720
595460 771274
773575 546240 832720 268621 832766
28583 949857 772001 773664
773577 832309
770754
950751 833011
771608 613097
387944 1078276 388404
599933 594628 770707
950931 622309
771526
418783 419602 832239 418963
390418 390422 774020
621354 622825
418930
387820 951441
950522 391232
950248 546770
390827 951441
770262
390559 775964
389982 774017 376748
389781 389048 388300 391014
387811 773757
774431 833011
832239 419343 418963 418480
775636
832841 775781 773397 772222 774013 833122 773145 775334 775393 770199 775882 770131 951237 770549 950753 774411 950644 950320 775844 769443 776011 771545 770132 770126 775325 772917 950297 770823 950298 772034 772220 772221 776081 773238 950645 773986
775632 390618
774436 388756
1006864 390420
642428 770707 771295
622964 622990
772222
546060 792361 949580
772220
772221
773319
773318
745468
832879 643226 598701
771599 833147 388381 388382 643683
623229 949776 622710 212053
950986 623190
622233 950992
622896 950992 622824 622825
771597 832520 621143
599581 770707
390950 951441
599587 770707 1196191 642329 643613 598847 643909 643914
832874 950920 951571 771201 418481
621768 623077 950738 950631
546815 376748 740984 772813 772812 951441
773924 832849
28570 833149
773922
771294 546240 832645 832766 613346
621760 621764
621761 949776 621763 950600 621767 622715
621763 950600
621764 951576
774411 832520 833062 832849
621766 622369
621767 622673 622715 613370 621924 621774 622369 622073 622367 622588 623077 622089 621847
1078276 745409 388402
833122 771946
389048
774720 546443 621192
598840 642725
418949
643613 376027 770707 1196191 1196193
598581 770707 642535
268641
389169 376748
231751
950346
949969 833091
775334
642725 770707 594628 1067720 1196191 599825
772034
28556
949963 832952
598879
419602
772813 28462 832766
772812 546240 494439 832766 268621 832490 745409
772814 832959 613390 546240
770409 546443 621192
391064 951567
773958 418991
951605
772426 622632
771946
776884 598396
832309 950174
951768
1067720 598558 833369 28544 771400 54785
950573
769442 832719
390242 773664
832650 832490
769443
770286 833208
621461
770813
777206 595428
771545
770473 644057
951394
832961 774133 832763
546443 621107 769499 773892 771504 772920 546427 950702 546187
950320
546440 950853
781 28582 390837
525645 599825
833014 833013
833013 832398 776796 832728
833012 419026
833011 951567 773363 770569 949605 951233 950714 771400 951153 598558 833010
833010 775971 776028 391232 773516 388721 774533 889270 833057 774117 951262
832628 776931
773986
642750 770457
622573 622309 951662
546726 949589 777054
54785
643909 770254 770707 769666 1196191 1196193 594628
951568 622731
951262 833147
951487 832490 621192
1129856 613319
740984 28462
769666 28544
950463
211885 951231
951567 388276
777207
1006640 546240
621143 771593 769676 622990 622701
622848 621105 621103
28464 776759
613312 613079
28469 770336
773516 833091
832398
594816
771399 622548
771398
950992
388621 776028
773532
950067 621799
950065 621799
613097 771109 771244 771201 773616
28544 1299281 594628 770707
595136 773757
28540 770457
951000
28573 594628 770707 597895
741569 777050 769676
950418 621523
622701 622990
546539
1121490 622309
951416
212053 769595 949776 621525
832490 774020 951441 951844 28462 622694 622497 376748
950753 598525
832719 950853 951783 613370 185665
775964
2585 613079 613135
622369 623077 546371
388478
17447
770126
599973
622367 622089
832849 773930 773894 773059 769455 773928 833062 599424 774100 769914 951374
951662 833147 622309
771400
889270
613079 771622
776011
950600 622715
375878 599825
546578 375465
950216 622089
832520 774100
621775
774133
389498
595788 770707
594714
770148 833062
950431 623077
598428 845063
772340 28603
388535 390399
643694 832642 771295 832430 775957
771244 613390 832645 418822 622639 832430
388300
950702
771242 28470
622992 622824 622990
622990
744585
643750
773622 833208 832952
773845
770336
525617
494439 268621
387872
770361
950518 389492
950519
774768
951374
376204 745409
598144
389283 951525
613105 832430
598309 771295 776759 774408
546795
950960 613346
599312
770447 833091
770440
621924 623077 623059
770443
833238 770174 832645 771296 832369
28577 950888 776238
773238
773928
546331
773363
775874 833062
770569
376748 28462 622497
28603 770174 771296 769676
772917
622720 949776
28499 775565 770707
390644 387800 388404 388858
390646 951441 951844
774533
833208
389842 390167
419338 833149
1196194
950645
642253 740420
1196191 599405 643683 643226 598701
613042 771100 771539 613390 773618 613229
1196193 643141 643226 598701 599825
622968 622966
774903
28585
833057
598572
774906
777123 642961 642195
388878
388879 388402 951292
622723 622825
622588 951525 623077
938945 642961
769961
771593
773757
1196190
792361 621645
388402 388756
949857
833116
388406
388404 774020 389491 390830
776081
772370
621645 622911 949580
621644
28323
949897
950844 833147
419343
388858
772001
621192
622824
776549
776931
621105 621103
621107 546427
773397
613297 832430 613197
621103
776796
613049 771539
621847 950697
832720
776759 28470
769499
770823
771296 28344 268621 622553 375465 832766 1059472
771297 832766
950620
622731
773145
28509 832766 773394
622632
390420 390422
185665
390169 390167
643683 153 595334 740420
951849 833091
388572
951576 971538 623057
388276
771109
613197 832430
390167 951441
771664
389492 391014
389491
740420 643226
546770
775449 833091
388476 390470 772238
771274
949878 622729 623077
389903
775971
1059472 622553 775404
951726
950738 623077
775844
545882
951231
951233
595428 776028
773390 832645 546240 613346
773393 832766
622814
773394
598701 153 770707 599424
643489 832642
387338
832430 832642 775957
419047
613229 773618
773664
775957 840657
950298
833369
388756 390399
622966
840587
613346 832645 773616
388758
28344 770174
268621 774017 546118
771702 621799
623103 949776
775230
28462 776804
950426
951441 387642 388942 390750 391012 621774 622073 389239 745409
950425
771201
951525
950429
951833 622309
950888
776600 833091
418822
387529
771539 613390
773978 833091
774017 621786
623036 621786
774408
387800
390422
950887 623231
622729
775837
951380 390212 390618
599825 790379 594628 770707 642329 599823
546118
391014
622932
391012 745409
418991
599823 770707
643573 833062 153
773892
599340
774100
418963 418480
594628 770707
772238
773894
622089 613370
790379
773329
613319
950644 833062
28481
774701
950631 621773
388721 391232 950714
644057 153
770131
770132
951783
773618 28578
622548
599597 938922
389853
390689 950714 390336
643226 153 152 770707
622309
773930 833062 598525
833091
599790
771295
949605
622073 621774
597895 597897
951454 621525 621523
598558
152
950957
949587
845063
951153
886889 642195
621799
418482
390336
771622
388151
775325
598847
597896 770707
597897
776238
971538 950174
391123
599049 598525
775652
28513
642329 770707
546187
390837
622553 770174 832766
777050
745277
777054
390830
951279 390750
390399
622497
599327 770707
599424 643141
598689 599405
622673 949776 623077
769595
546240
1299281
832645 771100 832959 28470 773616
622678 622710 949776
613390 771100
595334
832642 773616
770254
776231
950920
772843
390750 951611
390618 949948
949510
775781
621786
769480
390930
643914 376929 376027 770707
833147 950210
775152
391232 950715
389759 950714 950715
418480
775404
833062 773059 769675
621897
598525 153
833149
388823
949948
775393
642668
621774
621773
599405 770707
776809
776806
776804
769914
642195 153
938922
775565 642961
376929
949776 622710
621525 621523 623055 950694
621523
740852
388381
774013
376027
769675
769676 832766
613022
28470
622911
28476 770707
773112
832369
832366
644086 770707
388942
623059
622710
28578
1015563
623077 546371
949589
773059
546371
770549
389239
28582
770707 840657 642961 643141 598396 598638
390141
388382
949580
389628
832763
546427 770174
774308
832766 770174 375465 774020 776820
950415
418481
623055
950174
776820
622715
775126
832262
153 643141
623057
623190 950853
951612
950210
387642
951611
774117
388001
950601
642961
771965
771408
776028
17512
774280
774821
771928
951237
598638
832728
28523 950714
775539
613370 613273
770174 375465
599554
769455
622825
613273 613135
28276
622694
388312
771100
375465
775882
951571
623231
613135
211714
419026
777257
598396
773616
950853
643141
771504
622366
950714
774020 745409
390470
389788
622639
774696
951844
770199
950694
950697
777052
951292
268920
950297
950692
950422
125
772920
772573
950715
770457
773322
390212
642535
832959
390973
773275
773272
1060421
745409
832952
840657
