891741 642499 183467 642473 599721 598498 599551 643651 643222 642139 598992 642469 599240 832541 598027 643710 599150 599982 832669 300075
642386 641835 598398 545171 599216 598462 182795 17459 183479 643056 598837 642099 675767 642988 1118191 599783 643660
1118219 183710 598280 183715 182943 599847 182945 599279 598564 183482 641967 183403 643387 643385 183917 182819 545492 183856 642237 599938 183984 598660 183552 643710 183498 598947 183391 598789 183790 544973 183149 183148 642124 184176 183479 184078 301577 598223 183827 643844 183986 183387 544780 183384 643001 832654 599950 643221 182872 641929 183936 183286 832301 544897 544899 598605 183049 544797 643503 641996 182969 644024 545262 618371 183459 184150 183619 183618 300830 833140 299870 183562 183560 183567 642988 183113 182979 183621 183623 832272 599426 299828 184125 599670 182788 642963 182988 183759 182980 832930 641810 641811 599866 299745 299549 184139 598261 643209 599090 182795 182792 183039 643140 183648 184027 184025 183645 642790 599407 183088 301081 545154 545159 183339 599999 183007 598808 183535 183536
643310 598261 642733 643615 598462 641967 938902 544772 599525 544811 545352 491 183391
1118210 545139 545198 642939 641872 544958 545006 545137 183986 545166 641851 544796 642654 641858 300543 303893
598564 618371 598102 184139 833140 299870 832301 643387 643385 642451 545198 1196191 183645 375954 599407 1118668 299828 642500 770707 300295 598808 599587
598367 642274 832857 598266 300232 1118159 599938 1128366 949714 301588 63033 1196193 832669 598780
845759 183498 183715 299870 182819 183567 832301 183387 183391 183403 183148 833140
643827 598438 599849 1118678 598498 17459 643832 642099 643937 301171 598787 1118192
599600 769973 599849 833031 301171 599454 832450 545348 1065361 544874 643686 545344 598787 740420 301172 545346 545347 643440
521220 599158 643097 643832 598261 642733 643157 544809 643207 598791 642694 598655 303951 643937 599525 299576 301172 832930 599580 642556 598632
598957 890415 776156 832857 597923 832272 642108 1118327 599048 621652 599938 949714 598490 643593 832669 1118641 300836 1118159 1196193 642877 1118735 598961
599377 1118668 545154 598226 545159 1118657 303901 832301 642790 544780 598808 776166
177896 599849 300047 599721 643615 599637 599631 300525 300526 642877 599629 300075
643387 544899 833140 599407 299870 182788 641929 183403 770707 832301 643201 121 643385 184139 1118252 1118350 183536
643385 1118668 183710 618371 641813 183715 598403 299870 832301 643201 598102 833140 598987 544899 599407 182910
304014 643093 642781 950683 599825 492 598104 1118631 972072 598858 183984 950226 544903 544904 544905 644056 1118157 598298 599699 642019 1118248 949791 121 486 1118545 1118522 1118520 770707 544790 641996
183917 1118668 183648 183498 833140 1521329 1521328 183936 770707 183984 183384 183827 491
301065 1118169 1118559 642733 598462 597938 642166 598837 641967 598438 1120083 599525 139 1118350 1120035
1118449 642124 642184 643078 832272 643209 300360 832654 184027 643844 183986 598947 599310 544780 183645 643001 183535
183856 643831 642429 832654 598605 644024 1118192 125 182988 183507 598660 182980
642139 643211 642473 642123 642471 599240 176569 642017 599158 1118198 599150 153 642469
642184 545262 642124 643093 1118319 545180 598226 1118350 491 1118271 776166 599310 1118631 599090 544829 545384 544780 545492 1118668 832654 642019 545255 642790 544897 951070 183552 545154 642429 545159 1118657 544794
183088 1118668 183936 770707 1196191 643613 121 642963 183007 598808 183827 599587 776166
833031 769973 153 643161 599454 1118320 1118568 832450 545348 71 545344 545346 643686
599733 545061 545057 545056 949785 1118319 1118521 643844 949714 950226 621421 71 1058581 644056
938925 300804 643056 643157 598462 832721 545379 304108 642694 183387 643505 300526 598414
642633 643279 1118314 643934 599825 491 1118271 301255 545920 1118678 621926 642726 1058395 26454 892868 1118499 599880 623021 303893 642499 643985 621652 1196193 643481 599423 546042 26426 949791 545507 494437 1118520 770707 26455 643399 832481 375453 1118290
599279 183552 183621 833140 182943 832654 544794 1118271 1118522 486 641996 545154 492 621785
598102 1118314 598104 544958 770707 832301 643201 1196191 184139 544897 545431 486 544899 545154 492
598104 209858 643093 642000 642781 599257 545458 1118314 1118252 598140 1118614 599090 544905 642660 1078946 599699 832301 545255 1196191 544753 1118248 599891 494437 770707 641996
184176 183621 598280 299589 643054 643831 1118521 184025 525645 644024 183391 182969 183387 183774 182988 183507 182980 183148 492 183076
950722 301282 545154 544780 832654 641856 303901 183986 545102 299549 545100 641944 598789 544811 598660 183759 176169 545267
184078 641835 1521329 1521328 182795 183619 183618 182792 1118657 183391 299589 183827 183149 183936
183827 183710 618371 183715 642963 300830 776166 833140 183384 183113 182979 183648 182872 182819 183403 832301 184125 1118668 183498 182788 183049 598808 599587 183536
545206 544809 545267 597933 759 598788 522371 304076 304108 599035 1137947 545493 950224 493 599140 544811 303951
545418 643985 1118705 597931 984268 1058395 545409 545359 545479 3389 598956 600011 544907 544836
599454 769973 1118568 598837 544874 545348 599624 644022 301171 545344 643686
183984 183552 184150 300601 183560 183049 545384 1521329 950226 544899 492 621785
183986 1118657 599256 598438 1118350 491 1118271 776166 599310 599338 598837 1518749 182979 642451 643201 121 642790 599260 1118668 160519 1118521 770707 642963 643613 599587
183387 1118668 599238 833140 182792 184025 950880 643366 1118137 938902 1518749 641967 1118350 183148 183391
544780 299549 184139 139 1118350 1118271 599238 599310 1118559 641856 176169 832654 832301 641944 1118137 599525 598402 1118668 545159 598226 544797 1118657 641858
183384 1118668 183562 183936 770707 642549 183113 160519 183536
1120083 599238 598261 183715 597933 176569 597938 544809 598947 643937 301172 641981
2261 545312 1118705 951497 545314 545409 621652 544907 598544 598723 949791 950224 544962 304074 599403 545469 950184 545370 950636 2246 598814 544836
623021 621926 1118157 1118290 621650 644056 1118520 770707 599511 544896 544897 545500 1118314 832481 598140 492 599697
544788 544790 642781 599699 641924 675805 1118631 972072 598298 1118520 950224 544796 950683 1118522 1118545 951070 644056 545477 675785 544905
641981 599849 1118678 643221 545171 643615 599999 299397 522371 675802 521724 598438 544772 1120035 522478 300336
599950 1118668 183467 1118559 182795 598605 299397 598837 598705 644022 598438 644024 832930
599954 545312 545310 545314 598069 598544 950184 545493 304062 544962 544813 544836
299576 599875 770707 521263 599999 643931 1065361 642556 598787 301171 769973 544811 1118271 644094
546042 771510 642725 770707 642500 299745 599423 1118641 675767 832481 598402
299574 642017 1118678 599875 599231 598498 1118320 641856 1118192 545348 740420 643161 153
375954 183710 643139 641813 832359 184139 599825 833140 642725 642660 642451 643780 643221 621652 642019 598590 642508 300601 643613 643399 641996 599587
1118668 183710 598280 183715 599847 182945 675767 299449 641967 183403 182819 642237 599839 599260 833138 183498 545136 598947 183391 183790 183149 643392 642124 303901 598226 598223 643001 832654 182872 183936 832301 544896 176305 300601 544794 642445 644024 618371 545261 183459 643917 599238 833140 299870 1064681 183567 183113 182979 183623 182910 643209 618300 599426 184125 599670 643615 182988 599143 832930 641810 642246 599866 642166 299549 598300 184139 599257 598438 644094 832272 544829 643140 183648 643780 183645 642790 599407 301081 641996 545159 599999 599998 598808 599617 182795 183536
832857 642488 949785 1118319 598992 598991 599627 598632 63033 491 492 544823 598266 1118735 621421 777098 1058581 1118198 642274 1118327 1196191 598574 949714 125 1118263 1128366 545057 545056 176569 770707 598780 598961 642977
1118545 545166 545493 545078 545511 545075 598858 544794 544796 544896 544905 545431 545492 544904 545477 544903 599257
984268 597935 544836 300047 544959 598788 545359 304076 544847 545503 544907 304062 303893 303951
300601 642124 545006 545384 492 1196191 544961 1118271 375453
598605 301282 598280 643831 832654 299549 183507 598660 183076
183049 1118290 1118314 491 833140 183562 183560 598140 183403 183039 1118157 182819 183936 1196191 183552 770707 182988 183007 641996 375453
545291 643095 545267 597933 544809 304108 1137947 643937 599140 544811 139 1120035
644022 183467 675802 299397 598837 599035 642099 598705 522478 1120035
182969 1118271 183562 183619 182792 1196193 301577 182980 486 183149 183391 300830 183076
644024 618371 643054 643209 832654 525645 598280 1118192 182980 183507 183148 299549
300075 642017 26455 642123 492 301443 598069 950636 642840 599637 599627 600011 26426 1118705 832481 643566 832669
643211 643097 642488 643176 642123 1128366 599627 1118272 598791 599158 832823 1118198 598915 642274 598574 599240 949714 598666 1118263 1118567 642469 642447 598780
618371 183710 183459 599407 599998 121 1118657 599627 598808 1118350 1118271 1118290
183619 183936 182792 183618 183391 299589 183149 182980 183076
183618 950880 183936 182792 184025 1196193 301577 183391 299589
643279 209858 494437 1058395 1118520 770707 599511 599423 643399 1118314 375453 599697
522478 598261 299828 597933 832272 832654 597938 641944 598791 599035 545493 599426 599580 300321 303893
545061 545057 545056 1118157 1058395 949785 1118319 759 949714 621421 1058581 644056 544965
545063 641996 1118314 643093 598403 759 770707 1118248 486 1118252 598140 492 1118614
521263 599158 643097 598261 643157 176569 599215 597938 643207 598791 642694 599020 599525 599580 642556 598632
598858 643093 642781 950683 492 1058395 972072 545511 544903 675805 644056 675785 544905 1118157 599699 642019 1118248 544753 486 1118631 545077 1118522 1118520 770707 544790 641996
522371 1118450 597933 599866 597938 643931 598438 139 598261 598297 544809 599035 545493 1118191 300321 832272 832654 641944 599914 545171 1118522 770707 599774 599140
599880 642654 545536 642659 300543 642837 643366 621421 301577 643934 832481 641851
599338 643630 642726 770707 1196191 832359 832669 832481 1196193 598402 598403
675802 1118169 642246 1118559 832654 599999 597938 641944 598791 598837 599035 125 598438 139 599580 1118271
675805 545511 545075 599699 621652 545255 545243 544796 544904 492 545431 1118319 599256 598590 544903 950683
642988 299930 599216 299745 183479 1118499 598808 598398 1118350 303893
598910 545166 545079 642659 1118520 300543 642837 300295 643934 832481 492 641851
642451 642500 1118314 641872 545137 599825 642011 641882 642725 599664 545006 545198 642019 1196191 1196193 643834 544958 599998 643503 375453
598915 643159 598069 642840 599627 301172 599629 177853 1118678 1058395 1118735 1118192 304097 598574 599240 71 544813 1118263 176438 176569 770707 643593 832481 832669
642274 300232 1128366 599240 949714 643176 777098 598780 832669 1118263
769587 832898 642239 643833 599982 642726 643985 832359 643503 832541 598587 832669 642197
890415 642499 643985 643630 643222 832359 832541 300836 643651 599629 598587 832669
832670 971661 545920 643833 1118159 832272 1118559 892868 770707 1118657 1196193 623204 1118169 1118641 1118192 1118678 1064681 832669
1118327 598350 598956 642733 643999 643597 598791 643176 545432 642447 544972 832669 642889
1118705 642539 598814 598069 598456 545479 599624 300526 643917 300047 598791 643999 301443 599158 544847 303951 545493 300336 544849 300332 599693 545310 643220 301431 545503 545469 545359 545370 304062 544836 304097 642181 176438 544959 176308 545424 642840 600011 544813 484695 643190
1118248 641810 642124 642781 545458 545477 621785 545511 643093 545533 621422 545493 644056 642660 599699 545255 643481 544897 545465 544834 544958 545262 641996
618300 599304 299930 641835 598398 599216 299745 299337 183479 599617 300974 598654 643751 643689 599783 1064642 545432
1120035 183467 643095 598261 597933 299397 597938 544809 598705 598893 643937 599140 643392 300336
599670 599866 1064642 182979 770707 599143 139 643751 599999 1118271
598814 598069 140792 177857 299336 176308 300565 950636 545479 599624 544813 599402 177853
642181 545920 140792 26454 642539 950184 950636 600011 545469 544908 544813 492
176569 599849 642123 598380 599551 642017 599240 598655 598632 599627 1118735 832669 1118263
599774 599638 299930 598398 938902 545171 599216 598462 770707 599617 599627 545432 675767 1118191 598438 139 643751 598654
1065361 598261 299828 643207 641944 1118657 641967 599627 642694 599839 599580 301171 642556
599020 599849 1118678 643056 545171 643157 599999 598462 832721 598837 641967 303951 599839 598438 139 643660 643505
599143 599310 642725 301081 643780 642500 770707 1196191 1196193 183645
599140 598261 1118169 643095 545267 597933 597938 544809 304108 599035 598893 599426 598438 139 544811 521724
641810 641811 642000 544829 770707 545384 544897 544899 599407 759 492
641811 641996 545171 770707 491 643221 1118314 1118252 643660 492
641813 209858 1118614 545136 1196191 598271 1196193 642781 599257 1118314 1118252 598140 375453
209858 643139 643630 643780 643438 643481 643399 545431 641996 598590
642000 544834 300804 1118314 1058395 1118631 949785 1118319 599611 545533 545386 545102 545483 599638 951070 1118252 545352 491
545243 1118319 599256 950683 545006 492 1118252 621926 1058395 643438 545492 644056 675785 1118159 1118157 598298 599699 545255 486 599260 545528 545076 545075 1118520 1118521
545458 1118520 545536 1118522 599699 176454 599256 1118319 644056 599260
598438 599849 597938 598655 521724 598223 139 599783 1118271 598261 299449 1118559 299397 642099 303951 183467 832272 598705 1118641 599631 599914 598666 599580 643985 545158 643615 832930
644094 599866 598069 643931 643917 491 545920 300047 26455 598956 950636 544847 304097 642556 642889 971661 301165 641944 1196193 599631 26426 176438 599999 832481 300332
544823 1118735 599999 949714 1118678 599627 125 1118192 1118263 598655 598632
545920 545261 545424 299336 598069 597938 643844 598456 642840 545100 598723 599624 300525 300526 299354 300830 301255 300047 1058395 643999 892868 300565 545076 299775 303951 545493 544907 544908 544803 304097 303893 544801 545312 301165 642539 832272 621652 643630 184025 1196193 544962 304074 599637 545503 545502 71 599403 599402 642877 304171 545310 544836 545154 545157 545159 544959 176308 770707 304062 546062 598684 643503 176438 598788 832481 300332 776156 545379
545511 599699 1118157 1118631 972072 545077 545076 950683 544905 1118522 486 675785 492
544829 641924 1118157 641996 1118559 1118463 1118521 545384 545262 1118678 544897 1118319 599260 491 492 599257
641856 642124 642017 599875 545159 641946 303901 598791 598684 938902 544772 1137947
303951 599849 545261 545267 950880 598462 598069 545479 643917 544847 492 545493 950224 2246 544849 950764 971661 643221 599099 544907 544809 938902 599525 176169 544811 545171 643615 545157 770707 1137947 642447 544972
303893 597935 642166 545432 643220 1118559 545006 544809 544801 2246 493 642159 971660 545198 182910 1118191 545507 545501 486 544803 770707 544797 544796 641851 832481
544790 1118450 642781 950683 545477 492 1118631 972072 544903 544904 544905 544906 545492 951497 641924 1118157 598298 486 545077 1118522 1118520 544794 544796 599257
643780 545139 545136 770707 1196193 776166 598808 1118314 1118252 598590
1064642 299930 641835 598398 182795 299337 183479 599617 300974 545432 299852 643751 1118271 598654
304019 544834 545082 1118520 1118314 494437 949785 1118319 599611 545533 950226 545465 644056 951070 544965 492 1118157
832450 642239 643831 153 598498 642246 599875 643161 299397 599231 598705 643686 71 599150 598787 740420 545344
599240 643176 642123 642488 1128366 599627 1118272 598498 832823 643689 598574 598666 1118263 1118567 642469 642447 1118735 598780
949714 642488 642123 598992 598991 598490 832669 600011 599158 544972 599938 301588 545057 545056 300232 598684 545483 545481 642447 642445 598961 598780
599310 770707 832359 598226 184139 598808 182979 183535 1118271
642473 1118272 642017 1118678 599866 17459 599627 1118198 1118192 1118735 153
525645 643831 643833 643054 832359 299549 643503 832541 599825 598660
182795 599849 641872 183479 641835 599783 1118350 1118271 599216 598837 642099 1118191 184027 599839 643931 599999 643505 643751
832898 776156 643833 598297 770707 545255 1196193 125 598701 599825 598402
301081 183459 1118559 1118657 643366 1118271 598808 1118350 642963 776166
544811 643095 597931 597933 303901 643931 304108 545261 598223 304100 643917 598261 599035 300321 642556 300804 599525 641944 545379 544772 545352 176169 545171 545158 545159 545157 183759
643078 771510 770707 598837 1118641 643505 300360 599825 300525 300526 642877 643660 1118271 642429
642471 643832 545139 598498 642017 642469 1118678 598655 1118198 599627 300321 832669
598723 643220 1118631 950636 26454 643190 950184 623204 545479 621421 544813 644056 304097 544849 643999 492
950764 599099 545154 545267 545157 545136 545137 641944 643844 545100 184025 544907 304100 642197 832481 176169
643678 1118735 643834 1118157 1058395 544772 599215 598462 545379 641967 1118192 643505 643937 599525 486 598414 304103 492 938902
300332 598069 544813 643985 642539 950184 950636 304074 643593 486 26426 299354 492
183535 1118559 1521329 1118657 642166 1118169 1518749 1521328 160519 183759 183536
183536 183498 833140 1521329 182819 183286 643201 182788 184139 1521328
375453 598048 832359 599511 545431 598140 643438 599697 599699 642019 545255 599423 544897 598590 643630 545078 643399 832481 641996
183710 183498 833140 183562 770707 1118290 183113 833138
643097 599849 599215 599158 598655 598791 599525 599627 598632
598280 643831 1118614 643209 770707 643834 642963 598808 1118314 598660 599587
643095 598261 139 597933 832272 304108 544809 1118169 1137947 1118657 521724
771510 183623 642725 642108 183403 642500 832359 832214 643593 545493 832541 643834 832669 599631
643159 545312 642499 641785 598380 599551 300565 642120 642840 642847 599624 599403
643157 599849 643931 1118169 301171 300526 1118272 599216 599215 598837 300360 1118641 938902 599839 599525 643056 642733 643615 1118559 598462 643505
182792 182788 184025 1196193 300830 299589 183007 491 182980 183391
642781 1118314 599257 1118252 1118614 621422 544905 545198 1118157 598298 599699 1196191 545255 494437 545077 1118520 770707
545026 299930 599216 1118522 299337 770707 299745 486 545432 1118463 1118191 492 299852 182980 598654
598893 971661 971660 545157 545158 759 304100 546062 623204 1118657 1118137 521724 599624 544803 493
597931 597935 642659 545261 597933 1118350 832654 1118520 1118657 3389 544847 1118137 641851 545479 545359 643917 759 492
139 597933 304108 521724 299397 544809 300321 183467 832272 832654 641944 598705 599426 598666 299828 176305 643392
299449 832654 599999 598456 1118657 832481 643999 183149 182979 300830
304103 1118314 1118157 1058395 545171 641946 642549 545379 545100 938902 599525 486 544772 545352 643660 492 598414
491 642124 641872 300830 833140 545536 183560 643093 644056 643660 642197 182819 642837 183113 643710 545171 546062 643505 832481 641858
492 643093 675767 545477 299930 599721 300543 183482 598956 621421 544962 544965 643086 599938 642837 599631 544772 545469 599638 545079 642939 545137 642549 546062 600011 545483 545481 643651 642123 183774 301577 545198 599629 299589 545492 644056 304097 641924 643220 832654 832301 545192 304074 545352 304171 599891 544958 545424 544794 544797 544796 641851 544813 597935 545267 642108 299336 545432 304062 621785 599238 833140 545536 183567 545533 544801 599136 183621 832272 621650 1078946 545379 301588 642877 642660 544834 544836 598909 598908 300295 832481 545082 599048 599866 299354 599099 545166 599090 301443 544903 544904 300804 642011 545507 545502 545465 545467 176454 545154 545157 545159 642659 183339 599999 545017 183007 544905 832669
493 597933 545409 140792 304076 598789 545359 599402 484695
301255 1118678 643985 641872 26455 184027 598956 121 1518749 950636 832481
599158 1118735 643832 599215 599849 642469 643176 599627 598791 642694 598574 598655 1118198 598632
299930 599304 598398 299852 599216 770707 183479 599617 545432 1118191 486 599783 598654
1118614 641872 182943 599257 545431 598140 643438 621422 621421 544906 621650 642019 832301 643481 545139 544896 598590 643630 642508 544958 545136 643399 641996
950224 545262 545139 545079 545076 545136 545502 545479 598298 599136 832481 545477 621785
598791 599849 643176 643597 598655 598632 599624 1118272 1118678 599215 1118192 599627 642977 544813 599525 598666 599721 598787 642447
950226 544834 545082 176454 642011 182943 599938 183339 183482 544903 544905 545493 545481 598461 544965
183403 1521329 1521328 184150 599783 776166 833140 183560 1518749 182979 183648 182910 183936 832301 183113 183007
642556 643220 599875 599999 770707 643931 1118271 599866 938902 301171 598787 769973
642239 598297 17459 770707 1196191 1118192 599825 599627 1118272 1118271 642197
642237 643710 182872 1196191 643201 598987 1118314 1118252 183039 776166
301431 301443 304097 643999 598069 304074 598956 950636 642840 599627 544813 177857 1118735
599637 1118678 643220 599866 1118735 599999 599627 599631 599839 599825 598587 599629
599631 599849 17459 642840 643086 599627 599825 598587 599629 1118678 641882 1118735 598956 642099 177853 642889 598069 599839 599999 643593
544772 1118319 545102 299549 545100 1118290 599525 598414 545352 300321 643660 300804 643221 598789 641946 486 599260 599638 643056 545171 545159 642654 770707 642549 643505
599638 544834 643221 545171 949785 599611 598462 642549 545386 599511 545533 1118314 545465 486 642660 545352 643660
598590 1118314 1118252 1058395 621421 1118192 544905 832930 621650 642019 1196193 494437 770707 545017 544794 643399 641996
598350 1118567 183467 598490 599090 1118735 770707 545255 599627 300336 777098 1118263
643597 776156 643176 597923 121 599627 1118271 599825 642447 643689 642445 544972
642733 599849 599215 598462 598837 641967 1118192 643505 598632 599525 938902
598947 599866 1118559 299397 183149 1118657 1118271 544973 598660 1118350
598991 759 1118735 545017 598992 621421 545056 1058581 545481 832669
643399 599511 642508 641996 183560 1196191 643481 599423 1118314 1118252 598140 599697
643392 301282 1118559 1118350 1118521 770707 1118657 299549 486 598660
642124 1118559 832301 1118657 1118314 1118350 1118271
642120 598069 299336 598498 545424 300565 299775 642840 642847 599624 177853
642123 1118567 642488 599982 598266 1118735 642017 599627 1058581 643689 776156
303901 832654 1118137 1137947 1118350 643660 299549
643931 642017 643056 598498 641946 642469 598837 777098 599627 300321 832669 177853
643934 641996 300543 770707 642659 183339 642019 1196191 1118499 642837 643366 300295 301577 599257 832481 599260 599699
643937 643056 17459 598705 642099 521724
301171 599849 599627 300526 301172 598261 1118678 599551 1118192 643161 643207 1118320 832214 642694 643615 598787 599580
301172 599849 598069 642429 599866 599215 598462 832214 598223 598787 599624
546062 1058395 545076 544959 892868 770707 1196193 623204 544907 184027 484695 544803 545503 621652 598402 545502
1118272 183623 641872 1064681 643176 832823 643710 643056 598666 832669
1118271 545262 641872 182943 599847 832721 300543 641967 544961 184150 182819 642837 182945 598660 642429 183790 598837 183479 301577 599783 599216 599215 300360 183076 301282 598789 643222 832654 183286 642694 544897 544958 641851 642447 642445 597935 641835 545267 597933 545180 545384 545432 304100 545536 1064681 183567 182979 183623 598398 182910 832272 599426 545079 300295 832481 832930 599866 642166 598261 643366 643505 643140 599099 599699 183645 545500 176454 642654 545159 300232 599999
641785 642017 642469 299336 176308 545424 300565 598939 299775 642840 642847 599624 177853
300565 176308 598498 545424 598939 299775 642847 177853
304097 598069 177857 26454 950636 544908 544849 599693 301165 140792 950184 545469 599403 599402 176438 598684 544813 643999
301282 1118559 1118350 1118169 299549 1118137 1118657 598660
951497 643086 545528 832669 598298 598956 545479 544896 545492 544962 644056 545477 304171
545198 183621 642939 599825 486 598587 544897
1118157 641872 183774 599257 545477 545166 641882 598908 621421 544903 544904 544905 545492 644056 675785 599697 598298 599699 642019 545255 599938 544896 544897 545465 642660 544834 643630 545139 545078 545136 598909 544794 832669
182872 183552 598987 183459 641929 183936 184150 599407 183645 642963 184139 182988 598808 160519 643613 183039 599587 776166
641929 833140 183459 183286 770707 184025 183645 642963 182988 598808 183149 599587
1118159 642108 545180 183774 598456 599257 598587 545477 621422 643438 643844 598956 545492 644056 598298 599699 184027 545255 545503 643630 545528 598461 544973 544972 832669
183286 833140 770707 1118657 1196193 643366 1118252 1118350 183759
545192 545006 544797 642166 545507 832214 675767 1118191 486 641858 642159
643689 641835 598398 599216 299745 599617 300974 545432 642447
304076 301165 300047 26454 642539 950184 2246 177857 544849
183790 1118678 1118559 183149 599664 770707 1118657 598226 1118641 1118192 599914 184139 1118350 776166
304074 1118735 643190 643999 598069 950184 598939 950636 545479 643593 545469 544813 544908 26426 832481 299354
545359 545310 545314 1118522 598069 950636 545503 484695 545477 642839
599525 597938 598414 598498 598837 641967 642099 1118192 643660 641946 545379 938902 643834 598462 1118568 598787
545352 545261 1118314 949785 545102 545100 598140 545533 300321 300804 643221 641944 486 951070 544834 641996 643056 545171 599611 545017
599580 598261 599849 599664 599999 1118169 1118641 642099 598655 599914 598666 832930
304171 545310 1058395 545314 621652 598069 1196193 598456 544962 545477 642839
643985 1118678 26454 1118735 598956 599627 599150 832481 832669
643630 1118314 545479 598140 1058395 1118735 598956 545492 544962 644056 621652 776156 643086 598298 759 1196193 544896 71 598402 545528 770707 832669
544959 971661 545314 971660 1118522 621652 598069 545310 623204 545503 544962 950636 484695 545477 544836 642839
544958 1118314 1118678 545536 892868 545006 1118192 545492 832654 759 1196193 121 125 642939 1118520 770707 545137 641996
545424 545312 299336 598069 598939 642840 599624 486 544849 177853
183148 643054 183391 598226 182988 183507 183149 182980 183076
544794 1118450 643093 949785 1118319 598992 950683 1118252 1118631 183560 643438 545384 1118499 183339 621421 544903 545492 642660 183621 642011 599699 642019 642837 176454 642508 1118521 598271 598461 300295 183552
544797 599238 599304 1118559 621926 770707 642166 545507 641851 544801 486 949791 641858 642159
544796 1118631 1058395 1118522 1118520 545006 544753 950683 486 675785
641851 597935 26454 1118520 545006 300543 545501 641858 642659
599048 1118678 598297 1058395 950880 621652 892868 598956 599627 832669 642447 598655 1118735 1118192
544813 545261 598069 301165 598456 545479 600011 304062 299354 643917 643999 301443 598939 544847 544849 545312 599693 545310 643220 140792 545469 642539 545370 599402 176169 544836 545409 176438 176308 642840 486 599403 643190 598684
641996 643139 545082 545136 1118252 598140 598048 599099 642725 643438 545386 545492 642660 544965 642019 832301 643481 544896 71 545500 544899 833140 183552 642508 545154 494437 545078 545077 599611 770707 598271 598909 544834 1118314 599587
641858 486 770707 545006 300543 545507 832214 675767 1118191 544801 642166 642159
642499 1118567 643710 598701 599551 776156 1196193 599627 832481 832669
183459 832654 770707 1196191 643613 598808 184125 599407 599587 776166
299336 950880 598069 597938 299775 599624 299354 177857 643999 598939 598956 950636 544908 183076 1196193 599403 26426 770707 486 832481
299337 1118678 598398 643161 599216 545171 1118320 1118568 599783 545432 300974 643751 777098 299852
598992 598266 1058581 1128366 621421 301588 71 545481 63033 832669 1118263
545102 300804 598398 545267 545171 641946 770707 545017 545100 642549 545159 176454 643221 643660 1118290
1118657 642246 599866 599624 832721 299549 598300 598223 304100 183759 599238 599099 643209 1064681 643844 641967 642099 643001 598655 642197 643140 597923 832272 598261 182819 832654 184027 832301 641944 599938 642790 599426 183645 598660 176169 545154 545157 643615 599999 183391 643505 598789 545159 642447 544973 642445 544972 832930
545100 971660 598398 545267 545171 641946 598788 770707 642549 545159 544907 643221 643660 545017 598414
643593 643086 1058395 642108 621652 642500 598956 183498 1118192 300836 598587 832669
177857 598069 642539 643190 642840 599403 598684 545370 300526 544849 643999
177853 598069 176308 598939 299775 642840 642847 304062
599238 599866 832654 1118559 544897 486
1118559 599866 642166 598223 598261 643366 544801 182979 832272 832654 832301 300525 599426 598660 545154 176305 643615 545159 832930
599231 153 71 643161 599875 1118320 544874 545348 740420 545347
301443 26455 950636 643999 598069 545310 3389 623204 600011 545469 26426 642839
1118499 598908 545536 642654 300543 642837 300295 301577 832481
183113 183562 183936 184150 642019 1118192 182819 1118314 1118252 183039
182979 183648 183715 183936 1118641 1196193 598808 160519 642166 642429 182910
183621 183552 833140 1118522 832654 183774 1118521 621785
183623 1118678 599664 1118641 1118192 160519 184139 642429
643209 643831 642246 643613 643366 1118350
643161 545348 153 642246 1118320 544874 643440 71 545344 599150 545347 545346 643686
621650 1118520 621926 545409 545180 621422 599423 544896 545500 1118314 832481 1118252 598140 1118290
621652 545501 545180 545310 598456 545479 545477 621422 544907 544962 776156 545503 545502 598701 545370 484695 545409 770707 623204 832481 832669
643201 643710 598297 182788 832301 1118678 598987 599407 300830
951070 545082 545384 599090 545533 183482 545492 644056 642660 544965 643140 300804 642011 1078946 545255 599938 545467 544834 545154 183339
599304 971660 299745 770707 599849 642166 545507 598654 544801 486 599783 776156 1118350 299852
599511 621926 1118520 599423 1118290 1118314 598140
545079 971661 597935 1118319 642659 623204 545501 486 545477 759 545502
545171 1118314 597933 598462 832721 299549 642549 304100 598414 598837 643660 300804 643221 545261 832654 641944 121 176169 643056 545379 598398 545157 770707 545017 183391 598789 598788 642445
545077 1118631 972072 599699 544753 544904 545076 545477 544905
545076 971661 599699 770707 623204 950683 544962 644056 675785 545502
545075 545166 1058395 545078 1118520 599699 599423 544906 621926 949791
598909 545166 1118314 1058395 1118319 1118520 770707 642837 598908 1118252 494437
598908 1118314 1118319 26454 642019 1196191 1196193 642837 599423 770707 1118252 494437
643440 769973 153 1118320 1118568 544874 545348 740420 545346 643686
643566 26455 26454 598498 598956 950636 1118678 1118192 26426 598587 1118735
183759 971661 832654 1118137 1118350 176169
832930 299549 1118314 599783 1118350 833140 642159 832654 125 599426 160519 770707 642963 643751 599587
642246 642429 832654 599866 176305 598300 599426 740420 598223
598223 832272 545159 597938 1118169 1118641 1118350
642166 182910 599999 832301 545507 544801 1118641 599866 598808 544803 642159
300525 1518749 26454 892868 770707 1196193 1118641 300360 544908 599914 300526 642877 832481 300336
300526 598069 1118169 598414 598956 950636 598837 643660 300360 1196193 545379 1118641 642877 598462 598684 643505 832481 300336
598587 1118735 642108 599627 300836 599629 1118678 641882 892868 643844 1058581 643086 1118567 642939 643651 832669 642977
777098 599982 643710 598380 599551 832823 832669 598780
769973 545348 599938 544874 643686 545344 598787
599982 1118567 643710 598498 1118735 770707 776156 1118678 1118192 832669 598701 832541 153 598027 833138
598266 1128366 599627 598574 63033 598780 832669 1118263
26454 642654 643999 643190 642837 300295 832481 642877 642659
26455 301165 300047 598956 600011 832669 832481 642839
643093 642019 545384 545386 643481 121 1196191
598544 545310 545314 598069 3389 545479 545503 71 544962 484695 642839
643207 599849 1118678 598462 599215 599999 642099 938902 599627
643366 832272 1118641 598808 183391
599150 598498 1118320 642469 599627 125 71 1118198 153
1078946 1118450 1118522 759 599611 1118192 599257 1118319 644056 1118252
642889 599849 643615 1118735 770707 599627 599825 599999 832669
971661 597935 544836 642108 545157 544907 545501 304062 544962 545503 304100 598788 832669 545502
971660 597933 545157 545158 598788 545493 544907 544801 545503 544803
545310 304062 299354 545477 1058395 598939 950636 544962 545312 545314 545503 176308 600011
300804 1118678 643221 598462 770707 545533 642549 176454 949785 545017 1118314 642660
642011 599891 176454 1118463 1118521 599699 643438 598271 598461 121 544753 599256 545255 1118319 599260 545492
545314 1058395 950184 545479 545503 600011 304062
184027 643833 599999 643844 184025 598226 1118641 1518749 160519 183149
950184 545261 598069 545479 304062 300047 544809 544847 544962 599693 301165 544908 545469 832481
184025 299589 950880 300830 643844 183149 598226 1518749 544973 642877 599999 182980 183391
949791 545166 545479 544904 545500 832481 545477 621785
545507 621926 642725 545159 1118191 544801 642159
545503 598069 545477 598956 950636 544962 642839 1118522 623204 484695
545469 598069 598456 545479 304062 642539 950636 544908 544849 599693 545370 544836 545409 643190 600011
71 598380 299775 642847 599624 598490 643438 641967 544962 599938 832214 598456 183339 545481 598780
545500 545262 621926 1118520 770707 1118314 1118252
599403 545312 599624 950636 599402 26426 544849
545465 949785 1118319 1118520 770707 644056 545467 544965
545467 949785 1118319 1118520 675785 545483 599136 644056 545481 598140 950683
599407 183715 299870 642500 832301 184139 598987 833138 182910
598402 643140 643833 643221 643220 642725 832359 643503 832541 599825 598027 544972 183149 832669
598403 183552 643139 598808 642725 832359 598987 599825 599587
300232 545056 641872 770707 1128366 301588 63033 598780 1118263
183339 599611 949785 182943 599699 545492 183482 545536 1118319 598140
299745 599216 183479 545432 1118191 598398 599783 598654
300336 183467 598490 598069 299397 598956 598684 599627 642877 832669
832669 1128366 598655 598490 1058395 598956 643660 183467 300360 1058581 598701 1118567 598462 1118568 643651 544972 598780 950880 599627 63033 598027 1118678 642726 950636 1518749 643222 26426 1118263 832214 643503 642445 598961 545180 486 300836 776156 832272 641946 1118641 642977 642488 598380 599825 598300 598632 300047 1118735 832823 544907 544908 300321 1196193 598574 599998 598271 740420 301588
599849 599664 599999 599839 832721 598655 598632 599825 599629 1118678 641882 599215 1118192 642099 301165 832272 832654 642694 599426 643834 642877 643832 299828 176305 643615 770707 598787 599627 521724
598048 642508 770707 1196191 832359 643613 643481 598808 833138 599587
182943 1118450 1118631 949785 1118463 599699 545255 182945 1118319 1118252 1118522
599847 643831 1118678 17459 598808 598705 545432 675767 599839 599825 1118735 776166
182945 892868 545255 121 1118319 486 1118463 1118522
1118169 176305 832272 832654 597938 832301 544809 643505 599426 545158 304108
598655 950880 599627 598632 643917 598261 1118678 1118735 642099 1118192 776156 642694 598666 643832 599999 642447
598654 300974 545432 599783 643751
3389 176438 544849 544847 600011 300047 643917 176169
183715 183936 642963 1118137 160519 1118350 599587
598490 183467 642445 1118567 643844 599627 63033 544973 544972 1118263
1058395 545180 183774 545479 599257 545477 544905 545166 599721 544903 544907 545492 544962 644056 643086 598298 599699 545255 642837 599136 544973 545056 545528 545483 545481 832481
598498 176308 642469 642840 599627 125 832823 1118198 153
545384 1118319 545180 599699 545386 184139 544897 599256 599260 642429 544961 621785
183482 183552 643139 833140 545536 183562 183560 949785 1118319 598140 599611
545386 545082 641924 545078 1118319 599611 545017 544753 1118631
641872 641835 599664 770707 1118641 1118192 1118290 832541 26426 1118678 641882
544847 545261 597933 545157 545158 176438 545379 599035 598789 544907 544849 643917 176169 643220
641967 153 599664 642099 598837 1118641 599914 643056 776166
1118192 599664 832359 832721 598632 832541 300836 599629 642469 641882 599721 599216 1064681 598837 642099 643001 643140 599627 643086 643221 599215 832272 643222 643176 598027 599839 184139 643831 643832 643833 643834 176305 598462 598787 643651 183149 598961
1118191 598398 833140 599216 641835 545432 183007 599783 299852
544962 545479 304062 545477 544908 484695 642839 544836 545409 770707 623204 1118522 832481
2246 643220 643999 643190 545479 544907 544803 176169
544961 545262 642429 759 545180 776166 544897 599136 544899 621785
544849 598069 545370 299354 642539 950636 301165 140792 544836 599402 643190
643660 545261 832721 300830 183567 598837 300360 643221 121 642654 598462 545017 643505
1118198 642017 641946 642469 832541 176308
544965 544834 545057 545056 949785 1118319 770707 486 598461 544903 599136 644056
183467 1118567 299397 599627
643086 641882 643844 600011 1118678 300836 486 599629
299589 183391 1521329 1521328 301577 183149 599999 300830 183076
598297 642500 642725 643438 770707 1196191 598226 642963 643503 832541 599825 598271 832359
598298 1118520 1118319 950683 643438 544904 544905 544906 545492 644056 675785 1118463 599699 599260 545528 1118631 1118521 545078 770707 598271 599257
598069 642539 597938 598939 299775 545479 304062 643999 950636 545493 544907 299354 545312 599693 643220 832272 140792 545370 26426 176169 544836 176438 176308 600011 832481 598684
599938 643140 949785 1118735 770707 621421 1058581 644056 544972 643001 153
642837 545166 642654 545536 642659 770707 300543 300295 759 832481
121 1064681 599627 183562 183560 183567 642660 832272 832654 544896 544899 545159 599998 642159 643505 832481
125 597923 545159 832654 832359 183498 832481 833140
599839 1118678 642429 599664 599999 832721 598837 643615 599914
832721 598261 1118678 598462 770707 598837 599999 643505
642839 176308 770707 26426 950636 600011 304062 598939 299354 599624 832481
1118567 642726 599721 599551 643651 643222 643176 642977 643710 598027 598666 597923
1128366 599721 642488 643176 301588 832823 642445 544972 598780
545139 972072 949785 545136 545137 544906 486
642429 182910 182819 642500 770707 183498 300360 544899 832272
642939 599664 1064681 545137 544753 599825 486
176438 599627 486 643917
545078 1118631 599090 599699 545136 621421 544903 950683 544906 1118319 599136 675785 644056
545136 643139 545536 1118520 545137 1118450 544897
545137 545006 599825 486
642549 643221 642654 770707 545017 643505
1118568 300974 642694 544874 545347 545346 643751 643686
545483 949785 1118319 1118520 621421 950683 644056 599136
598789 545267 598462 1118137 486 1118350
598788 643221 545158 545157 770707 545267 545379 1137947 598414
598787 599215 643686 642099
484695 545370 545409 1118522 598956 623204 950636
183149 1521328 598226 184139 300830 1118678 183567 1196193 642790 160519 770707 183391 183007 182980
599587 184150 832359 642963 675767 598140 599099 643221 183936 1196191 598987 642508 545159 770707 643613 643503 598808
598780 1118319 770707 621421 643176 301588 545056 63033 598666 1118263
598226 643140 545159 1064681 643844 1118678 598660 176169 642197
599627 598462 643176 598632 832541 300836 599629 598027 1118735 599551 299397 642488 740420 832823 544907 300321 643222 301588 643651 598666 1118678 833138 643832 642977 642447 770707 643710 832481 544972 598961
599624 299775 642840 642847 598956 950636 544908 832272 642877 598456
599629 597923 759 1118735 599999 643832 598956 300836 1118678
599783 183479 300974 641835 545432 1118350 599216 642099 299852 599617 643751
642539 301165 950636 598684 544908 26426 832481
642726 599721 1118735 1196193 642977 598701 598808 832481 643613
642725 598808 770707 1196191 832359 176305 832541 599825
642469 642017 1118678 643832 153
545477 950683 304062 972072 644056 599699 486 1118631 1118522 1118520 770707
643844 950880 1118735 544973 643001
1518749 183648 832272 832654 300360
183936 832301 642790 184125 160519 182788 545159 643613 183391 183007
299852 641835 598398 599216 183479 770707 599617 545432 643751
301165 300047 598462 643917
597923 776156 621926 892868 1196193 642447 544972 598961
1118463 599891 176454 545255 544753 544903 599256 599257 545492 599260 598461
832654 599664 545267 599866 184139 599099 1118678 1118350 892868 642099 643221 545493 832272 832301 1118137 599914 598660 176169 833140 160519 176305 545157 545158 545159 599999 642963 1137947 1118314 521724
832301 1118252 1118350 486 544899 299870
544896 621926 1118520 642019 621422 1118450 184139 1118314 544899 598140
938902 597933 597938 598414 598261 183567 641944 642694 176169 643056 642654 598462 183391
544899 299870 641924 544897 545154 621785
1118263 642488 643176 598380 598300 599721 598956 832823 544972 832214 301588 642445 598961
494437 599699 598461 545431 644056
544897 545262 1118450 545180 184139 1118314 598140 776166 621926 598956 599136 759 642019 1196193 599998
545262 545180 759 1196193 621926 598140
545261 545267 597933 545159 545157 544809 950636 176169 544907 643917 545379
545267 597933 304100 1118350 776166 599099 599035 641944 176169 545157 545158 545159 770707
184150 642508 833140 182819 183560 1196191 599090 1118314 1118252
598456 643054 623204 950636 299775 544908
304108 641944 599035 1137947
545432 950880 599999 183479 300974 1118350 1118678 599216 598398 770707 599617 643751
545431 770707 621422 621421 545166 950683 675785 598140
304062 545312 642840 950636 544907 770707 623204 832481
300836 1118678 1118735 770707 599825
545344 153 1118320 544874 545348 740420 545347 545346 643686
304100 599099 545158 545159 545157 770707 623204 1118137 1118350 776166
545346 545348 1118320 643686 740420 545347
300830 1521329 183567 1196193 182788 301577 544973 183391
776166 545180 599099 833138 183648 599699 183645 642790 184125 598660 545159 599998 182988 598808
545536 643139 597935 599866 599999 545501
183562 183560 1196191 183039
643999 892868 598956 950636 642840 759 299354
183560 833140 770707 1118314 1196191 1118252 598140
183567 1118678 1521329 183391 643505
545533 1118314 949785 1118252 642660
544809 597933 598462 599035 643917
299870 1118252 182788 184139 1118350
544801 545154 643220 597933 545157 1118520 770707 544907 486 544803 642159
544803 545154 597933 545157 545158 544907 642159
17459 643140 641882 598705 832214 598300 642099 643834
598398 950880 183479 300974 641835 675767 599216 642099 770707 599617 598808 643751
182910 643140 1521329 1521328 1118252 183039
832272 597933 597938 1118350 1118678 599664 642099 1118641 770707 832481
599875 153 1118320 544874 545348 740420
1118641 1064681 642108 597938 598300 599664 598956 300360 599426 599914 642877 643834 176305 544972 598961
641924 1118631 972072 1118522 599699 950683 486
301588 598380 598956 642977 598574 642445
598987 643710 833138 1196191 182988 183039
184125 833140 1196191 183007 598808 183039
642877 1196193 950636 599825 300360 544908 300047 832481
176169 597933 1118350 598684 1137947
642508 643139 1196191 643481 642790 598808 1118314 1118252 598140
643056 598462 598837 643505
643054 1118521 892868 183774 299549 183507 598660 182980
598837 598462 300360 598705 642694 643615 770707 643505
1118522 544903 544904 544905 544907 544753 545502 599891 176454 545528
1118521 545057 183774 544903 599256 599257 545492 599260 598461
642500 643001 770707 832359 1196193 832541 598808
642963 770707 1196191 643613 1196193 183039
300295 643139 770707 545006 599825 486
182988 299549 183507
184139 299828 1196191 598808 160519 770707
643751 599216 599617 300974
182980 770707 183076 183507 1196193
598632 642694 642447
642488 1118735 643176 1118678 598574 63033
643176 1118735 598300 598574 642447
1521329 183648 301577 183391
1521328 183648 182788 301577 183391
598300 544972 599664 1196193 642445 1118735 598961
950683 599257 599260 599090 544903 544904 544905 544906 545492 644056 599699 545255 545502 599136 176454 545528
299354 599693 544836 598939 544908 486 832481 1196193
545493 1118314 597933 1118319 545479 1118252 1118631 1058581 599099 486 598261 770707
599099 545154 545159 770707 641944 623204 1118350
545166 1118520 1118319 599699 621926
621926 1118314 1118520 1196191 832481 599423
1118631 599257 599090 544904 544905 545492 544753 599260 599891 176454 545528
599090 1118252 1118319 770707 599998 545255 1118520 675785 599699
1118735 183774 832541 598027 599664 598956 545492 643222 545255 598574 598666 643710 545057 643833 599721 643503 642447 544972 598961
545006 642659 300543 545501 832481 545502
598939 545312 770707 950636 642840 832481
832823 598380 599551 598666
1058581 545057 545481 599136 545056
183039 770707 183007
598261 597933 950880 599999 521724 1118678 642694 599426 643615 598462
1196191 643139 832359 598027 598140 599216 643438 642660 643221 642019 599423 598701 832541 599998 598271 643613 643505 598808
1196193 642108 832359 832541 599825 598027 642197 544972 599423 598701 599914 643831 643833 598271 643613 643503 642447 832481 642445 598961
598574 599721 63033 770707 832359 1118678 832541 599825 642445
544753 599891 599699 486
643831 1118678 643834 892868 299549 183507 598660
643832 643615 598666
643833 776156 1118678 643503 599825
643834 599664 599825 599914 153
642654 643139 598462 486
642659 643139 597935 1118520 486
599611 544834 545082 1118319 1118520 621422 621421 644056 642660
599999 599866 1118678 643140 599426 176305 643615 183007
599998 545180 1118314 599699 545255
598271 770707 643613 599257 643438 642977
486 833140 599721 300543 544903 544905 642197 545502 599891 176454 545154 545157 183391 832481 183076
598808 183479 832359 675767 643001 182819 183645 643710 770707
740420 544874 545347
1118450 176454 833140 544903 545492
949785 545082 599257 544905 599136 642660 176454 544834 545017 598461 600011 545481
832359 832541 599825 1064681 776156 643221 598701 770707
300974 599216 599617
299775 642840 642847
545479 950636 544907 545312 545370 544836 545409 1118520
641835 183479 599617 599216 675767 641882
1118290 176454 599697 182819 641946 643481 545159 832481
675767 833140 599216 183479 599423 599260
1118350 299549 299828 598660 183498 545154 545157 643615 545159
299397 1118678 598705
598414 598462 643221 641946 770707 643505
641882 643615 832541 1118678
599721 1118678 598956 642977 598701 832541
833138 1118252 1118314 643710 770707 183007
300543 643139 770707 832481
621422 1118314 642019 770707 621421 1118252 599699
621421 1118314 599257 1118252 598140 545492 599136 644056 183552 545057 545056 1118520 770707 598461 545481
642099 1118678 599215
642159 545159
544905 1118314 1118252 972072 544904 644056 599699 1118520
545180 770707 598956 599136 1118520
140792 599693 544836 950636 642847 599402
182819
643481 1118314 832481 1118252 598140
598705
598701 153 770707 832541 598027 598961 642977
598666 598380
599260 599256 544903 644056 675785 599699 176454 599257
598660 299549 183507 299828 770707
675785 1118314 599257 544903 544904 545492 644056 599699 545502 599136 545528
183552 643139 770707 1118314 545154
643710 598380 176305 643613
183498 833140 770707
545409 545370 599402
598462 643917 1118678 599216 892868 545379 643615
598461 643438 1118319
600011 950636 623204 26426 544836
544874 153 1118320 545347
183391 950880 182788
643651 1118678 643222 599551 776156 642977
544973 642447 642445
544972 892868 642447 598961
545348 1118320 545347
643139 599699 770707 301577 1118314 643221 598140 176454
545312 176308 950636 642847 599402
176308 950636
950880 183076
545481 545057 1118319 1118520 599136 644056
183479 599216 770707 599617 183007
642017 1118678
183774 642019 545492 599825
642840 642847 950636 832481
301577 599699 770707
642847
832541 599825 63033 1118678 892868 643001 776156 643222 770707
63033
598027 1118678 770707 776156 598961
545347 1118320 643686
1118678 599664 599866 599215 598956 545492 643001 643221 599914 599256 643503 832481 642197
599216 770707 599617
599215 832214 642694
643438 776156 544903 599257 545492 1118314 1118252
950636 300047 598956 599693 545370 599402 544836 598684 832481 643190
300360 1064681 770707
545492 545082 1118319 1118252 544903 644056 599699 642019 642660 545528 176454 770707 599257
644056 1118314 1118319 1118252 544903 544904 599699 545528 544834 1118520 770707 599257
643001 599825
183076
643221 1118314 545379 770707 643505
643220
643222 770707 776156
642019 1118314 1118252 598140 599699
599664 597938 599825
642694
545255 892868 1118252 1118319 599699 176454 1118520 770707 599257
26426 300047 598684 599402 832481 642197
599891 599699 599256 599257
545057 1118319 545017
545056 544834 1118319 1118520 759
160519 183645 833140
176305 599866 599426 599825
1118320 643686
972072 544903 544904
832214 300047
598684 544908 832481 643190
643503 892868 643613
643505 545379
642447 770707 598961
642445 770707
598961 770707
545502 623204 545501
597935 623204 545501 759
1064681 770707 599825
1118314 598140 833140 599697 599699 599423 599136 642660 544834 176454 832481
545501 623204 759
597933 1118137 545158 770707
642108 759 770707 599825
1118319 545082 599256 599257 544906 599699 176454 599136 544834 545017
597938 521724 641944 599426 599914 299828 643615
599402 544836
1118252 599257 598140 833140 599699 642790 544834 545154
643917 599693 641944 598956 544907 832481
621785 599136
833140 183645 182788 770707
892868 299549 599256 544907 642197 832481
599035 770707 1137947
599136 544906 599699 1118520
642660 544834 545082
642197 770707
776156
759
641946 545379
641944 300321 545158 545159 770707
545379 545157 545158
599423 770707 832481 598140
598956 300047 642977
599426 599866 153
545370 599693
299828 299549
544834 545082 598140
544836
545528 599699 1118520 599257
182788
643615 770707
770707 599825 643613 832481 599256 598140 300047 544903 544906 544907 643140 599697 599699 183645 642790 545158 545159
643613
832481 642977 643190 1118520 300047
1118520 599257 544903 544904 544906 599697 599699 176454
521724
545082
153
599866
598380 599551
599825 642977
299549 183507
599256 544903 599257
599257 544903 544904 599699 176454
598140 599697 599699
643190
300047
599617
599551
544903 599699
544904 599699
643686
544906 599699
544907 545157 623204
544908 545157 623204
183507
300321
643140
599693
183648 183007
599697 545017
599699
183645
642790
599914
176454
545154 545159
545157 1118137 545158 623204 1137947
545158 1137947
545159
545017
623204
1118137
1137947
183007
642977
