17255
17259
17260
17261
17305
17338
17345
17349
17405
17407
17414
17416
17418
17432
17434
17436
17441
17443
17445
17447
17449
17455
17463
17465
17467
17471
17473
17475
17480
17505
17509
17519
17520
17521
17531
17534
17576
17577
17638
17639
17640
17643
17657
17671
17672
17674
17694
17695
17700
17701
17702
17753
17762
17796
17797
17826
17827
17828
17829
17830
17859
26425
26427
26429
26431
26433
26434
26443
26445
26447
26448
26449
26453
26454
26455
26458
28254
28255 28375 28384 832792
28256 840587
28257 775432
28258 832639
28259 11162 832766
28260
28261
28262
28263
28264
28265
28266
28267 418783 28341 28397 832239 832415 390
28268
28269 1067720
28270
28271
28272
28273 28273
28274
28338 28375 28255 28431 28384
28339 770707
28340
28341 28267
28342
28343
28344 770174 771296 774988
28345
28346 949717 770425 597522
28347 840156
28348 600902 770799 777054 833131
28349
28350 774916 832733
28351
28352 1128209
28353 1081476 1080623 1078307 1078672
28354 419222 418482
28355 1118192 642963 643573 1064981 598987 600861 840156 599742 599587 362364 770707
28356 28676 771201
28357
28358
28359
28360 738877
28361
28362 28710 28608 418578 642243
28363
28364
28365
28366 599808 644057 598805
28367
28368
28369 1299221
28370 775676
28371
28372
28373
28374
28375 28255 775152 28384 28431 613280
28376 775538 769798
28377 1078186 772814 613197
28378
28379 832599
28380
28381
28382
28383 28613 28663 28642 832639 771526 775193
28384 28384 28255 1299205
28385 1299214
28386 1078093 28255
28387
28388
28389
28390
28391
28392
28393
28394 832239
28395
28396 376748
28397 28267 28341 1067720 772522 777038 774916
28398 832743
28399 1080996
28400
28401
28402
28403 1080623
28404
28405
28406
28407 28579 3691 774916
28408
28409
28410 774869
28411 773275 775432
28412 949717 950041 950039 950751 523665
28413 28323 1299286 770707 599596
28414 832209 28674 775432
28415
28416
28417
28418
28419 642342 121
28420 1198609 776387 833122
28421
28422 28632 28671 776238 28577
28423 774734
28424 832849 770294 833062 769865 774411
28425
28426
28427 770707
28428
28429
28430 950876 949510 951047 28336 597096 770425 597413 832628 597124 597317 596941
28431 28338
28432 771296 28603 775612 770174
28433 775432
28434 1299241
28435 1299233 776291
28436 832284 770425
28437
28438
28439 28521
28440
28441 28656 598637 599327 598879 598638 832599 599734 598049 775974
28442 28288 1299192
28443
28444 28633
28445
28446
28447 28511 597619 776549 1079299 1081251 28555 28474
28448 840156 598500 28476 642329 770707
28449
28450 28438
28451
28452
28453
28454
28455 28487
28456
28457
28458
28459 28494 1299312 770174 775676
28460 1299198
28461
28462 832490 1299317 553045 772813 740984 376748 776804
28463
28464 776759 772521
28465
28466
28467
28468 776346
28469 775676 770336 774916
28470 832645 776759 771242
28471
28472 1077826
28473 775672
28474
28475
28476 770707 840156 1064641
28477
28478
28479
28480 1299207
28481 774916
28482
28483 28502 28518
28484
28485
28486 1299232
28487
28488 774916 770707
28489
28490
28491
28492
28493
28494 598297 770707 770254
28495 770174
28496
28497
28498
28499 775565 770707 598482 598297 599640
28500
28501
28502 28590 28510 28572
28503
28504
28505
28506
28507
28508 1299361
28509 773394 832766
28510 28518 28572 28483
28511
28512 774280
28513 775432
28514
28515
28516
28517 770707 598297 594628
28518 28502 28572 28550 28483 773351
28519
28520
28521 1299301 1299228
28522 771712
28523 950714
28524
28525
28526
28527
28528
28529
28530
28531 770707 598297 598689
28532
28533 832766
28534 28529
28535 775193 771965 771526
28536 771400 1128804 598558 1067720
28537 28580 832415 28556 390
28538
28539
28540 770457
28541
28542
28543 1299193
28544 1299281 770707 769666 598482 598406 1067720 594628
28545
28546
28547
28548
28549
28550 28518 28483 28572
28551 773618 770161
28552 771748 211740
28553 774707 2585 832628
28554
28555 776796 769769 771162
28556
28557
28558
28559
28560
28561
28562
28563
28564
28565
28566
28567
28568
28569 771698 1299290 28518
28570 833149
28571
28572 28518 28483
28573 770707 597895 594628
28574
28575
28576 772142 770820 769695
28577 613078 776238 832338 950888 832792
28578 1299189 774916 773618
28579
28580 773602
28581
28582 832587 776387 781
28583 774178 773664 772001 949857
28584 28480 1299257 774861
28585 776318
28586
28587
28588 770707 598297 595174 776038 777157
28589
28590 28502 28518 28572 28510
28591
28592
28593
28594
28595
28596
28597 771297 773394 771296 832720 770174 776806 832766 770799 772814 546229 833223 950302 546539 553024 17432 1067720
28598
28599 1299267 1299217 771543
28600
28601
28602
28603 771296 774988 769676 772340 770174
28604
28605
28606
28607
28608 642243
28609 28569 773351 1299290
28610
28611
28612
28613
28614 599933 28544 770707
28615
28616
28617 28630
28618
28619
28620
28621
28622
28623
28624 832284 418783 771747 613351 832430 772521 613202
28625 772057
28626 776759 770161
28627
28628
28629 776753 3691
28630
28631
28632 832743 599777 599327 599734 599597 28609 776759 775432 770707
28633 775432 770707
28634 771526 775193
28635
28636
28637 643998
28638
28639
28640
28641
28642 950133 770809 832639 1299189 775652 775837 769971 832417 771244 772520 773616 775957 776460 772338 771928
28643 28481
28644
28645
28646
28647 1077826
28648
28649 775649
28650
28651 840806
28652 775617
28653 832284 832792
28654
28655
28656 598638 598049 599734 598637 599327 598879 598640
28657 1078199 1081799 832284 28587
28658 1299192 1299236
28659 28573 644095 28530 121 777257 770707
28660
28661 597895 641990 599341 775996 772338
28662
28663
28664
28665 28580 613057 770161
28666
28667
28668
28669
28670
28671 28674 832743
28672 642725 600825
28673 832490 523671 262296 553997
28674 775432
28675 28517 770809 121 598581 642725 599825 770707
28676 771201
28677
28678
28679 832952
28680
28681 951042 951043 950510 951704 950022 949912 951702 951179 950031 776951
28682 773674 832766 832733 833223
28683 28595 1299357
28684 28503
28685 28456 643489 28595 28460
28686 951638 951639
28687 28485 1299255 1299327 28520 28501 28595 28460 28594 28528
28688
28689
28690
28691 389239 832246 950985
28692
28693
28694 28569 28483
28695
28696 771543 775432
28697 28580 1299307
28698 28572 775432 770161
28699 771244 776759 775432
28700
28701
28702 1299290
28703 832246
28704
28705 28626 1299229 28264 770161
28706 121 1065028 598640 775996 598879 770707
28707 262296
28708
28709
28710
28711
28712
28713 28502 28518 28550 28572 28510 1299290 28590
28714
28715 777037
28716 949717 121
28717
28718
28719
28720 738877 418930 418426
28721
28722 951222
28723 781
28724
28725
28726
28727 1198609 418704
28728
28729
28730
28731
28732 774560 1299361 771296 773674 546555 770174
28733 832952
28734
28735 1078198
28736
28737 1299295
28738
28820 775432 770707 598297 774411 773924 775565 598482 598406 599640
60465
60467
60469
60470
60472
60473
60475
60477
60481
60483
60486
60487
60488
60489
60493
60495
60496
60497
60498
60500
60501
60504
60506
60507
60512
60514
60519
60520
60523
60524
60527
60529
63938
63939
63940
63941
63942
63943
63944
63945
63946
63947
63948
63949
63950
63951
63952
63953
135037
135043
135114
135142
135152
135184
135232
135312
135371
135426
135466
135484
135513
135554
135708
135733
135835
135975
135994
136151
136255
136297
136478
136568
136657
160513
160514
160518
160519
160523
160536
160544
160549
160550
160555
160556
160558
160563
160564
160568
160569
160570
160572
160581
160592
160606
160610
160612
160614
160618
160630
160632
160636
160642
160646
160648
160651
160657
160662
160667
160668
160669
160670
160673
160676
160691
160693
160695
160699
160700
160701
160702
160704
160707
160710
160720
160726
160728
160739
160747
160761
160773
160774
164324
164355
164404
164608
164609
164610
164632
164659
164660
164673
164934
164950
165165
165188
165243
165248
165463
165496
165532
165743 950714
165761
165799
165938
166020
166087
166106
166121
166133
166141
166163
166203
166273
166301
166317
166343
185459
185469
185474
185498
185499
185503
185520
185533
185543
185549
185561
185564
185574
185575
185579
185581
185582
185587
185589
185601
185604
185607
185615
185617
185623
185627
185630
185631
185639
185658
185660
185662
185665
185667
185678
185688
185693
185703
185708
185718
185721 950174 951726 951487
185724
185733
185735
185737
185745
203845
203848
203872
203880
203881
203882
203883
203897
203911
203932
203934
203938
203980
203982
203988
204040
204054
204084
204085
204109
204123
204127
204131
204174
204175
204181
204184
204199
204204
204244
204248
204249
204251
204262
204265
204280
204286
204313
204315
204317
204320
204329
204345
204381
204397
204410
204430
204436
204438
204445
204471
204478
204489
204523
204532
204541
204544
204555
204594
204600
204604
204606
204608
209748
209749
209754
209756
209759
209760
209764
209766
209768
209771
209784
209786
209792
209805
209811
209856
209858
209897
209919
209921
209924
209926
209927
209928
209929
209948
210006
210008
210011
210012
210016
210041
210048
210049
210050
210051
210053
210054
210066
210072
210100
210101
210110
210111
210117
210118
210126
210128
210139
210147
210153
210159
210160
210168
210169
210171
210172
210173
210178
210184
210185
210194
210195
210196
210199
210209
210210
210211
210212 949878
210213
210214 949878 949879 951258
210215
210226
210239
210249
210269
210271
210282
210284
210292
210293
210295
210312
210317
210320
210323
210338
210357
210358
210359
210360
210361
210362
210363
210364
210369
210370
210373
210376
210388
210395 949776 622710 623229
210397
210398
210406
210410
210413
210414
210418
210428
210435
210436
210437
210442
210448
210449
210462
210479
210480
210488
210511
210512
210513 950718 951855
210515
210516
210517
210518
210519
210520
210521
210526
210527
210539
210541
210542
210543
210554
210561
210566
210576
210580
210582
210583
210593
210605
210611
210626
210628
210631
210633
210635
210637
210639
210642
210645
210646
210647
210648
210656
210657
210658
210659
210660
210661
210671
210676
210692
210693
210694
210695
210696
210697
210699
210701 950415 951735
210703 950422 950425 950426
210705
210707
210709
210712
210714
210715
210717
210730
210733
210735
210772
210774
210776
210779
210780
210792
210793
210797
210806
210807
210808
210809
210815 950416 950519 950518 951454
210816
210817
210819
210837
210838
210863
210864
210867
210869
210870
210871
210882
210887
210893
210895
210896
210897
210916
210923
210924
210927 949776
210933
210935
210938
210939
210940
210941
210942
210954
210956
210957
210958
210959
210961
210962
210967
210969
210971
210973
210975
210976
211028
211034
211035
211037
211038
211040
211059
211060
211066
211096
211097
211106
211109
211110
211111
211112
211118
211119
211122
211127
211129
211131
211151
211154
211156
211157
211162
211186
211193
211195
211196
211198
211221
211223
211228
211235
211237
211244
211249
211251
211256
211258
211260
211262
211265
211267
211269
211270
211271
211273
211278
211297
211298
211301
211303
211304 772995
211305
211308
211314
211318
211329
211331
211337
211339
211341
211342 210717 210249 623036 621897
211346
211354
211355
211356
211358
211360
211361
211364
211382
211383
211385
211387
211392
211393
211394
211397
211405
211413
211418
211420
211422
211424
211426
211427
211430
211441
211446
211447
211460
211465
211470
211484
211493
211497
211498
211500
211502
211504
211508
211524
211530
211532
211539
211561
211562
211566
211573
211577
211579
211581
211582
211590
211591
211598
211599
211602
211603
211610
211611
211620
211623
211624
211627
211628
211630
211631
211636
211643
211645
211647 211645
211649
211651
211653
211674
211676
211687
211691
211694
211699
211702
211714
211716
211722
211724
211733
211735
211737
211740 950309
211743
211748
211754
211759
211762
211767
211768
211769
211773
211774
211782
211799
211800
211801
211803
211807
211808
211809
211813
211814
211815
211816
211820
211822
211824
211826
211827
211828
211829
211831
211835
211836
211839
211846
211847
211854
211855
211860
211861
211864
211865
211869
211880
211885 951463 951231
211890
211891
211894
211896
211900
211901
211905
211911
211930
211956
211957
211958
211959
211960
211962
211972
211973
211974
211975
211982
211983
211984
211985
211989
212001
212003
212035
212037
212045
212049
212053 769595 949776
212055
212057
212061
212063
212065
228941
228977
228989
228994
228997
229000
229021
229027
229045
229046
229047
229051
229053
229055
229066
229082
229084
229087
229095
229096
229097
229128
229136
229157
229172
229179
229182
229203
229234
229238
229239
229240
229245
229252
229257
229264
229290
229360
229364
229365
229369
229374
229380
229382
229392
229399
229404
229409
229411
229429
229463
229469
229491
229503
229536
229554
229555
229560
229574
229576
229588
229611
229612
229615
229643
229658
229670
229672
229676
229681
229687
229699
229703
229712
229723
229739
229750
229751
229768
229777
229798
229826
229883
229885
229899
229902
229904
229907
229917
229923
229925
229927
229930
229941
229953
229955
229956
229962
229999
230011
230025
230045
230082
230090
230111
230123
230149
230177
230192
230193
230210
230243
230261
230265
230339
230360
230363
230368
230387
230399
230442
230445
230462
230467
230469
230480
230495
230496
230531
230533
230537
230561
230563
230570
230591
230595
230647
230655
230658
230660
230676
230681
230699
230711
230726
230736
230737
230766
230846
230847
230853
230862
230872
230917
230924
230925
230929
230949
230970
230994
231009
231020
231047
231050
231051
231059
231060
231095
231107
231112
231129
231153
231159
231170
231171
231229
231255
231257
231258
231265
231270
231281
231293
231298
231302
231303
231311
231322
231326
231331
231361
231386
231393
231402
231404
231410
231419
231445
231458
231459
231473
231474
231499
231509
231522
231545
231547
231586
231623
231634
231638
231639
231644
231645
231675
231696
231751
231755
231759
231766
231776
231789
262203
262219
262235
262243
262254
262260
262293
262324
262325
262354
262356
262362
262365
262376
262388
262403
267121
267129
267133
267163
267193
267197
267201
267256
267257
267268
267278
267279
267283
267319
267342
267365
267366
267368
267370
267373
267374
267397
267405
267414
267415
267429
267433
267435
267461
267463
267475
267523
267540
267542
267563
267572
267581
267649
267665
267686
267697
267700
267709
267710
267717
267727
267730
267749
267782
267784
267806
267822
267824
267858
267866
267874
267885
267890
267891
267908
267949
267950
267963
267964
267970
267979
267980
268012
268031
268064
268066
268082
268120
268136
268181
268188
268202
268213
268216
268248
268265
268270
268271
268285
268306
268313
268330
268350
268351
268374
268381
268415
268416
268424
268469
268481
268484
268488
268505
268520
268537
268538
268546
268567
268568
268571
268572
268584
268585
268621 772812 771296 773575 951084 774017 774414
268641
268673
268680
268685
268687
268704
268705
268706
268748
268749
268756
268763
268770
268776
268778
268791
268806
268810
268858
268883
268901
268912
268920
268930
268931
268942
268947
268955
268956
268958
268981
268990
268991
268992
269005
269006
269010
269038
269039
269051
269055
269056
269069
269088
269090
269094
269095
269111
269116
269146
269148
269150
269161
269184
269187
269203
269205
269213
269235
269280
284648
284651
284653
284655
284658
284659
284662
284665
284669
284672
284673
284674
284675
284683
284686
284694
284695
284700
284706
284708
284717
284722
284726
284727
284744
284746
284754
284755
284756
284757
284758
284759
284760
284762
284767
284772
284774
284779
284780
284782
284789
284791
284799
284802
284806
284816
284822
284823
284824
284831
284834
284839
284843
284846
284852
284857
284858
284865
284872
284874
284880
284882
284884
284888
284889
284895
284898
284900
284901
284904
284906
284907
284913
284914
284918
284929
284930
284931
284934
284951
284952
284960
284961
284962
284963
284969
284970
284973
284975
284977
284979
284981
284983
284990
284992
284993
361213 776808 362076 553024
361226 773674 832766 832733 553024 772340
361274
361287 951441
361288
361292
361308 832766 546731 546482 775864 546832
361311 523671
361368 772812 229828 376748
361374 17461 17478 17347 774017 772812 771299 1509565 774414 623087 376748
361395
361397
361399 1127461 1127329
361416 1127461 1127329 1067720
361419 740984
361471
361487
361491
361526 770474 773957 775490 776238 773930 775308 770831 773351 770425 596941 597511 597522 597267 613132 740855 596865 613359 596962 951172 950389 950888 949717 950889 643218 951354 950041 950903 1118656 950039 951362 539130 950743 2585 774207 771201 597109 1118519
361577
361579
361600
361628 772813 1128210 1075116
361646 771609 770163 776806 3691
361670
361732
361760
361796
361797 773275 775432 770457 361471 362588 1127372 361797 361796 362404 362590
361812
361851
361889
361897 771539 777038 773565 613226
361911 770756 832189 776884 776913 775676
361921 771622
361957 769452
361976 769695
362020 362420 361670 1127329
362023 777215
362031
362062 833116 1128804
362076 361213 546518
362077
362082
362106 774915 600880
362125 770707 598297 599825 600825
362201 774915 774916 770174 1128804 553127
362223 772812 772895 772814
362229
362250
362287 771162 770170 772813 773130 546431
362291
362310
362331 772814
362364 770254 770707 598297
362404
362420 362020
362444 770707
362483
362489
362517 832950 832766 773319 951416
362532
362588
362590
362628
362642 770707 598297
362676
362685 832766 553024 771238 771201
362700
362779 230862 774915 774312 613183 613332 363359
362837
362854 832650
362865
362870
362872 774915 774916 777037 1129289
362885 774858 772895 772814 363035
362936
362957
362977
362982
363019 774915 772139 832645 832284 951783
363035 774858 772895 772814
363075
363117 774916 613197 777038 772814 774915
363138
363141
363161 775651 28595 949587 771201
363188
363193 1118192 769587 598406
363219 1127551 1128024 125
363250
363285
363316 553997 832650 777037
363348 775676
363359 774915
363367
363370
363373 546539 553032 553017 777037 774915 1129271 600809 1067720 600885
363385 230563 17577 553090 553115 771597 773130
363386
363417
363429 775652 772814 523671 613322 1067720
363454 770813
375418
375419
375436
375465 949873 771296 770174
375473
375480
375500
375510
375534
375540
375544
375550
375561
375584
375588
375590
375600
375605
375621
375628
375638
375646
375663
375701
375762
375771
375809
375820
375840
375844
375851
375854
375867
375870
375890
375907
375912
375913
375937
375945
375968
375981
375983
375988
375989
375995
376020
376022
376024
376041
376049
376050
376066
376069
376078
376081
376114
376119
376120
376124
376146
376149
376150
376156
376165
376168
376174
376175
376187
376199
376209
376210
376308
376310
376341
376344
376352
376362
376406
376408
376410
376421
376437
376485
376486
376497
376500
376507
376517
376524
376526
376530
376540
376546
376554
376568
376598
376612
376657
376660
376662
376672
376681
376691
376747
376748
376750
376772
376785
376789
376804
376832
376837
376840
376862
376908
376942
376967
376980
376981
376982
376997
377020
377063
377083
377096
377107
377109
377112
377114
377117
377119
377123
377141
377212
377221
377235
377236
377246
377250
377259
377271
377275
377278
377313
377317
377327
377360
377362
377363
377379
377392
377408
377426
377429
377438
377441
377447
377451
377452
377471
377478
377494
377508
377519
377526
377533
377535
377552
377553
377575
377579
377584
377594
377615
377621
377624
377628
377632
377644
377656
377699
377705
377713
377740
377751
377759
377784
377792
377807
377831
377856
377883
377982
377997
378009
378017
378021
378043
378049
378050
378053
378057
378058
378074
378076
378094
378099
378101
378105
378106
378112
378113
378116
378122
378151
378176
387259 389974
387260 388858
387264 387736 949828
387278
387289
387292 1077948
387293
387294
387299
387307
387309
387313
387315
387324
387327
387338 950008
387348 390090
387379
387393
387395 950204
387397
387457
387459 1077952 1082961
387461 361213 362076
387466
387468 950714 833010
387472
387474
387495
387512 771599
387517 951605 833010
387520 950280
387522
387524
387528 361308 362106
387529 950892
387530 28707 262296 1127855
387540
387566
387573
387574 890756
387577
387582
387597
387598
387604
387616
387619 776028
387638 1128209
387639 951322 951441 387736 1128209 949828
387641 950534 951609
387642 951441
387655
387656
387657
387658
387670 951519
387679
387697
387728
387736 740984 376748 774017 776804
387737 387736 775469 949828
387738
387760
387772 832246
387781 388478
387789
387790
387791 951441
387797
387799 387736 949828
387800 775227 777157
387801
387807
387808
387809 387808
387811 776101 773757
387816 390167
387817 390346 388660
387819 951441 376204
387820 951441
387821
387835
387836 387736 949909 774020 771299 774915 211989 949828
387872 775227
387892
387893 390470 391123
387900
387910 772516
387911
387912
387913
387917
387928
387941
387942
387943 950714 391234
387944 744848 390357 390617 1078276 388404
387974
387977
388001 1178138
388002
388004
388005
388047
388054
388055
388059
388060
388066
388070 772996 776607
388071
388072 951441 268621 772812 774020
388073 622854
388074
388089
388094
388097
388099
388101
388105 1080928
388134 776983 770707
388145 773233 776804
388150
388151 774130
388160
388176
388182
388183
388204
388209
388248
388262
388265 376204
388266 951606 376204 771408
388276 951567
388286
388287
388300 1178138 777157
388312
388313 390265 388312
388315
388319
388321
388349
388364
388365
388372
388378 774690
388379
388381 771599
388382 771599
388397
388398
388402 388756 388879 1078276
388403 773 770167
388404 774020
388406
388407
388409
388413
388418 775227
388420 771747
388422 774533
388423
388441 390619
388454
388464
388465
388476 772238 776038 390470
388478 951592
388482
388493
388494
388522 744810 376204
388535 832246 390399
388537 1118668 28703 599825 773757
388544 777157
388550
388552
388561
388572 950302
388578
388592 388420
388595 361213
388597
388619
388621 776028
388629
388632
388635
388637
388644
388645
388646 832359
388656
388658
388659
388660
388668
388673
388683
388685
388688 774411
388695 951441 951592 949991 951844 776101
388697 362076
388699
388721 950714 833010
388735
388737
388744
388748
388750 387573 390156
388752
388754
388756 774436 390362 390399 388856
388758 777157 389251
388766
388774
388776
388782
388789
388791
388792
388800
388804
388810 387338
388815
388816 388266
388817 774323 771599 777157
388819
388823 390357 390617
388827
388828
388845
388847
388851 772812 773575 777054 777052
388856 390559 390399
388857 777157
388858 776038 777157
388859 950637
388860
388878 776101
388879 951292
388880 546240 773575 777037 388879 388881 390357 390420
388881 546300 1006864
388887 832766 772139
388888
388893
388912
388914
388918
388937
388942 951322 951441
388945
388957
388961
388977
388979
389011
389035
389046
389048
389053
389056
389067 391232 951858
389089 950248
389115
389141
389168
389169 376748
389186
389187 951441 950912 595174 642940 776028 1081919
389188
389202
389212
389214
389239 950117 951441 951608
389251 951592 774020 777157
389262
389268
389270
389272
389281
389283 951525
389302
389306
389334
389344
389352
389354
389355
389366 774533
389371
389407
389424 388878
389427 776884
389435
389438
389458
389465 388881 391172
389466
389467 950534 387736 376204 949828
389471
389482
389486
389490
389491 389537 388404 389663 744848
389492 950518 3691 774323 390265 391172 391014
389498 770161
389500
389511
389513 745460
389537 376204 951002 951006 951424 951441
389558 744810
389562 744848 390624 388404
389569
389571
389577
389579
389610
389611 951441 375465 772812 622240 211630 1129780
389625
389628 832246
389637 777157
389638 387736 949828
389651
389652
389663
389664 268641 389663
389665
389670
389697
389705
389709 773
389714
389715
389741 951002
389744 770
389749 388881
389757
389759 950714 950715 774365
389761
389769
389770
389774
389779
389781 774323 388300 390265 389048 391172 391014
389782
389786 950184 777157
389788
389793 951441 776103
389795
389802
389822
389825 950302 770167 388879
389832
389833 773
389838
389839
389842 387789 390167
389850
389852 951567 774533
389853 832587 389852
389855 951845 951441 949509 951844
389887 767
389889
389901
389902
389903 775227 390480
389909
389910
389911
389922
389935
389936 770707
389953
389974
389982 774414 774017 376748 387736
389988
390001 777157
390007 771367
390019
390021
390031
390032 390031
390034
390047
390083
390084
390087
390090 771296
390094
390113
390115 950715
390126
390135
390137
390139 362076
390141 770167 832246
390143 950714 833010
390148
390154
390156
390167 951006 951441
390168 770167
390169 390167
390171 390597
390175
390177
390182
390185 772426 773532 771399 390188
390187
390188 211304 950248 777207
390192
390211 949948 951006 951380 890756 776103 390212
390212 951380
390218
390220
390233
390242 773664 777157
390251
390253
390264
390265
390274
390281 949509 950117 376204 951441 951607 951845
390310
390311
390312
390316
390320 951567 774533
390336 390689 387299
390346
390350
390357
390362 388404 744848 745409
390364 643629 770707 777157
390385
390387
390389
390392
390393
390394 951222 951592 951605 28276 776101 774020
390395 774533
390398
390399 777157
390416 951612 951605 776101
390418 774020
390420 1006864
390422 832246 390418 390420
390425
390427
390467
390468
390470 776038 777157
390471 890756 770
390472
390474
390480 390470
390486
390491
390492
390498 951827
390499 775227 390470 388418 388406 388858 390624
390509 776038 775227
390510
390515
390524
390549
390557 1081924
390559 775964 775227
390560
390565
390576
390582 951613
390586
390595
390596 950714 391234 387299
390597
390598
390601
390611 951689
390612 951441 1081919
390617
390618 949948 951380 775632
390619
390620 774020 387736 390617 391012
390624 951441 775227
390625
390628 777157
390630
390631
390642
390644 387800 387619 390357 744848 388858 388404 389832
390646 951441 950117 951607 951844
390650
390655
390656 951222
390665
390672 776145
390673 950463 950302
390676 890756
390689 950714
390698 951827 949906 949914
390700 777157
390701
390713 375840
390714 1082042 390717
390717
390726
390727 388660
390734
390735
390750 951441 951279 951611
390789
390796
390800 390800 546518
390822 1082246
390826
390827 951441 767
390830 388404 744848
390831
390832 951393 776038
390837 781 774099
390838
390839 770167
390842 391234
390856 770159 772516 773579 770338 774130
390862 775521
390866 832587
390878
390880
390890
390891
390905
390910
390911
390923
390924
390928 773316 771367 390007
390929
390930 387299
390940 390940
390943
390944
390945
390946 774387
390950 951441
390973 387789
390975
391012 951441 951607 951592 776101
391013
391014
391016
391017
391033 775227 777157 390399
391035 770707 777157
391050
391057 391059
391058
391059
391064 951567
391074 771367 390357
391075
391081 832766 388286 389498 388379 389268 391172
391082
391092
391105
391108
391113
391118
391123
391124
391129
391135
391143
391168
391169
391172
391174
391216 774365 388286 387338
391228
391232 950522 950715 833010 388721 390143
391234 388721 776105 950522
391246 387736 546240 773320 949828
391256
391262 832246
391267
391271 391272
391272
391273
391277
391279
391280
391341
391343 388881
418385 833013
418392
418394 361226
418426
418430
418447 951262
418448 613132
418460 769900 82529
418461 832415 832645 390
418466
418480
418481 832874
418482 418888
418506
418510
418516
418567 832415 390
418576 774348
418578 595898 770707 595788
418582
418587 1062955
418595 833147 613049 419326 419614
418608
418641
418657 776759 418578 418587
418667 553032 185499
418701
418702
418704 785976 784759 419494
418746
418747 771297 1067720
418751
418761
418763 777035 777038 775432 772814 832645 613197
418765
418767
418768
418774 769900 82529
418782 769798 613390
418783 772520 832415 775323 769800 390
418784
418794
418807
418811 419602 418774 418963 419026
418819 769800 28323 951768
418822 777038 771244 772520
418867 832415 390
418876 832239 776809 613049 418784 418587 419614
418878
418886
418887 418578 595788
418888 833013
418913 769798
418930 832284
418949 950249 832284
418963 418783 418480 774916
418964
418965 773674 832766
418975
418991 951218 773958
419009 776796
419011
419012 774505
419026 419581 833012
419035
419036
419038
419039
419040 419039
419047 775543
419053 418667 1067720
419075
419077 418482
419087
419089 419343 419344
419093 950133
419113
419123
419135
419137 832417 833013 772814 832645 833217
419143
419148
419150 419148
419157 777038 613049
419163 418783 418576 419494
419174
419203 771100
419208
419214
419222
419232
419233
419243 418963 832239
419267
419274 597191
419299 771747
419325 771747
419326 419148
419333 418782
419338 833149 832792
419341
419342
419343
419344 419343
419345
419348
419361 2585 419123
419368
419369
419400 771296 770174
419410 776796
419413 571053 571047 28323 1081921
419435
419437 770820
419494 418704
419505 832415 390
419506
419513 769798 419621 419506 419163
419514 419163
419519
419539 950855
419542
419552
419554 419506 419611
419581 771109 833013 776796 775543 613197
419590 772812
419591
419593 951539 775867
419602 418783
419611 418448
419614 773616
419621 419343 419222 419326 418963
419656
493003
493012
493015
493016
493038
493040
493042
493053
493059
493061
493067
493070
493075
493087
493091
493096
493114
493116
493139
493145
493146
493154
493166
493167
493168
493172
493175
493176
493193
493194
493195
493198
493201
493202
493252
493253
493264
493267
493272
493282
493294
493312
493348
493358
493359
493360
493361
493365
493369
493389
493390
493393
493402
493410
493412
493437
493441
493459
493463
493467
493469
493476
493477
493478
493502
493506
493510
493516
493517
493530
493536
493537
493568
493573
493584
493585
493619
493620
493621
493631
493634
493636
493642
493646
493647
493648
493664
493666
493667
493683
493684
493688
493706
493707
493709
493710
493711
493721
493722
493723
493730
493737
493738
493739
493746
493747
493748
493750
493751
493767
493768
493795
493810
493811
493813
493838
493849
493850
493851
493855
493856
493859
493870
493875
493882
493888
493906
493913
493914
493928
493929
493930
493934
493940
493941
493962
493974
493977
493978
493987
494003
494004
494005
494006
494010
494017
494023
494034
494040
494045
494049
494050
494067
494075
494086
494087
494090
494091
494097
494101
494103
494118
494132
494136
494142
494144
494145
494147
494152
494154
494166
494172
494177
494184
494187
494201
494207
494214
494216
494217
494221
494224
494247
494250
494255
494257
494260
494271
494274
494290
494291
494296
494300
494301
494302
494323
494337
494339
494341
494348
494349
494360
494369
494370
494373
494382
494395
494400
494403
494409
494410
494414
494416
494439 268621 772812
494440
494441
494442
494450
494453
494454
494457
494466
494468
494469
494471
494476
494478
494480
494492
494496
494497
494498
494500
494501
494506
494508
494516
494518
494523
494525
494527
494538
494543
494548
494550
494557
494560
494561
494563
494565
494567
494573
494589
494596
494597
494598
494613
494616
494618
494623
494625
494628
494629
494631
494632
494633
494634
494639
494640
494649
494651
494656
494660
494662
494668
494680
494682
494683
494685
494691
494693
494695
494710
494711
494716
494720
494721
494724
494740
494742
494748
494749
523663
523664
523665
523666
523667
523668
523669
523671
523672
523676
523677
523678
523683
523684
523685
545882 774130
545888
545909
545914 771162 770799 621997 950301 211304 832209 771597 773275 774017 774308
545916 949593 770300 949872 949874 771555 771887 950702 951556 17830
545918 621119 949872 951556 949874 949763 545916 949593 949595 771504 774524 775390
545921 622964 546289 268806 951452
545986 387736 774130 949828
545992 770167
546014 546238 3691 950498
546049 773233 772812 775864 546300 546443 951796 546731
546060 951083 949580 792361
546066 772809 483833
546078 771162 773437
546088
546097 773233
546098
546109 771303 773268 622639 773808 774858
546118 268621 523666
546146 772812
546175
546176 772410 772996 772343 773889 770813 623142 3691 741151 546237
546185 623129 546188 546238 546187 546443
546187 546443
546188 546187
546197 229409
546212 774017 776804 774915 1128210 387736 949828 262296
546213 950302
546215 772812 389788 376748
546229 770169 774915 775552 774916 950463 17512 1067720 553024 613197
546237 770813 772410 772996 773112 773889 623142 777054 951835
546238 772812 774988 546187 546443 950612 951689 621107 546427 623129
546240 773390 772812 770799 773575 772814 771294 1006640
546245 772812 777038 774917 772814 613202
546262 770707
546279
546284
546285 773674 772812 832766 600785
546289 553059
546299
546300 773579 951292 774017 774417 1006864 772521
546328 950600 546331
546331
546344 211304 949989
546356 771399 771162 773437
546366
546371 622369 949989 623077
546373 770167 773664 773356 832246 546238 546427 546443 3284 1067720 595940
546382 480961 268621 268930 623036 546289
546388
546416
546427 185474 770174 546443 950612 553024
546431 211304 951468
546433
546440 950853
546443 769499 775390 774524 771555 773892 773864 770300 771696 771504 772920 774202 774720 770409 772056 950702 951556 950249 949540 3691
546444 622854
546448
546456 772812 268621 268920 546539
546464 613197 772521
546471 772812
546482 571063 776804 776808 832766 773600 546215 949909
546483 771599 771400 546731 598558
546490
546518
546539 774417
546540
546555 772225
546572 950507
546578 375465
546601
546637 773664 211304 951222 950301
546638
546670 776804 546188 546187 546427 546443 951689 950806 546238 951691 950498
546693 950806 546238 774 546279 950498 773674 546482 622846 774858 775516 553024 832766 772812
546697
546703 770707
546726 777054 771162 773437 623279 949589 951835
546731
546758 832209 771162 268810 622848 546356
546759 622964 546539 951452
546770 770737 772151 950248
546781 949828
546789 773233 776804 771299 376748 782
546795 553024
546805
546815 772809 772812 772813 951441 740984 376748
546832 949828 770738 546215 776808
546855
552975
552977
552979
552981
552982
552983
552984
552990
553000 626718 1014852 1068013 1014728 233588 628137
553002
553005
553015
553017
553019
553024 483820
553027
553031
553032 195189
553042
553043
553045
553049
553050
553051
553052
553055
553059
553065
553070 483831
565942
565945
565946
565957
565963
565970
565979
565992
566019
566027
566030
566031
566033
566040
566042
566048
566060
566065
566072
566074
566083
566084
566088
566089
566090
566097
566110
566111
566113
566115
566117
566124
566127
566148
566154
566156
566157
566164
566166
566169
566175
566183
566184
566185
566186
566188
566189
566204
587828
587829
587855
587858
587872
587909
587911
587929
587941
587948
587953
587995
588013
588027
588044
588052
588054
588090
588112
588119
588147 832766 771296 773674 773391
588229
594411
594428
594485
594628 770707
594696
594714 3691
594720 771609 776884
594813
594816 777157
594981 773922 832455 832262 775636 771398 950463 951713
595014
595051 950189 951514
595136 773757
595164
595174 771599 777157
595211
595232 950397 950644
595320
595334 951835 771543 777157
595340
595377
595428 777206 776028
595430
595436 595665 595572
595460 771274 775227
595474
595492 773833 774050 951539
595545 776028 775227 950892
595572
595665
595739 598637 598640 599777
595788 770707 595174 595545 595898 418578
595846
595885
595898 950397
595939 950298
595940 832246
596865 772845
596889 773957 613079
596898 832415 775319 390
596923
596941
596943
596962 951394
597001
597029 775651 775159 775491 769890 770831 770425 613079 774416 771201
597096 770425 949717
597102 950389 949717
597109 949717 770425
597124 771201 770161
597191
597267
597277 597102 950389 950888
597283 832417 832415 775491 390 774416 771201
597301 769890 770425
597317
597318 770474 949545 949630 951014 950875
597337 772520 771795 643218 1118519
597413 949717
597446
597511 775308 770425 949717
597512 770474 833062 598144 776527
597515
597522 949717
597600 949717
597619
597662
597663 951442
597695
597896 598297 770707
597897 597895
597998 771599
598008
598035
598047
598048 375453 770707 1196191 211714 599587
598049 598637 598640 599239 599327 599554 775996 599745 599777
598053
598056
598073 769666 770707 1196190 598406 598482 598572 598689 598847 377314 599640 599742 599813 599933
598091
598130 770457 775996
598140 375453 1118252 770707 1196191 1118314 642508 1118614 599587
598144 950314
598166
598218 1550089 375453 1196191 772104 642812 598987 1553714 643308 1118668 600898
598271 1196193 598689 598297 644095 1196194 1196191 770707 643613 594628
598276 770707
598297 770707 1196194 1196191 594628
598309 771295 1128172 774408 776759 772520
598396 594720 771609 770707 776884
598406 769666 599933 598482 598297 594628 125
598428 845063
598439
598464 643384 598420 791277
598465 598464 791277
598480 770707 598402 1196193 375954 598406 598572 525637 525659
598482 840156 769666 770707 598297
598500 376027 376395 1118219 769666 770707 598297 770254
598525 153 599049 790793 950753 773930
598560 769666
598575
598581 770809 525659 770707
598588 375453 770707 598403 1196191
598622
598638 770707
598646 770707 1196193 598297 525652 776156 770254 599862 1129303 362364
598696 595898 598637 599777 595739
598699 769587 598297 1118219 770707 598480 525639 599587 775974 642223 117 170029
598701 770707 1196191 1196193 153 832879 951040 599424
598729
598736
598755 1127918 1118300 1118436 1118233 598297 1118678 770254 1118192 770707 1118414 1118650
598764 740420 153 1129289
598766
598805 770707 775565 770474 740420 597896 938912 642524 769587
598869
598879 598640 598637 599777
598962
598987 598035 1196191 598403 642777 642812 643308 599587 950162
599057
599156 598402 1129303
599164
599170 375878 832642 772520 772845 613202
599211
599212
599214
599239 775996 770707 598640 598637 599777
599242 211782 2585 375878 772520
599284
599301
599302
599312 775996 598637 598640 599777
599316
599326 832455 773926 153 775923 770474 775565 791840 1118566 774080 770473 773924 599581 642524 598805 950162 769646 774408 598309 598701 775920 599808 773930
599327 775996 770707 598637
599338 744585 770707 598402 598403 1196193 1196191 744852 745277 745468 770361
599341
599342 1067720 741569 375987
599364
599386 1118192 375878 832430 771510 599242 599714
599405 770707 1196191 598406 598637 598640 598689 599640 775996 599813
599473
599478 770707 740942
599529 599581 770707 1196190 525652 776156 525638
599554
599571
599581 598297 770707 938912
599587 598048 770707 1196191 598403 375954 598482 598847
599588
599589
599597 598637 938922
599599 770707
599605 770473 770707
599626
599640 775565 770707
599665
599678
599682 598271 770707 1196192 1196191 598402 598701 117
599684 770474 770473 598403 643573 791501 775974 775996 776016 938268 599808 644057 1118582
599692 770707 1196191 598847 375954 546262 117
599694 599692
599724
599734 775996 599554 598640 599777 598637 770707 599327 598482
599736
599742 775996 776275 771599 770707
599751
599756 598637 599327 598879 598049 599734 1118563 775974
599779
599787 598402 1196194 1065273
599790 840156
599808 770473 770474 644057 1118566
599809
599813 770707 774071 771109
599823 775996 770707 775432
599825 375878 790379 525638 598402 598297 1196193 599823 770707 525645 599640 598403 375954 594628
599861
599862 770707 598482 643613 643669 775432 643909
599863
599883 598764 613281 1129289 1118650 1075207 1129857 361311 523671
599912
599925 777123
599926 832455 599925
599933 770707 776275 594628
599941
599945 599327 599554
599957
599959
599962
599973 598640 598696 598637 599777
599983
600763 770474 771143 832952 770515 770707 777123 775565
600771
600772 775432 770707 598297 599823 598406 598482 599825
600773 770707 775974 598297 599587 599301 594628
600785 771296 777050
600788
600793 17577 17514 774916 1128167 17702 1067720 553127
600804
600809 230862 774915 771297 777038 774916 777037 776806 1128167 1128804 546539 774417
600819 770707 160668 1067720
600825 599825 770707 598297 1067720
600831 1067720
600843 772812
600847 774915 774916 777037 776806 1067720
600852 772812 772814 771294 523666 772521 1067720
600861 775996 770707 599742 598482 598035 598406
600873 775546
600874 771100 1067720 546539 776806
600880 951798 546539 17639 362106 1067720 774915
600885 600902 1128167 546539 774417 1067720
600888
600894 1128167 1067720
600898
600902 600885 546539 1067720
600905
613018
613022 775432
613027 832415 2585 390
613034 951172 950875
613035 776759
613036
613037
613038 771203 774312 773618 613042 613229
613042 771539 773618 613289 613390 613229 774417 771100
613044 771747 777038 832776 772814 832421
613049 771539 777038 775432
613057 770161
613058 418667 772814
613060 1060421 771238 771201
613064 770081 771622
613066 775152 777038 775652 770457 770161 613322 613280
613077
613078 832874 949551
613079 772067 775651 771622 769890 770831 613060 613312 2585 771238
613080 771539 772814 773565 774417 772894
613081
613082 775432 613346
613083 769890
613086
613097 773616 771244 771608 771109 950133 771201
613105 950180 772520 613202 832430
613107 774290 771510 772139 773268 622631 361288 772521 832430
613115
613119 774312 773618
613120
613121
613127
613132
613134
613135 769473 613273 951217 2585
613136
613148
613150
613151
613152
613170 832415 390 771201
613176
613182 773616 777035 773577 773575
613183 774915 773618
613186 772338 773618 775432 771244 613322 775652
613187 773957 771622 613079 771201
613191
613197 772520 772845 832430
613201 769971 771201
613202 772520 773616 832430
613208
613216 771539 775837 845063
613226
613228
613229 774915 777038 773618
613232 775432 773565 613234
613234
613243
613247 832415 949717 2585 390
613259 832417 740897 613259
613263 949984 951217 771201
613273 613370 951217
613280
613282 775152 775432 772338 775837 613280
613286 772522 777038 775432
613288
613289 770070 832415 777038 774916 773618 613042 613390 390 771201
613290 775432 613121 770161
613297 774916 613197 832430
613304
613309
613312
613318 361311 523671
613319 771543 1129856
613320 832415 613060 390 771238
613322 769971
613329 775651 949587 950054
613332 777038 769971 774916 775652 773618 613216 775837 613322 613351
613335 775432 773618
613337
613344 772612 950956
613346 773390 773616 770081 772139 832645 771294 950960 772521
613351 950133 772338 774916 832490 775837 771244 772520 770161 771201 771242
613356 773664 951815
613359
613364
613370 621767 623116
613372
613380
613386 771201
613390 771539 774915 771244 777038 774916 772338 772814 613289 613042 771100
621102 950280
621103 773437
621105 771162 773437 621103 211304 950301
621107 546427 546443 546238 950612
621119 775390 774524 621767 949763 949872 949874 773275 951556 623236
621143 771597 771700 769676 772995 771593 622990 211304
621153 950943 622113 621767 622692
621192 951487 773864 774720 770409
621223 773864
621243 210395 622710 622594 949776
621262 621767
621308 621475 949776
621309 951832 951831
621354 622825 622617
621394 949776
621415
621446 951775 951576 950091 950174
621461 772809
621475 949776 623229
621496 210815 950520
621503 623122 950932
621523 950416 210815 950418 951454 950520
621525 623055 950694 212053 951454 621523 951883
621527 950414
621529 950691
621536
621545
621547
621575
621587 776721
621606
621607
621613
621629 623077
621631 210815 950520
621636
621644 950416
621645 622911 949580 792361 210317
621651 622911 951487 210317
621652 776156 770707 597895 375954 376027 622560 598701 598482 594628
621654 774533
621655 833010 951262
621744 950518
621759 622710 950174 949776 951576
621760
621761 621763 621767 950600 621475 949776 949973 949778
621762 774130 773320 772812 268621 3224 622497 623232 623240 3305
621763 621475 950600
621764 621760 376497 951083 951576
621765 950631 950887 950415
621766 621765
621767 950008 950117 949989
621768 950631 950738
621769 621767 621766 949989 623236
621770 621767 621774
621773 950631
621774 621767 951441 950117
621775 621769 623236
621786 774017 623036
621799 771702 950067 950065
621847 621767 950697
621852 773808
621897
621898
621899
621900
621902
621909 622990 950518
621924 621767 623077 623059
621989
621990
621997 777052 951130 950301
621998
622000 622284 950668
622006 950283
622013 621107 741462 950612 950806
622037 772604 741061
622073 621767 621774 951441 950117
622074 951048 950283
622087 623122
622088
622089 621767 622367 613370 622088 623116 950216
622094
622103
622113 949776 623055
622114
622115
622154
622163 771399 773889 951783
622166
622167 833190 950416 949585 950422
622187 770120 622037
622188 770294 769914 951736
622232 949776
622233 211304 950992
622240 772812 622241
622241 772812 832766 622240 623240 546215
622248
622249 621767 621924 613370 622089
622266 771296 775404
622274 268621 621786
622280 951576
622282 773767
622284
622294 621989
622295
622296 949863 950632 772535
622297
622303 210214 949989 622303 949880 621767 622992
622304 951130 949585 211304 950429 949580 951468 950692 622303 622992 623077
622305 949585 950600 949989 546331 621775 622369 621769 622304 621645
622306 951726 546440 546371 267374 622305 546328
622309 622573 951662 949845 950931 1121490 951833
622310
622311 951244
622338
622366 210212 949879
622367 621767 622088
622369 621767 621766 621769 623077
622370 621767 949989
622437
622456 622294 621575
622494 613259 622639 210703 951506 950427
622497 376748
622499 621767 623281 951454
622500 621989
622501
622532 774988 949873
622548 771399
622553 771296 770174 1059472 949873 622266
622560 621767 622369 621629 623077 622586
622571
622572 622571
622573 951662 950835
622586 621767
622588 951525 621767 622586 623077
622594 622710 212053 949776 622619 951883
622596
622598 950852 951244 951468
622610 950283 622445 622538 622610 622889 622900
622617 622992 622701 621143
622619 949776 622710 951883
622620
622622 3691
622631
622632 772426
622639 771244 740897 772521
622640 621547 1060365 1060485
622641 770174 774988 622553 950612 949873
622642 621547 1060485
622654 622710 949776
622672 78952 621767 972328 210317 622588
622673 621767 623077 949776
622678 622710 621759 949776
622679
622692 621767 622732 950943
622694 951084 951083
622695
622696 950302
622701 621143 622990 211304
622710 623229 949776
622712 773575
622713 950417
622715 621761 949973 621767 950600
622720 949776
622723 949762
622729 949878 950852
622730 832490 950098 378072
622731 951568 17503 378072
622732 621767
622733 621767
622746 622296 376691 949863
622755 777052 771441 621997
622756 623087
622775
622802 950644
622814 951130
622818 774130 622964 546289 951452
622824 950416
622825 622723
622833
622834 772812 546146 740984
622846 832602 772812 772895 3224 774
622848 771162 773437 621103 621105
622854 951689
622867 622089 623256
622887 1093910 622928
622888 950631 622890
622890 623116 621769 623194
622896 777157 770799 622825 622824 950992
622897
622898
622900 773602 773390 771452 770363 771294
622905 951768 951330 951203
622911 621651
622926 774524 771504 621119 949872 951556 545918 949593
622927 951687
622928
622929
622932 621769
622939
622947 950416 950601
622958
622962
622964 774130 622990 623146 951222 623087
622966
622968 622966
622970
622972 951458
622976 211304 950518
622978 622073 1093910
622990
622992 622990 623146 622824
623010 951441 950117 951607 951000
623016 622501
623017 622594 622710 949776 622619
623018 621767 950957
623019 622598 621629 950835
623026 775509 950422 268958
623036
623051
623055
623057 951576
623059 621924 623077
623060 951832 951831 951632
623073 621613
623077 621767 622833 621768 949878 950431 950738 621475 949778
623084
623087 951083
623093 777052 622369 621775 621997 623077 951130 949989 950301 951668
623095 623093 950738 949989
623103 949776
623110 621768
623114 773892 621192 950702
623116 775390 774524 773864 770300 770409 621767 375912 950702 951556 949763 623236
623122 1005599
623129 621223
623131 60387 951890 1059121 950255
623132
623135 771996 773130 623016 623299 951689 951691
623142
623144 771702
623146 775509 772995 211304 950422
623151 622932 949906
623155 621767 951032 950943
623156
623181
623182
623190 546855 950986 950853
623193
623194 951768 951766
623195 622932 951768
623229 212053 949776 951883
623230
623231 951467 950887
623232 832720 623230 774017
623234 951766
623236
623238 771297 951222
623240 553042 772812 771299 949828 772813 387736
623246 950174 951576 1015563
623256
623279 771702 777052 950301
623281 231751 950416 951468 950415
623297
623299 771996 951689
623321
627448
627449
627450
627452
627459
627468
627472
627478
627480
627484
627486
627489
627497
627498
627502
627503
627504
627505
627507
627511
627514
627515
627516
627520
627525
627534
627541
627544
627549
627551
627556
627563
627564
641915 770707 1196193 598689 598297 769587 153
641929 598037 1118219 770707 642963 599587
641947 769587 1196191 1196193 1127918 1118300 1118414 1118436 599463
641990 771539 771965
642012 770707 598402 1196193 769587
642045 772104 642812
642051
642135 375817
642188
642195 886889 770388 740792 153 1060265 777123
642201 1550089 770707 832338 598987 642963 376880 832768
642223 598297 1196191 1196194 598637 598879 525639 525642 599299 599327 832950 599554 775974 775996 599777 598696
642226 770707 598439 832415 1118497 599340 738950 1118427 642243 833147 390
642237 1118252 1118219 1196191 1118314 772104 598987 643308 1118668 776166 770473 770474 951014 938960 776016 599808 1118566 644057 1118582 1118177 642524 598805 938912 599581 599821 1118156 598276 807836 1118656 1118667 890962 741551 375772 773926 775048 951394 1128176 643311
642243 1196191 770707 599340 738950 418578 595788
642244
642247 525619 770457 770707 1196193 832455 598005 832599 152 599742 889858
642253 740420
642270 361288 1127709 642304 613107 62967 376157 642500 1128172 642725 773608 1118512 1118519 774408 1129289 1118616 599678 1118650 599825 63004 1127710 949944 770831 950039 950041 950389 950888 950889 1059832 377522 643218 539130
642304
642329 599587 160668 599825 840156 770707 599742 598297
642342 775652 598297 599581 599825 599587 613322
642397 598465
642417 775920
642428 598297 770707 771295
642431
642432 1118192 598211 375878 770809 770707 771203 598483 598581 1118414 642741 525638 773618 599338 599463
642458 770161
642490 229554
642500 770707 771510 1196190 598297 1196193
642508 598140 1118252 598048 493282 1196191 375954 1118314 1118614 599587
642510 938450
642524
642535 525659 598581
642547
642564 1075272 776301
642622 771510 772894 642668
642639 832599 772104 598805 643308 644057
642668 771510
642707
642714 642243 1118497 770457 1118192 771295
642725 598297 770707 598402 1196191 598403 375954 598406 598482 771510 598840 1067720 599341 599825 594628
642732 1118192 740420 770138 376543 154 776156
642740
642741 769587 770254 770707 770809 771203 1118414 832639 777038
642750 770457
642751
642752
642763
642770
642773 1118192 598297 598402 1196191 1196193 546262
642777
642786 771510 643914 1118678 1118192
642788 769452 598297 598879 525639 599312 599327 1118563 643750 775974 1118662 1118678 642223 599973
642789
642801 1118192 769587 770457 770707 832415 1118301 642668 642750 362229 1118497 599340 738950 776156 599825 642243 390
642812
642821 643308 643573 769664
642831 886889 770473 887531 772111 772112 889803 212341
642853
642919 769587 1118252 770707 598402 1118314 1118678 599862
642924
642930
642940 744469 770707 950912 745511 951279 951441 745896 746173
642950 598048 1118219 642500 642725 938813 643613 599587 938945 1550088 1553714
642961 770707 775565 938945 777123
642963 770254 598297 1118219 642247 770707 1196191 1196193 376027 938619 376880 376929 643613 599587 643701 643909 599862
642990 1118192 598480 598500 599478 938919 599809 599825 643909 599862 160668 170029
642991 832455
643052 770707 744689 598879 362676 62912 643369 643489 62962 1118662 1128996
643063 770254 493282 598297 1118219 598402 1196193 1129303 643613 599587
643081 1196196
643141 770707 598402 1196193 153 599424
643151 776156
643152
643158 1059493 268571 494103 1093287
643187 770457 642750 643765 833235 777257
643189 770707 1196191 375954 598482 153 938945
643218
643221 770707 1196191 375954 599587 1118314 598847 832359 1118219 1196192 1129820 598402 1118192 1118678 642950 833137
643226 598484 832879 598402 153 598403 770707 1196191 1196193 740420 598482 152 770160 770474
643262 770707 1196191 1118497
643267
643276
643290
643308
643311 771238 950485 775651
643312
643369 599734 525639 599736 62978 597895 598025 642304 775974
643381 840156 598049 598406 598637 599327 599405 599407 599734 1118662 775974 775996
643384
643391 1118192 642342 643489 792632 792634 1118678 63004 599862
643396 889860
643408
643427 949510 776527 950485 1058884 930635 950314 791838 950346
643489 375954 832642 949717 613202
643549 771510 832599 774408 776016
643573 153 833062 1065485
643609 361288 598049 62967 598637 598640 938268 63009 598879 525639 773608 1118519 599327 774290 1118563 62936 599554 1118616 62962 938922 599734 643750 775974 1118662 775996 599777 211828 63004 1118678 63033 1118735
643613 598048 770707 1196191 1196193 375954 376027 599587
643629 1196194 643613 598271 642763 599825 598805 643369
643658 643765 599862
643669 597896 525617 769666 740420 598297 770707 525624 642524 598701 525638 599779 769587
643683 1196191 740420 153 951835 771510 771599 595334
643684
643694 832642 832430 771295 774916 774924 775957 613202
643701 376880 599605
643703 376880 643701 643226 643669 643909 775996 599599 740420
643750 599734
643756 1066702
643765
643793 770707 1118192 769587 598402 1118678 777257 599605 599825 599599 643369
643819
643833 769587 1118192 598402 1196193 1196194 598805 525645 832898 525652 1129303 938912 776156 599825 525637 1118678 599790 833137 833155 599862 1118735
643867 770707 1196191 1118252
643890 770254 598297 770707 642547 1129303 775940 1075316 644095 892868
643896 769587 770707 890415 546262 776156
643897
643899 770738 740873 1067720 644057
643909 769666 643669 598048 770254 770707 1196191 1196193 598403 598402 599587 594628
643914 770707 376027 376395 376880 376929 599587
643945 1196191 375954 1196193
643998
644016 790193 790194 775920 791638
644046 775923
644057 770473 832455 153 776380
644061 1118192 740420 1118219 770707 1127926 772258 772817 938641 1128901 774915 774916 377364 775469 951796 772812
644086 770707
644095 777257 770707 1196191 598403 1196193
740399
740418
740420
740422
740441
740443
740447
740453
740472
740479
740492
740501
740512
740543
740545
740553
740579
740585
740587
740588
740589
740590
740591
740596
740600
740606
740612
740614
740620
740632
740645
740657
740659
740663
740682
740683
740684
740692
740694
740696
740700
740702
740715
740731
740737
740741
740750
740754
740760
740767
740769
740776
740791
740792
740813
740815
740817
740826
740829
740835
740839
740842
740849
740850
740851
740852 769891 832415 775323 775319 951840 950054 390
740853
740855 770425 949717
740860
740861
740862
740873
740880
740884
740889
740897
740898
740906
740922
740942
740944
740945
740955
740958
740979
740980
740983
740984
741011
741013
741016
741021
741027
741028
741029
741039
741043
741061
741062
741079
741084
741088
741098
741100
741103
741105
741106
741107
741108
741117
741118
741120
741127
741132
741151
741171
741173
741174
741179
741181
741183
741194
741200
741220
741226
741235
741239
741240
741244
741246
741247
741258
741260
741262
741265
741275
741280
741301
741307
741308
741309
741310
741314
741315
741317
741320
741327
741328
741329
741362
741379
741391
741393
741396
741408
741409
741411
741413
741414
741417
741419
741421
741422
741423
741424
741425
741427
741435
741439
741442
741453
741456
741462
741495
741503
741506 949717
741508
741515
741517
741521
741532
741534
741535
741536
741551 771238 771201
741556
741557
741558
741559
741569 777050 769676
741572
741574
741608
741609
741671
741673
741675
741677
741679
741681
741693
741695
741705
741710
741711
741713
741719
741734
741736
741763
741765
741770
741772
741774
741784
741797
741798
741809
741810
741811
741820
741823
741825
741833
741852
741853
741860
741874
741884
741888
741891
741897
741910
741914
741919
741920
741925
741937
741939
741947
741949
741959
741977
741980
742005
742011
742033
742034
742038
742040
742042
742050
742064
742085
742092
742094
742095
742097
742098
742099
742108
742109
742115
742116
742117
742128
742129
742153
742157
742172
742195
742213
742217
742219
742225
742230
742231
742232
742233
744248
744249
744263
744308
744310
744344
744442
744451
744460
744465
744467
744468
744469
744471
744482
744484
744495
744519
744547
744549
744558
744572
744575
744583
744585
744618
744620
744622
744632
744667
744689
744747
744810
744814
744839
744844
744847
744848 774020
744852
744907
744931
744932
744961
744989
745034
745036
745045
745049
745058
745072
745074
745087
745170
745187
745201
745241
745244
745246
745251
745277
745325
745347
745364
745403
745409 951441 951592 376204 772812 774020 387736 1078276 391012 387819 388695
745423
745427
745439
745447
745455
745460
745468
745486
745494
745499
745510
745511
745530
745534
745589
745591
745593
745595
745610
745631
745673
745678
745693
745702
745748
745764
745770
745782
745795
745812
745821
745834
745835
745850
745871
745886
745888
745896
745903
745904
745908
745912
745924
745952
745966
745989
746021
746025
746071
746084
746097
746098
746132
746134
746154
746173
746238
778068
778084
778113
778116
778119
778121
778126
778140
778141
778143
778147
778150
778156
778160
778192
778200
778204
778228
778252
778321
778327
778369
778383
778393
778406
778407
778411
778430
778431
778480
778492
778508
778515
778516
778520
778534
778537
778543
778544
778565
778566
778578
778583
778586
778598
778607
778654
778664
778668
778684
778718
778732
778777
778798
778800
778802
778806
778813
778814
778902
778904
778914
778958
779043
779058
779061
779065
779066
779067
779071
779093
779217
779284
779303
779304
779356
779358
779362
779364
779373
779375
779385
779389
779404
779422
779490
779544
779548
779550
779595
779597
779599
781474
781512
781551
781600
781664
781667
781683
781746
781747
781764
781775
781776
781785
781786
781787
781788
781789
781790
781848
781871
781872
781894
781910
781941
781959
781975
782032
782126
782181
782183
782203
782204
782206
782253
782279
782285
782408
782450
782455
782484
782495
782496
782497
782555
782616
782668
782730
782746
782752
782753
782759
782837
784339
784349
784351
784361
784375
784379
784383
784401
784413
784419
784430
784499
784508
784579
784591
784592
784612
784629
784632
784642
784656
784662
784663
784706
784714
784734
784757
784759
784802
784868
784878
784880
784881
784907
784994
785029
785069
785080
785089
785166
785177
785184
785189
785280
785284
785315
785365
785379
785408
785441
785480
785483
785492
785503
785509
785535
785537
785550
785572
785578
785579
785636
785637
785659
785702
785703
785707
785708
785709
785764
785781
785863
785869
785873
785924
785940
785973
785976
785977
785984
785991
785997
786001
786020
786022
786035
786065
786120
786142
786151
786154
786181
786182
786194
786199
793585
793663
793793
793811
793852
794193
794225
794268
794498
794523
794618
794632
794736
794798
794799
794860
795027
795181
795301
795384
795531
795535
795561
795596
795603
795663
812045
812065
812121
812153
812206
812208
812210
812217
812253
812258
812302
812360
812389
812399
812410
812449
812458
812481
812504
812506
812552
812554
812562
812591
812603
812607
812620
812625
812636
812682
812708
812733
812742
812788
812812
812820
812862
812864
812886
812920
812927
812933
812958
812973
812987
812991
812994
813001
813061
813062
813090
813129
813202
813207
813214
813217
813235
813252
813291
813295
813339
813353
813354
813413
813427
813482
813537
813551
813552
813555
813568
813592
813596
813615
813619
813621
813644
813649
813656
813659
813673
813675
813692
813734
813736
813738
813740
813742
813745
813769
813788
813793
813807
813812
813824
813845
813877
813881
813897
813948
813963
813993
814012
814017
814073
814076
814078
814089
814090
814103
814135
814155
814158
814208
814222
814232
814240
814284
814287
814314
814316
814375
832189
832209 771597 771399 777054 545914 771162 773437 211304 950301 949589 951835
832239 571071 418783 419343 418963 418480
832246 771599 770167 770159 770166
832259
832262 832455 832639
832283 832490 774915 777037
832284 774818 771555 773390 773616 771244 777035 769442 832808 775538 772139 776329 775295 769503 771294 950986 951393 951423 949984 951540 951783 950874 951538 950620 951217 949656 772521
832309 773577 775267 774178 949822 950174 775676
832336 776384 17447
832338 775676
832359 1196189 770707 1196193 598840 160568 599823 375954 546262 599587 1196191 598403 598847 890312 375453 890845 598048 598588 160691 598406 598482 598035 599742 598575 377314 117 160618 160739 160700 160701 160592 791442 525637 598402 740813 160564 598297 598439 525659 525645 525665 599736 28573 644095 770254 598689 599760 525624 525638 525617 769587 599813 28820 643226 1118192 595788 418578 28477 643151 642243 598128 598483 598484 599640 599933 598276 1196197 160710 642524 525652 598701 776156 599581 890415 643669 643141 375878 599463 771510 598581 642668 790379 525635 599825 642500 642725 378080 777257 599405 598073 1129820 598766 642428 599338 1196194 772104 832455 769664 769666 599790 770457 774358 775923 840156 599301 125
832366 832415 771260 390
832369 775555
832398 833013
832415 771753 769891 769890 770163 770726 770724 771109 771244 771879 772843 774133 774768 774821 775319 775323 775430 775683 776139 949542 951815 951840 950133 950054 773272 376492 774207 770754 771201
832417 772520 833008 770070 771109 832415 771242 771244 771294 771881 772338 832639 832808 774133 832874 775323 833012 776384 951815 950133 832430 771928 775676 390 771201
832419 832415 949897 950054 390
832421 771203 832417 832415 771539 775152 774915 771244 772522 777038 771538 774916 773618 613042 832645 773565 613183 613282 613319 777215 390 775837 613197 613202 613280
832423
832425
832430 771244 772520 775957
832439 771244 772814
832442 772410 771597 776482 771702 772995 777052
832455 774411 773380 775552 775827 776884
832461 769944
832463 832421 832776 832833 3224 776518
832490 772812 622497 622694 622695 774020 951441 950117 951607 951084 951592 951083 949509 951844 951487 376748 623087
832502
832520 772626 771597 774202 774411 774100
832525
832530 229360 950986 950960 951217 2585 571080 571051 571068 832284 769473 770367 613152 613370 613273 621767
832575 553032 621107 546427 950612 262296
832577
832587 775008 833010 770262 773516 774696 769482 951153 950714 889270 951177 951464 774280 774364 776415 951463
832599 892782 892661 892662 892663 598575 1196194 770457 642750 595788 1118497 951124 644057 833012 832417 598576 769666 1118563 599808 770431 770707 598005 599299 599988 599745 598640 769664 775996 117 598689 773849 775672 770744 600861 840156 776275 125
832602 772573 772521
832606 776804 832490 773320 622834 951798 387736 740984 949828 376748 262296
832625 1129289
832628 776931
832638 774130
832639 771244 772338 774906
832642 772520 773616 832430
832645 832417 773390 773616 771244 770799 772139 770370 771294 772521 771100
832650 832490
832656 771244 772814
832695 773600 769798 418819 833147 951262 951832 951662 951222 951205 949905 951831 949763 950931 949845
832719 185665 769442 613370 950853 951783
832720 773579 773388 770737 773575
832726
832728 833013
832733 774130 771296 832766 771297 770174
832743 833116 598640 598638 832874 599327 598696 599973 951394 2585 599597 599405 598637 599777
832754 776518 832421 832776 832833 3224
832763 833008
832766 17310 770169 774130 773393 773579 772812 771296 776820 770174 771294 771297 772813 622553 773575 769676 774559 774988 777037 951835 949873 375465 553024 774020 832283 622641
832768
832776 771539 774915 771244 777038 775432 613042 770809 771538 772814 773618 773565 600809 613183 774916 775652 1067720 774417 613351 775837 613322
832777 770425 2585
832792 776318 769707 770440 772938 773227 774707 775539 776809 776931
832805
832806
832808 770382 774903 776843 774562 771669 774707 772938 773227 771100
832831 776518 832776 832833 832421 3224
832833 773577 776518 833190 770170 3224 771056 773671 950174 951083
832835
832841 774992 773145 772221 770126 775325 769860 770823 771841 771891 772034 772149 772220 772223 772222 772321 772533 772742 772917 773397 773387 774013 774071 774254 774411 774932 775393 775781 776011 776013 776757 769443 770131 770132 770199 770549 771692 771699 771703 772773 772808 775317 775334 775844 775882 775995 776081 771481 950440 951040 950341 950298 949821 949724 950645 950753 950999 950297 950320 951237 950644 776380 773238 771545 773986 773239
832849 774411 833062 773924 832963 769865 769899 769914 770294 773059 773894 773930 773928 951374 951736 769455 775770 774100 599424
832874 950052 951571 950874 950920 771201
832879
832881 776887
832898 769587 598035 375659 160564 598297 1196193 598402 770707 770809 598428 117 598572 160646 598581 598689 598701 28820 832639 160618 160657 160691 776156 791623 160662 599825 525637 599790 160720 599933 594628 125
832920 833058
832935 832284 832719 773268 774348 622598 768 2585 17434
832950 773845 770468 770587 770443 771430 771664 773318 773319 773322 773329 774503 774701 775126 775128 775230 776231 776361 776670 950655 951416 951417 951606
832951
832952 773622 833217 949963
832959 832417 832602 832284 772814 832645
832960
832961 832415 832763 774133 390
832963 832520 775874 774411 773930 776380 770642
832975 419148
832981 571069 832415 832284 390
833008 949542 949711
833010 774117 775008 774533 774520 775971 773850 773516 776028 949633 951262 889270 950191 951151 951465 950892 951463
833011 949934 951567 951153 950714 951601 622284 951647 950822 950751 951233 949605 950892 949614 770569 772281 833219 774364 773363 774431 774365 833010 598558 769482 621655 950668 771400
833012 949542 949844
833013 833217 774139 776796
833014 833013
833054
833057 833010 832455
833058 773031 776661 776019 775389 832766 775482 770274 771381 774827 776143 773711 775831 950160
833059
833062 770148 775874 774411 769675 769899 771256 773059 773930 950644 776380 775770 770642
833063 769646 770473 770474 2585 832415 832455 950162 950397 772526 892251 151 153 773930 1118529 774411 892661 892662 892663 833062 775923 1118650 776016 892685 599808 776527 791836 791834 1118582 390
833078
833090
833091 773978 775785 770447 776600 773516 772257 773355 775204 775449 776062 949969 951849
833116
833122 832841 771946 776387
833125 776496 832338
833131 770272 832602
833132
833137 791623 769664 769666 599790 598035 598406 598482 160667 377314 160720 160618 160693 160701 160739 160700 790558 160691 160657 160773 599742 525637 160581 772104 643308 598073 770457 160606 160761 160519 598420 160636 598576 160592 599301 892661 892662 892663 599809 791277 832455 774358 775923 599425 117 160668 840156
833147 771599 776030 832415 951262 951662 950844 950210 390
833149
833155 160519 740420 151 791277 599587 840156
833190 832309 771593 772813 772995 622968 777052 211304 951083 951576 949857
833196 771706 771703 613135 621767 622188 622309 622367 623016 623122 623194 60387 950740 951500 950785 950372 950943 951415 597001 950255
833208 773622 770286 769762 950132
833217 772370 776549 774139 769961 776796 951158 950434
833219 771599 770163 770447 770707 832455 773381 773516 773958 774411 774533 775449 775552 775827
833220
833223 771297 777037 772812
833235
833236
833238 833217 770174 832369 771296 771745 832645 775515 775676
840022
840024
840026
840043
840066
840067
840068
840069 832599
840070
840071
840072
840074
840076
840078
840103
840113
840120
840125
840135
840136
840138
840141
840144
840154
840155
840156
840158
840161
840162
840163
840166
840168
840169
840170
840172
840174
840176
840180
840181
840200
840202
840207
840208
840209
840210
840211
840212
840221
840229
840232
840257 950573 769595 769480 771741 2585 832417 775837
840264
840265 1118301 598297 770707
840272
840281
840283
840289
840292
840294
840309
840310
840311 832284 832645
840314
840317
840319
840323
840325
840329
840356
840358
840359
840360
840361
840362
840363
840365
840381 770707
840412
840413
840414
840415
840431 255280 482910 483479 1292695
840432
840439
840442
840444
840445
840446
840447
840459
840469
840470
840483
840486
840487
840491
840493
840495
840498
840500
840505
840526
840531
840536
840537
840538
840539
840540
840541
840542
840543
840544
840545
840546
840547
840548
840549
840551
840554
840559
840560
840561
840564
840565
840573
840574
840575
840576
840577
840578
840583
840587 832338 775676
840589
840591 840156 832338
840622
840623
840624
840625
840626
840627
840628
840629
840640
840646
840647
840649
840652
840657 775957 832338 770707
840661
840664
840665
840684
840685
840687
840688
840689
840690
840691
840692
840693
840694
840695
840696
840697
840698
840699
840700
840701
840702
840703
840704
840780
840785
840790 832455
840792
840799
840806
840835
840836
840837
840838
840840
840841
840842
840843
840844
840845
840848
840849
840850
840867
840879
840881
844553
844595
844640
844669
844844
845167
845181
845182
845183
845184
845185
845186
845187
845188 1118192 1118414 599338 598581 642741 771203 770809 773618 770707
845189
845190
845191
845192
845193
845194
845195
845196
911753
911769
911772
911773
911794
911796
911807
911812
911814
911852
911858
911866
911886
911888
911921
911931
911932
911961
911986
911992
911993
912003
912007
912013
912052
912054
912151
912175
912189
912220
912224
912227
912247
912251
912280
912299
912325
912329
912378
912415
912424
912439
912464
912468
912470
912477
912497
912500
912507
912508
912535
912562
912603
912604
912625
912626
912663
912669
912671
912688
912695
912707
912724
912736
912740
912779
912784
912786
912840
912849
912859
912874
912891
912907
912916
912950
912968
912970
912977
913032
913052
913054
913062
913068
913074
913079
913123
913195
913209
913216
913236
913260
913299
913322
913323
913324
913346
913357
913359
913367
913368
913386
913388
913404
913414
913437
913470
913482
913489
913491
913499
913571
913597
913609
913610
913614
913660
913661
913667
913673
929541
929586
929634
929713
929715
929776
929786
929827
929837
929838
929866
929868
929882
929893
929897
929901
929903
929912
929920
929929
930036
930054
930081
930083
930086
930087
930095
930117
930142
930175
930181
930183
930205
930273
930274
930290
930292
930322
930333
930528
930566
930578
930579
930580
930612
930635
930639
930641
930642
930643
930646
930658
930675
930676
930702
930715
930718
930763
930776
930805
930810
930836
930843
930846
930876
930892
930897
930924
930937
930939
930957
930962
930995
931020
931039
931075
931079
931087
931108
931122
931132
931162
931182
931184
931185
931244
931251
931252
931259
931263
931268
931329
931331
931355
931387
931394
931409
931426
931440
931443
931444
931458
931470
931492
931572
931574
931575
931576
931578
931645
931646
931648
931655
931666
931678
931687
931704
931705
931728
931747
931752
931753
931757
931830
931831
931836
931856
931904
931934
931935
931939
931970
931977
931992
932024
932032
932059
932061
932072
932090
932096
932185
932186
932206
932207
932208
932209
932210
932211
932213
932217
932267
932268
932270
932280
932285
932293
932300
932328
932329
932331
932371
932375
932404
932407
932459
932487
932506
932514
932524
932588
932594
932598
932603
932653
932672
932680
932689
932691
932805
932806
932808
932814
932816
932822
932827
932859
932874
932881
932904
932905
932920
932922
932931
932936
932951
932961
932969
932970
932971
932972
933035
933114
933115
933120
933140
933168
933260
933268
933307
933344
933349
933371
933382
933385
933430
933438
933444
933445
933451
933491
933492
933493
933499
933514
933540
933541
933562
933569
933581
933600
933604
933606
933612
933614
933616
933618
933620
933622
933623
933625
933631
933634
933665
933685
933686
933707
933720
933756
933757
933780
933802
933860
933865
933926
933927
933928
933929
933946
933947
933957
933965
933975
933997
934048
934052
934070
934074
934075
934076
934077
934137
934148
934169
934171
934205
934219
934221
934275
934287
934302
934303
934360
934361
934377
934391
934402
934412
934417
934427
934440
934457
934458
934485
934501
934536
934538
934540
934542
934544
934560
934562
934568
934591
934598
934616
934646
935218
935220
935221
935224
935227
935240
935249
935269
935275
935286
935292
935294
935298
935311
935330
935331
935359
935362
935365
935367
935373
935390
935392
935395
935401
935410
935432
935443
935444
935455
935461
935462
935463
935473
935475
935502
935509
935514
935516
935539
935540
935553
935591
935596
935597
935603
935604
935634
935638
935640
935642
935644
935646
935647
935648
935650
935652
935658
935664
935666
935668
935670
935677
935679
935705
935714
935718
935720
935722
935724
935726
935727
935729
935731
935733
935735
935741
935742
935750
935769
935771
935773
935775
935777
935781
935784
935811
935819
935830
935834
935844
935845
935860
935865
935870
935872
935881
935885
935898
935926
935927
935930
935931
935932
935939
935941
935942
935944
935951
935972
935973
935976
935978
935985
935994
935995
936002
936004
936008
936031
936033
936037
936038
936039
936040
936042
936045
936046
936070
936073
936077
936081
936084
936086
936102
936119
936120
936127
936129
936136
936140
936150
936152
936171
936176
936178
936180
936188
936190
936192
936194
936195
936201
936202
936211
936215
936243
936267
936304
936316
936317
936323
936333
936335
936347
936379
936380
936383
936387
936388
936398
936405
936416
936436
936461
936468
936469
936481
936483
936486
936487
936490
936493
936494
936496
936498
936502
936524
936529
936534
936540
936544
936545
936548
936562
936566
936567
936597
936601
936609
936615
936624
936625
936626
936627
936645
936671
936674
936675
936677
936682
936685
936689
936690
936695
936696
936725
936730
936735
936750
936763
936764
936791
936792
936793
936794
936821
936824
936831 771115
936834
936840
936842
936849
936867
936873
936883
936892
936894
936897
936899
936901
936907
936915
936917
936919
936924
936936
936937
936939
936940
936949
936961
936965
936970
936973
936997
937002
937026
937028
937030
937032
937098
937103
937109
945245
945276
945289
945301
945343
945352
945358
945360
945393
945415
945417
945441
945451
945452
945458
945460
945480
945510
945527
945532
945535
945536
945545
945561
945621
945644
945649
945651
945663
945724
945729
945741
945761
945790
945791
945800
945809
945810
945812
945821
945837
945849
945856
945866
945889
945911
965417 968880
965419
965421
965423
965426
965506
965519
965625
965633
965674
965696
965708
965727
965745
965746
965750
965752
965800
965803
965808
965810
965849
965866
965875
965881
965886
965898
965917
965918
965933
965934
965948
965956
965958
965959
965985
965994
965995
966084
966090
966129
966155
966156
966164
966210
966234
966240
966305
966307
966312
966318
966332
966344
966366
966420
966422
966426
966478
966486
966516
966518
966576
966598
966601
966614
966695
966696
966720
966822
966823
966829
966831
966839
966863
966864
966871
966906
966919
966953
966956
966984
966987
967014
967069
967107
967121
967173
967270
967277
967304
967305
967329
967342
967373
967441
967482
967495
967499
967574
967577
967586
967610
967621
967622
967631
967686
967741
967783
967808
967847
967862
967867
967881
967885
967920
967959
967981
968018
968034
968073
968123
968124
968244
968245
968269
968278
968292
968297
968320
968339
968342
968367
968439
968493
968494
968495
968496
968497
968498
968499
968500
968505
968525
968529
968547
968567
968613
968614
968622
968623
968629
968670
968677
968685
968686
968731
968737
968780
968806
968906
968907
968949
968959
968977
968978
968983
968989
969012
969022
969091
969094
969095
971267
971269
971292
971294
971297
971299
971301
971307
971310
971319
971329
971333
971336
971337
971338
971340
971342
971344
971346
971348
971353
971364
971367
971381
971382
971393
971402
971404
971409
971410
971411
971417
971418
971420
971421
971422
971423
971453
971464
971476
971509
971515
971516
971521
971522
971523
971528
971530
971534
971536
971537
971538 950174 951775 951576 950091
971541
971546
971549
971558
971559
971560
971561
971564
971569
971578
971581
971587
971588
971600
971601
971602
971612
971622
971623
971640
971694
971700
971704
971713
971714
971716
971718
971719
971721
971722
971730
971732
971739
971740 951083 951576 376497 621760
971741
971742
971743
971744
971745
971752
971755
971756
971757
971758
971761
971762
971769
971774
971775
971785
971786
971789
971790
971801
971808
971809
971831
971832
971837
971838
971840
971841
971846
971850
971852
971862
971876
971878
971898
971901
971910
971913
971914
971915
971916
971918
971922
971924
971928
971946
971949
971966
971971
971973
971980
971987
971989
971991
971999
972001
972005
972006
972007
972008
972017
972034
972035
972036
972038
972039
972040
972041
972042
972043
972049
972051
972053
972055
972057
972083
972084
972085
972086
972087
972088
972090
972099
972101
972104
972107
972108
972134
972137
972144
972145 3691
972147
972148
972149
972151
972153
972154
972155
972156
972159
972170
972171
972176
972190
972201
972210
972211
972212
972213
972228
972234
972235
972238
972239
972240
972241
972244 951244
972247
972249
972250
972251
972267
972280
972294
972298
972318
972319
972321
972324
972326
972328
972335
972336
972337
972347
972350
972360
972362
972369
972375
972379
972380
972382
972392
972405
972415
972419
972421
972430
972432
972440
972443
972447
972450
972452
972453
972471
972493
972513
972519
972540
972547
972548
972559
972560
972563
972564
972566
972567
972569
972576
972589
972591
972600
972602
972604
972605
972613
972615
972618
972632
972634
972639
972643
972645
972649
972651
972652
972654
972657
972660
972672
972675
972677
972684
972686
972687
972694
972695
972696
972697
972701
972714
972715
972719
972721
972723
972729
972737
972761
972765
972770
972772
972786
972787
972789
972796
972798
972802
972805
972817
972825
972834
972836
972837
972838
972842
972843
972846
972847
972849
972852
972857
972858
972859
972860
972861
972862
972863
972864
972865
972870
972873
972875
972876
972880
972891
972899
972904
972905
972906
972918
972919
972926
972927
972930
972933
972934
972946
972952
972960
972963
972968
972969
972974
972978
972981
972989
972990
972995
973010
973012
973016
973018
973019
973026
973035
973038
973039
973045
973046
973047
973068
973070
973071
973072
973073
973074
973082
973090
973095
973100
973106
973111
973116
973120
973121
973122
973131
973138
973140
974201
974203
974207
974208
974210
974211
974212
974223
974225
974227
974281
974291
974297
974307
974312
974328
974419
974424
974452
974462
974469
974496
974498
974506
974509
974510
974518
974519
974520
974521
974522
974523
974532
974548
974551
974552
974566
974614
974625
974626
974639
974646
974647
974648
974700
974701
974705
974706
974713
974750
974777
974787
974793
974802
974803
974804
974825
974826
974827
974829
974830
974854
974855
974859
974872
974884
974900
974912
974915
974918
974919
974925
974932
974940
974941
974949
974956
974968
974969
974970
974973
974974
974975
974991
974992
975006
975007
975015
975017
975020
975119
975120
975121
975130
975137
975167
975168
975171
975184
975204
975209
975210
975216
975217
975218
975219
975220
975232
975254
975256
975259
975262
975264
975267
975277
975278
975282
975299
975300
975301
975305
975322
975329
975367
975368
975371
975382
975418
975419
975433
975496
975497
975498
975500
975506
975507
975514
975531
975532
975533
975541
975545
975547
975577
975591
975595
975599
975601
975622
975644
975645
975654
975663
975664
975665
975673
975697
975698
975699
975700
975702
975718
975726
975728
975730
975744
975769
975790
975820
975823
975829
975831
975858
975864
975866
975902
975913
975917
975919
975920
975921
975922
975935
975947
975949
975954
975955
975956
975957
975961
975965
975966
976000
976001
976002
976007
976008
976010
976020
976021
976031
976037
976038
976040
976045
976055
976057
976073
976074
976096
976101
976103
976118
976121
976123
976124
976131
976134
976136
976141
976149
976151
976153
976169
976187
976191
976193
976195
976232
976234
976262
976290
976297
976301
976305
976306
976316
976317
976318
976324
976327
976328
976333
976334
976365
976368
976369
976400
976435
976446
976456
976464
976480
976487
976488
976492
976508
976510
976520
976521
976536
976557
976577
976579
976581
976583
976593
976594
976595
976605
976608
976617
976619
976623
976633
976635
976637
976639
976653
976660
976693
976695
976697
976700
976733
976743
976756
976779
976808
976810
976812
976814
976832
976842
976853
976857
976876
976878
976880
976881
976902
976903
976904
976906
976918
976920
976962
976968
976970
976972
976974
976975
976976
976978
976981
976984
976988
977018
977020
977021
977029
977046
977056
977066
977068
977084
977085
977087
977090
977095
977101
977105
977126
977130
977140
977141
977142
977143
977169
977176
977179
977185
977186
977189
977207
977208
977211
977212
977213
977220
977255
977264
977267
977268
977275
977279
977280
977317
977318
977319
977320
977322
977333
977349
977350
977352
977359
977360
977363
977374
977392
977416
977432
977444
977462
977475
977477
977479
977481
977490
977493
977496
977498
977500
977511
977512
977519
977529
977531
977533
977535
977559
977580
977586
977624
977626
977628
977631
977666
977668
977670
977672
977695
977716
977729
977731
977734
977742
977743
977746
977747
977748
977752
977753
977755
977769
977776
977777
977778
977779
977780
977784
977790
977826
977827
977832
977844
977849
977852
977856
977875
977893
977908
977909
977910
977911
977913
977922
977923
977931
977934
977935
977949
977960
977961
977971
977972
977977
977978
977980
977981
977982
977984
977986
977988
978016
978026
978029
978030
978031
978043
978048
978049
978050
978053
978072
978073
978079
978081
978083
978123
978124
978125
978134
978146
978148
978150
978161
978162
978163
978235
978253
978258
978259
978276
978279
978295
978297
978335
978336
978339
978342
978350
978355
978356
978357
978358
978359
978360
978361
978362
978363
978369
978370
978380
978390
978396
978401
978424
978426
978445
978446
978448
978449
978450
978461
978474
978478
978485
978502
978517
978543
978601
978603
978988
978989
978990
978991
978992
978993
978994
978995
978996
978997
978998
978999
979000
979001
979002
979003
979004
979005
979006
979007
979008
979009
979010
979011
979012
979013
979014
979015
979017
979018
979019
979020
979021
979022
979023
979024
979025
979026
979027
979028
979029
979030
979031
979032
979033
979034
979035
979036
979037
979038
979039
979040
979041
979042
979043
979044
979045
979046
979047
979048
979049
979050
979051
979052
979053
979055
979056
979057
979058
979059
979060
979061
979062
979063
979064
979065
979066
979067
979068
979069
979070
979071
979072
979073
979074
979075
979076
979077
979078
979079
979080
979081
979082
979083
979084
979085
979086
979089
979092
1015091
1015094
1015108
1015111
1015112
1015114
1015116
1015118
1015120
1015121
1015123
1015137
1015139
1015141
1015144
1015146
1015150
1015152
1015153
1015159
1015163
1015168
1015169
1015170
1015185
1015186
1015190
1015194
1015202
1015205
1015206
1015207
1015210
1015223
1015225
1015229
1015248
1015250
1015252
1015254
1015256
1015257
1015259
1015272
1015273
1015277
1015279
1015280
1015281
1015282
1015283
1015285
1015288
1015290
1015291
1015293
1015297
1015301
1015304
1015306
1015308
1015310
1015317
1015325
1015330
1015334
1015336
1015338
1015341
1015347
1015348
1015349
1015351
1015353
1015356
1015359
1015364
1015366
1015387
1015391
1015396
1015399
1015404
1015405
1015406
1015414
1015415
1015416
1015429
1015432
1015439
1015440
1015441
1015444
1015446
1015454
1015457
1015460
1015466
1015467
1015468
1015469
1015470
1015472
1015479
1015480
1015483
1015484
1015486
1015489
1015490
1015493
1015495
1015496
1015498
1015502
1015513
1015514
1015518
1015521
1015525
1015528
1015532
1015533
1015534
1015535
1015536
1015537
1015538
1015539
1015540
1015541
1015542
1015543
1015544
1015545
1015550
1015552
1015555
1015561
1015562
1015563
1015564
1015565
1015569
1015572
1015573
1015577
1015585
1015589
1015590
1015601
1015607
1015608
1015614
1015620
1015627
1015628
1015631
1015640
1015641
1015642
1015644
1015647
1015649
1015650
1015657
1015662
1015664
1015665
1015668
1015677
1015678
1015679
1015680
1015681
1015682
1015683
1015684
1015686
1015688
1015691
1015699
1015710
1015714
1015717
1015718
1015719
1015720
1015721
1015722
1015723
1015724
1015728
1015733
1015734
1015738
1015739
1015740
1015751
1015752
1015753
1015754
1015756
1015757
1015758
1015759
1015764
1015766
1015767
1015768
1015769
1015770
1015771
1015780
1015782
1015790
1015795
1015797
1015806
1015808
1015810
1015811
1015813
1015822
1015824
1015836
1015840
1015845
1015848
1015853
1015855
1015857
1015859
1015860
1015862
1015863
1015867
1015869
1015871
1015873
1015875
1015877
1015880
1015882
1015884
1015885
1015886
1015887
1015890
1015891
1015893
1015894
1015896
1015898
1015900
1015902
1015904
1015907
1015909
1015912
1015913
1015917
1015919
1015921
1015930
1015931
1015934
1015936
1015944
1015946
1015948
1015953
1015958
1015960
1015970
1015971
1015972
1015973
1015974
1015975
1015976
1015977
1015979
1015980
1015981
1015982
1015983
1015984
1015985
1015986
1015988
1015989
1015991
1015994
1015996
1016000
1016002
1016003
1016005
1016007
1016008
1016009
1016010
1016016
1016017
1016018
1016019
1016024
1016029
1016031
1016032
1016036
1016037
1016038
1016039
1016040
1016042
1016048
1016049
1016050
1016052
1016053
1016058
1016060
1016061
1016062
1016064
1016067
1016076
1016079
1016082
1016086
1016090
1016092
1016095
1016097
1016098
1016099
1016101
1016103
1016104
1016105
1016107
1016108
1016109
1016111
1016113
1016115
1016116
1016117
1016118
1016119
1016121
1016122
1016124
1016128
1016130
1016137
1016140
1016142
1016146
1016148
1016150
1016152
1016154
1016160
1017731
1017808
1017824
1017871
1017894
1017972
1018008
1018012
1018013
1018073
1018118
1018255
1018268
1018385
1018415
1018417
1018485
1018549
1018593
1018726
1018755
1018759
1018846
1018866
1018875
1018890
1018896
1018913
1018986
1019169
1019375
1019376
1019379
1019652
1019704
1019751
1019753
1019770
1019783
1019825
1019886
1019931
1019970
1020042
1020087
1020094
1020144
1020150
1020160
1020183
1020184
1020199
1020234
1020253
1038294
1038375
1038405
1038422
1038424
1038435
1038436
1038439
1038441
1038444
1038448
1038461
1038463
1038518
1038562
1038567
1038572
1038574
1038604
1038636
1038650
1038654
1038665
1038678
1038680
1038698
1038700
1038717
1038730
1038731
1038746
1038772
1038857
1038895
1038933
1038949
1038987
1039017
1039033
1039064
1039080
1039081
1039088
1039097
1039131
1039138
1039141
1039172
1039178 1040433
1039183
1039185
1039195
1039232
1039236
1039250
1039321
1039323
1039382
1039386
1039388
1039389
1039390
1039404
1039409
1039442
1039495
1039508
1039513
1039532
1039542
1039544
1039545
1039546
1039552
1039555
1039559
1039573
1039575
1039576
1039601
1039614
1039618
1039619
1039621
1039622
1039661
1039662
1039706
1039715
1039718
1039725
1039734
1039739
1039740
1039818
1039840
1039841
1039844 1108569
1039877
1039878
1039941
1039951
1039960
1039991
1039992
1040017
1040086
1040113
1040115
1040117
1040119
1040121
1040123
1040125
1040127
1040129
1040131
1040133
1040135
1040137
1040139
1040141
1040143
1040145
1040147
1040153
1040155
1040195
1040234
1040449
1040535
1040542
1040546
1040547
1040552
1040597
1040598
1040609
1040616
1040619
1040623
1040624
1040631
1040642
1040665
1040672
1040677
1040690
1040693
1040713
1040715
1040718
1040722
1040761
1040774
1040776
1040821
1040824
1040827
1040895
1040914
1040916
1040920
1040922
1040926
1040933
1040937
1040939
1040951
1040979
1040980
1040984
1040991 140303
1040998
1041004
1041061
1041074
1041095
1041105
1041113
1041140
1041143
1041178
1041189
1041191
1041199
1041212
1041225
1041242
1041266
1041267
1041269
1041276
1041283
1041296
1041300
1041316
1041345
1041346
1041353
1041357
1041358
1041359
1041360
1041390
1041391
1041392
1041413
1041417
1041471
1041473
1041480
1041481
1041485
1041491
1041492
1041531
1041542
1041558
1041572
1041609
1041611
1041613
1041631
1041638
1041674
1041676
1041683
1041687
1041692
1041693
1041697
1041700
1041707
1041765
1041835
1041848
1041858
1041867
1041871
1041875
1041878
1041879
1041880
1041881
1041884
1041885
1041895
1041903
1041920
1041925
1041926
1041938
1041977
1041978
1041980
1041982
1042063
1042070
1042204
1057375
1057377
1058312
1058318
1058320
1058358
1058374
1058385
1058387
1058389
1058393
1058397
1058399
1058417
1058433
1058435
1058437
1058439
1058491
1058514
1058523
1058524
1058525
1058563
1058577
1058580
1058641
1058651
1058652
1058661
1058669
1058670
1058686
1058696
1058708
1058717
1058749
1058774
1058783
1058797
1058799
1058802
1058812
1058825
1058837
1058838
1058848
1058884
1058907
1058931
1058936
1058937
1058948
1058961
1059027
1059028
1059070
1059074
1059115
1059116
1059121
1059123
1059127
1059129
1059136
1059161
1059170
1059171
1059172
1059206
1059232
1059243
1059265
1059266
1059267
1059268
1059271
1059275
1059288
1059290
1059292
1059298
1059299
1059300
1059305
1059317
1059320
1059360
1059363
1059364
1059365
1059375
1059382
1059383
1059405
1059417
1059423
1059447
1059450
1059454
1059472 771296 775404
1059473
1059474
1059475
1059493
1059519
1059520
1059521
1059522
1059523
1059527
1059531
1059543
1059557
1059579
1059581
1059583
1059584
1059596
1059610
1059628
1059630
1059650
1059651
1059661
1059666
1059670
1059714
1059738
1059751
1059757
1059762
1059774
1059781
1059782
1059803
1059806
1059808
1059823
1059826
1059827
1059832
1059845
1059852
1059860
1059864
1059866
1059871
1059882
1059901
1059914
1059919
1059924
1059945
1059969
1059973
1059981
1059989
1060003
1060047
1060048
1060049
1060059
1060066
1060087
1060091
1060093
1060127
1060134
1060148
1060155
1060160
1060161
1060164
1060169
1060179
1060184
1060201
1060208
1060219
1060228
1060232
1060233
1060235
1060249
1060265
1060267
1060277
1060283
1060285
1060287
1060296
1060301
1060313
1060345
1060347
1060348
1060354
1060361
1060365
1060367
1060378
1060391
1060393
1060400
1060411
1060412
1060421
1060451
1060454
1060460
1060461
1060465
1060466
1060485
1060486
1060488
1060490
1060504
1060505
1060513
1060514
1060515
1060516
1060544
1060551
1060567
1060595
1060618
1060627
1060628
1060656
1062716
1062717
1062723
1062741
1062745
1062761
1062763
1062765
1062774
1062778
1062780
1062782
1062784
1062786
1062788 49009 49058 770457 770707 418578 599618 418587 418887 598882 598098
1062790
1062804
1062813
1062821
1062826
1062829
1062834
1062837
1062839
1062840
1062844
1062852
1062857
1062862
1062869
1062889
1062893
1062912
1062919
1062921
1062924
1062940
1062952
1062955
1062968
1062975
1062977
1062978
1062979
1062980
1062981
1062982
1062983
1062990
1063000 951441 951014 951513 951514 949540 949636 3691 595460 599338 595136 594816 595174 771399 776028 769666 772913 833149 776038 832246 773757 773532 598558 832455 770707 773930 832963 777157 598406 598297 594628 771400
1063002 772812
1063014
1063028
1063031
1063034
1063039
1063053 912360
1063055
1063064
1063066
1063072
1063075
1063076
1063079
1063086
1063098
1063160
1063161
1063163
1063164
1063166
1063167
1063169
1063170
1063173
1063175
1063176
1063178
1063179
1063181
1063182
1063183
1063184
1063185
1063186
1063187
1063188
1063189
1063190
1063191
1063192
1063193
1063194
1063195
1063196
1063197
1063198
1063199
1063200
1063201
1063202
1063203
1063204
1063205
1063206
1063207
1063208
1063209
1063210
1063211
1063212
1063213
1063214
1063215
1063216
1063217
1063218
1063219
1064627
1064653
1064683
1064741
1064743
1064745
1064983
1064998 770707 772104
1065031
1065068 598987 117
1065122
1065123
1065124
1065195
1065252 1065330 1065429
1065262
1065280
1065362
1065383
1065422 598588 117 598048
1065432
1065479
1065537
1065538
1065539
1065540
1065605
1065663 832359 833137 833155
1065760 769666 832359 598297 770707 832599 642963 832898 833137 599862 833155 1118192 1118252 117 170029 840156 598482 598406 1064641
1065895
1066157 771109
1066159 1066546
1066194 1066450 1066351 1066670 772814 832430
1066224
1066268 772814 774917 523666
1066450 1066351 1066670 1066546 1066194 772814 772895
1066534
1066535 17447
1066545
1066702 951849 833190
1066755
1066822
1067720 54785 833369 483828 774417 598558 771400
1077807
1077826
1077836
1077845
1077852
1077874
1077883
1077896
1077897
1077904
1077905
1077907
1077908
1077909
1077914
1077918
1077920
1077922
1077932
1077933
1077939
1077948
1077950
1077951
1077952
1077977
1078002
1078004
1078016
1078021
1078023
1078048
1078062
1078063
1078064
1078077
1078080
1078092
1078093
1078107
1078123
1078125
1078128
1078129
1078130
1078134
1078135
1078136
1078153
1078159
1078163
1078165
1078167
1078176
1078186
1078198
1078199
1078200
1078201
1078227
1078235
1078237
1078239
1078244
1078262
1078273
1078276 770159 771608 950302 950463
1078282 361399 1067720 262296 363219 361416 833078
1078284
1078299
1078307
1078309
1078332
1078336
1078344
1078350
1078357
1078362
1078370
1078371
1078372
1078373
1078380
1078400
1078418
1078419
1078427
1078449
1078464
1078470
1078481
1078484
1078537
1078551
1078593
1078594
1078672
1078677
1078741
1078743
1078768
1078790
1078792
1078800
1078807
1078832
1078833
1078849
1078851
1078866
1078868
1078869
1078881
1078891
1078903
1078915
1078920
1078921
1078938
1078944
1078951
1078952
1078968
1078981
1078997
1079020
1079022
1079024
1079037
1079038
1079041
1079043
1079044
1079045
1079046
1079047
1079066
1079072
1079073
1079081
1079092
1079105
1079106
1079109
1079110
1079112
1079127
1079130
1079147
1079149
1079161
1079173
