17255
17259
17260
17261
17305
17338
17345
17405
17407
17432
17434
17436
17441
17443
17445
17447
17449
17455
17465
17467
17505
17531
17534
17643
17657
17671
17672
17674
17694
17695
17700
17702
17753
17762
17796
17797
17859
28258 832639
28262
28264
28266
28268
28344 770174 771296 774988
28456
28457
28458
28459 28494 1299312 770174 775676
28460 1299198
28461
28462 832490 1299317 553045 772813 740984 376748 776804
28463
28464 776759 772521
28465
28466
28467
28468 776346
28469 775676 770336 774916
28470 832645 776759 771242
28471
28472 1077826
28473 775672
28474
28475
28476 770707 840156 1064641
28477
28478
28479
28480 1299207
28481 774916
28482
28483 28502 28518
28484
28485
28486 1299232
28487
28488 774916 770707
28489
28490
28491
28492
28493
28494 598297 770707 770254
28495 770174
28496
28497
28498
28499 775565 770707 598482 598297 599640
28500
28501
28502 28590 28510 28572
28503
28504
28505
28506
28507
28508 1299361
28509 773394 832766
28510 28518 28572 28483
28511
28512 774280
28513 775432
28514
28515
28516
28517 770707 598297 594628
28518 28502 28572 28550 28483 773351
28519
28520
28521 1299301 1299228
28522 771712
28523 950714
28524
28525
28526
28527
28528
28529
28530
28531 770707 598297 598689
28532
28533 832766
28534 28529
28535 775193 771965 771526
28536 771400 1128804 598558 1067720
28537 28580 832415 28556 390
28538
28539
28540 770457
28541
28542
28543 1299193
28544 1299281 770707 769666 598482 598406 1067720 594628
28545
28546
28547
28548
28549
28550 28518 28483 28572
28551 773618 770161
28552 771748 211740
28553 774707 2585 832628
28554
28555 776796 769769 771162
28556
28557
28558
28559
28560
28561
28562
28563
28564
28565
28566
28567
28568
28569 771698 1299290 28518
28570 833149
28571
28572 28518 28483
28573 770707 597895 594628
28574
28575
28576 772142 770820 769695
28577 613078 776238 832338 950888 832792
28578 1299189 774916 773618
28579
28580 773602
28581
28582 832587 776387 781
28583 774178 773664 772001 949857
28584 28480 1299257 774861
28585 776318
28586
28587
28588 770707 598297 595174 776038 777157
28589
28590 28502 28518 28572 28510
28591
28592
28593
28594
28595
28596
28597 771297 773394 771296 832720 770174 776806 832766 770799 772814 546229 833223 950302 546539 553024 17432 1067720
28598
28599 1299267 1299217 771543
28600
28601
28602
28603 771296 774988 769676 772340 770174
28820 775432 770707 598297 774411 773924 775565 598482 598406 599640
60465
60467
60469
60470
60472
60473
60475
60477
60481
60483
60486
60487
60488
60489
60493
60495
60496
60497
60498
60500
60501
60504
60506
60507
60512
60514
60519
60520
60523
60524
60527
60529
63938
63939
63940
63941
63942
63943
63944
63945
63946
63947
63948
63949
63950
63951
63952
63953
160513
160514
160518
160519
160536
160550
160558
160564
160568
160570
160581
160592
160606
160612
160614
160618
160630
160636
160646
160657
160662
160667
160668
160670
160676
160691
160693
160699
160700
160701
160702
160704
160707
160710
160720
160728
160739
160761
160773
185459
185469
185474
185498
185499
185503
185520
185533
185543
185549
185561
185564
185574
185575
185579
185581
185582
185587
185589
185601
185604
185607
185615
185617
185623
185627
185630
185631
185639
185658
185660
185662
185665
185667
185678
185688
185693
185703
185708
185718
185721 950174 951726 951487
185724
185733
185735
185737
185745
209748
209749
209754
209756
209759
209760
209764
209766
209768
209771
209784
209811
209856
209897
209919
209921
209924
209926
209927
209928
209929
209948
210006
210008
210012
210016
210041
210048
210049
210050
210051
210053
210054
210066
210072
210101
210117
210118
210126
210128
210139
210147
210159
210168
210171
210172
210173
210178
210184
210185
210194
210195
210196
210199
210209
210210
210211
210212 949878
210213
210214 949878 949879 951258
210215
210226
210239
210249
210269
210271
210282
210284
210293
210295
210312
210317
210320
210357
210358
210359
210360
210361
210362
210364
210369
210370
210373
210376
210395 949776 622710 623229
210397
210398
210406
210413
210414
210418
210428
210435
210436
210437
210442
210448
210449
210462
210479
210488
210511
210512
210513 950718 951855
210515
210516
210517
210518
210519
210520
210521
210526
210527
210539
210541
210542
210543
210554
210576
210580
210582
210583
210593
210605
210611
210626
210628
210631
210633
210635
210637
210639
210645
210646
210647
210648
210656
210657
210658
210659
210660
210671
210692
210693
210694
210695
210696
210697
210699
210701 950415 951735
210703 950422 950425 950426
210705
210707
210709
210715
210717
210730
210733
210735
210772
210774
210776
210779
210780
210792
210793
210797
210806
210807
210808
210809
210815 950416 950519 950518 951454
210816
210817
210819
210863
210864
210867
210869
210870
210871
210882
210887
210895
210896
210897
210916
210923
210924
210927 949776
210933
210935
210938
210939
210940
210941
210942
210954
210956
210957
210958
210959
210961
210962
210967
210971
210973
211028
211034
211037
211038
211040
211059
211060
211066
211096
211097
211109
211110
211111
211112
211118
211119
211122
211127
211129
211131
211151
211154
211156
211157
211162
211186
211193
211195
211196
211221
211223
211228
211235
211237
211244
211256
211258
211262
211265
211267
211269
211270
211297
211298
211303
211304 772995
211305
211308
211314
211329
211337
211339
211342 210717 210249 623036 621897
211346
211354
211355
211358
211360
211361
211364
211382
211383
211385
211387
211392
211393
211394
211397
211405
211413
211418
211420
211422
211424
211426
211427
211430
211441
211446
211447
211460
211465
211470
211484
211493
211497
211498
211500
211502
211504
211508
211524
211530
211532
211539
211561
211562
211566
211577
211579
211581
211582
211590
211591
211598
211599
211602
211623
211624
211628
211631
211636
211643
211645
211647 211645
211649
211651
211653
211674
211676
211687
211691
211694
211699
211702
211714
211716
211722
211724
211733
211735
211737
211740 950309
211743
211748
211754
211759
211762
211767
211773
211774
211782
211799
211800
211801
211803
211808
211813
211814
211815
211816
211820
211824
211826
211827
211829
211831
211835
211836
211839
211846
211847
211854
211855
211860
211861
211864
211865
211869
211880
211885 951463 951231
211890
211891
211894
211896
211900
211901
211905
211911
211930
211956
211957
211958
211959
211960
211962
211972
211973
211974
211975
211982
211983
211984
211985
212001
212045
212049
212053 769595 949776
212055
212057
212061
212063
212065
228977
228989
228997
229000
229027
229045
229053
229055
229066
229082
229084
229087
229095
229097
229128
229136
229157
229172
229179
229182
229203
229234
229238
229240
229245
229252
229257
229290
229360
229364
229365
229374
229380
229382
229392
229399
229409
229411
229463
229469
229491
229503
229554
229560
229574
229576
229588
229611
229612
229615
229643
229658
229670
229672
229676
229681
229699
229703
229712
229723
229739
229750
229751
229768
229777
229826
229885
229899
229902
229904
229907
229917
229923
229925
229927
229941
229955
229956
229999
230011
230025
230082
230111
230123
230149
230177
230193
230210
230243
230261
230339
230360
230368
230387
230399
230442
230445
230462
230467
230469
230480
230495
230496
230531
230533
230537
230561
230563
230570
230591
230595
230647
230655
230658
230660
230676
230699
230711
230726
230737
230766
230846
230847
230853
230862
230872
230917
230924
230929
230949
230970
230994
231051
231059
231060
231095
231107
231112
231129
231153
231159
231170
231229
231255
231258
231265
231270
231293
231303
231311
231322
231331
231361
231386
231393
231402
231404
231410
231419
231458
231459
231473
231474
231499
231509
231522
231545
231547
231634
231638
231644
231696
231751
231766
231789
262203
262219
262235
262243
262254
262260
262293
262324
262325
262354
262356
262362
262365
262376
262388
262403
267133
267163
267256
267278
267283
267366
267368
267370
267374
267397
267414
267415
267429
267435
267461
267463
267523
267572
267581
267649
267665
267697
267709
267710
267717
267730
267782
267784
267824
267858
267890
267949
267950
267963
267964
267970
267979
268064
268066
268181
268188
268202
268213
268248
268270
268271
268285
268351
268374
268381
268415
268416
268424
268469
268481
268505
268520
268537
268546
268567
268572
268584
268621 772812 771296 773575 951084 774017 774414
268641
268680
268685
268704
268705
268763
268770
268776
268778
268806
268810
268901
268920
268930
268947
268958
268990
268991
269005
269006
269038
269094
269116
269146
269148
269150
269161
269187
269203
269205
269213
269235
269280
375418
375419
375436
375465 949873 771296 770174
375473
375480
375500
375510
375534
375540
375544
375550
375561
375584
375588
375590
375600
375605
375621
375628
375638
375646
375663
375701
375762
375771
375809
375820
375840
375844
375851
375854
375867
375870
375890
375907
375912
375913
375937
375945
375968
375981
375983
375988
375989
375995
376020
376022
376024
376041
376049
376050
376066
376069
376078
376081
376114
376119
376120
376124
376146
376149
376150
376156
376165
376168
376174
376175
376187
376199
376209
376210
376308
376310
376341
376344
376352
376362
376406
376408
376410
376421
376437
376485
376486
376497
376500
376507
376517
376524
376526
376530
376540
376546
376554
376568
376598
376612
376657
376660
376662
376672
376681
376691
376747
376748
376750
376772
376785
376789
376804
376832
376837
376840
376862
376908
376942
376967
376980
376981
376982
376997
377020
377063
377083
377096
377107
377109
377112
377114
377117
377119
377123
377141
377212
377221
377235
377236
377246
377250
377259
377271
377275
377278
377313
377317
377327
377360
377362
377363
377379
377392
377408
377426
377429
377438
377441
377447
377451
377452
377471
377478
377494
377508
377519
377526
377533
377535
377552
377553
377575
377579
377584
377594
377615
377621
377624
377628
377632
377644
377656
377699
377705
377713
377740
377751
377759
377784
377792
377807
377831
377856
377883
377982
377997
378009
378017
378021
378043
378049
378050
378053
378057
378058
378074
378076
378094
378099
378101
378105
378106
378112
378113
378116
378122
378151
378176
387259 389974
387260 388858
387278
387289
387294
387299
387307
387309
387313
387324
387327
387338 950008
387348 390090
387393
387468 950714 833010
387495
387517 951605 833010
387520 950280
387522
387524
387529 950892
387540
387566
387573
387582
387597
387598
387604
387619 776028
387638 1128209
387641 950534 951609
387642 951441
387655
387656
387670 951519
387728
387736 740984 376748 774017 776804
387772 832246
387781 388478
387789
387800 775227 777157
387801
387808
387809 387808
387811 776101 773757
387816 390167
387819 951441 376204
387820 951441
387872 775227
387893 390470 391123
387900
387910 772516
387911
387912
387941
387943 950714 391234
387944 744848 390357 390617 1078276 388404
388001 1178138
388002
388004
388005
388047
388054
388059
388060
388070 772996 776607
388071
388072 951441 268621 772812 774020
388074
388105 1080928
388150
388151 774130
388160
388183
388248
388262
388265 376204
388266 951606 376204 771408
388276 951567
388286
388287
388300 1178138 777157
388312
388313 390265 388312
388315
388319
388349
388364
388372
388379
388381 771599
388382 771599
388397
388398
388402 388756 388879 1078276
388404 774020
388406
388407
388413
388418 775227
388420 771747
388422 774533
388423
388441 390619
388476 772238 776038 390470
388478 951592
388493
388535 832246 390399
388561
388572 950302
388578
388592 388420
388619
388621 776028
388629
388632
388656
388659
388668
388673
388685
388688 774411
388695 951441 951592 949991 951844 776101
388699
388721 950714 833010
388744
388748
388750 387573 390156
388756 774436 390362 390399 388856
388758 777157 389251
388766
388774
388776
388791
388792
388804
388810 387338
388816 388266
388817 774323 771599 777157
388823 390357 390617
388851 772812 773575 777054 777052
388856 390559 390399
388858 776038 777157
388859 950637
388878 776101
388879 951292
388880 546240 773575 777037 388879 388881 390357 390420
388881 546300 1006864
388887 832766 772139
388888
388912
388914
388918
388942 951322 951441
388977
388979
389035
389048
389053
389089 950248
389141
389168
389169 376748
389202
389212
389214
389239 950117 951441 951608
389251 951592 774020 777157
389268
389270
389281
389283 951525
389306
389334
389344
389352
389366 774533
389371
389424 388878
389427 776884
389435
389465 388881 391172
389486
389491 389537 388404 389663 744848
389492 950518 3691 774323 390265 391172 391014
389498 770161
389511
389537 376204 951002 951006 951424 951441
389562 744848 390624 388404
389569
389571
389579
389610
389625
389628 832246
389663
389664 268641 389663
389714
389749 388881
389757
389759 950714 950715 774365
389769
389779
389781 774323 388300 390265 389048 391172 391014
389788
389793 951441 776103
389825 950302 770167 388879
389832
389838
389842 387789 390167
389850
389852 951567 774533
389853 832587 389852
389855 951845 951441 949509 951844
389887 767
389889
389901
389902
389903 775227 390480
389909
389910
389922
389935
389953
389974
389982 774414 774017 376748 387736
389988
390007 771367
390031
390032 390031
390047
390083
390084
390087
390090 771296
390094
390135
390137
390141 770167 832246
390143 950714 833010
390154
390156
390167 951006 951441
390169 390167
390171 390597
390175
390177
390185 772426 773532 771399 390188
390187
390188 211304 950248 777207
390211 949948 951006 951380 890756 776103 390212
390212 951380
390218
390220
390242 773664 777157
390253
390264
390265
390281 949509 950117 376204 951441 951607 951845
390310
390320 951567 774533
390336 390689 387299
390357
390362 388404 744848 745409
390385
390387
390389
390394 951222 951592 951605 28276 776101 774020
390399 777157
390416 951612 951605 776101
390418 774020
390420 1006864
390422 832246 390418 390420
390425
390467
390470 776038 777157
390472
390480 390470
390491
390498 951827
390499 775227 390470 388418 388406 388858 390624
390509 776038 775227
390515
390524
390549
390559 775964 775227
390565
390576
390582 951613
390586
390595
390596 950714 391234 387299
390597
390598
390617
390618 949948 951380 775632
390619
390620 774020 387736 390617 391012
390624 951441 775227
390630
390631
390642
390644 387800 387619 390357 744848 388858 388404 389832
390646 951441 950117 951607 951844
390655
390656 951222
390672 776145
390673 950463 950302
390689 950714
390698 951827 949906 949914
390713 375840
390717
390726
390734
390735
390750 951441 951279 951611
390826
390827 951441 767
390830 388404 744848
390837 781 774099
390838
390842 391234
390856 770159 772516 773579 770338 774130
390862 775521
390878
390880
390890
390891
390930 387299
390944
390945
390950 951441
390973 387789
391012 951441 951607 951592 776101
391013
391014
391033 775227 777157 390399
391050
391057 391059
391058
391059
391064 951567
391074 771367 390357
391075
391081 832766 388286 389498 388379 389268 391172
391082
391113
391123
391129
391172
391216 774365 388286 387338
391228
391232 950522 950715 833010 388721 390143
391234 388721 776105 950522
391256
391271 391272
391272
391273
391277
391279
391280
391343 388881
418385 833013
418426
418430
418466
418480
418481 832874
418482 418888
418506
418516
418567 832415 390
418576 774348
418578 595898 770707 595788
418582
418608
418667 553032 185499
418704 785976 784759 419494
418751
418761
418765
418774 769900 82529
418783 772520 832415 775323 769800 390
418807
418819 769800 28323 951768
418822 777038 771244 772520
418878
418888 833013
418930 832284
418949 950249 832284
418963 418783 418480 774916
418975
418991 951218 773958
419012 774505
419026 419581 833012
419036
419038
419039
419047 775543
419075
419093 950133
419123
419135
419143
419148
419150 419148
419174
419208
419222
419267
419325 771747
419326 419148
419338 833149 832792
419343
419345
419361 2585 419123
419368
419400 771296 770174
419410 776796
419435
419437 770820
419494 418704
419519
419581 771109 833013 776796 775543 613197
419591
419593 951539 775867
419602 418783
419656
493003
493012
493015
493016
493038
493040
493053
493091
493139
493146
493167
493168
493175
493176
493193
493194
493198
493201
493252
493267
493294
493358
493359
493365
493390
493393
493402
493410
493412
493441
493463
493476
493477
493516
493536
493537
493568
493573
493584
493585
493619
493620
493631
493646
493647
493664
493667
493706
493709
493710
493711
493721
493722
493737
493739
493746
493747
493750
493751
493795
493811
493849
493850
493855
493913
493928
493929
493940
493974
493977
493987
494003
494004
494006
494023
494040
494045
494049
494086
494087
494090
494101
494132
494136
494142
494145
494147
494154
494172
494177
494184
494201
494207
494214
494224
494255
494260
494274
494296
494300
494301
494323
494337
494339
494348
494360
494369
494370
494382
494403
494409
494410
494414
494439 268621 772812
494440
494441
494450
494457
494466
494468
494476
494478
494496
494498
494506
494518
494523
494525
494543
494548
494557
494561
494567
494589
494596
494613
494623
494625
494628
494629
494631
494634
494640
494660
494668
494683
494691
494693
494710
494711
494716
494740
494742
523663
523664
523665
523666
523667
523668
523669
523671
523672
523676
523677
523678
523683
523684
523685
545882 774130
545909
545914 771162 770799 621997 950301 211304 832209 771597 773275 774017 774308
546060 951083 949580 792361
546118 268621 523666
546146 772812
546175
546187 546443
546213 950302
546215 772812 389788 376748
546229 770169 774915 775552 774916 950463 17512 1067720 553024 613197
546237 770813 772410 772996 773112 773889 623142 777054 951835
546238 772812 774988 546187 546443 950612 951689 621107 546427 623129
546240 773390 772812 770799 773575 772814 771294 1006640
546262 770707
546284
546300 773579 951292 774017 774417 1006864 772521
546331
546344 211304 949989
546366
546371 622369 949989 623077
546388
546427 185474 770174 546443 950612 553024
546440 950853
546443 769499 775390 774524 771555 773892 773864 770300 771696 771504 772920 774202 774720 770409 772056 950702 951556 950249 949540 3691
546448
546456 772812 268621 268920 546539
546464 613197 772521
546490
546518
546539 774417
546540
546555 772225
546578 375465
546637 773664 211304 951222 950301
546697
546726 777054 771162 773437 623279 949589 951835
546731
546759 622964 546539 951452
546770 770737 772151 950248
546795 553024
546805
546815 772809 772812 772813 951441 740984 376748
546855
552975
552977
552979
552981
552982
552983
552984
552990
553000 626718 1014852 1068013 1014728 233588 628137
553002
553005
553015
553017
553019
553024 483820
553027
553031
553032 195189
553042
553043
553045
553049
553050
553051
553052
553055
553059
553065
553070 483831
565946
565957
565963
565970
565979
566019
566027
566030
566031
566060
566072
566083
566084
566113
566115
566127
566148
566154
566164
566175
566184
566185
566204
594411
594428
594485
594628 770707
594696
594714 3691
594720 771609 776884
594813
594816 777157
594981 773922 832455 832262 775636 771398 950463 951713
595014
595051 950189 951514
595136 773757
595164
595174 771599 777157
595211
595232 950397 950644
595320
595334 951835 771543 777157
595340
595377
595428 777206 776028
595430
595436 595665 595572
595460 771274 775227
595474
595492 773833 774050 951539
595545 776028 775227 950892
595572
595665
595739 598637 598640 599777
595788 770707 595174 595545 595898 418578
595846
595885
595898 950397
595939 950298
595940 832246
597896 598297 770707
597897 597895
597998 771599
598008
598035
598047
598048 375453 770707 1196191 211714 599587
598049 598637 598640 599239 599327 599554 775996 599745 599777
598053
598056
598073 769666 770707 1196190 598406 598482 598572 598689 598847 377314 599640 599742 599813 599933
598091
598144 950314
598166
598276 770707
598297 770707 1196194 1196191 594628
598309 771295 1128172 774408 776759 772520
598396 594720 771609 770707 776884
598406 769666 599933 598482 598297 594628 125
598428 845063
598439
598482 840156 769666 770707 598297
598525 153 599049 790793 950753 773930
598560 769666
598575
598581 770809 525659 770707
598588 375453 770707 598403 1196191
598622
598638 770707
598696 595898 598637 599777 595739
598701 770707 1196191 1196193 153 832879 951040 599424
598736
598766
598869
598879 598640 598637 599777
598962
599057
599211
599212
599214
599239 775996 770707 598640 598637 599777
599284
599301
599302
599312 775996 598637 598640 599777
599316
599327 775996 770707 598637
599338 744585 770707 598402 598403 1196193 1196191 744852 745277 745468 770361
599341
599364
599405 770707 1196191 598406 598637 598640 598689 599640 775996 599813
599473
599554
599571
599581 598297 770707 938912
599587 598048 770707 1196191 598403 375954 598482 598847
599597 598637 938922
599605 770473 770707
599626
599640 775565 770707
599678
599734 775996 599554 598640 599777 598637 770707 599327 598482
599736
599742 775996 776275 771599 770707
599751
599779
599790 840156
599809
599813 770707 774071 771109
599823 775996 770707 775432
599825 375878 790379 525638 598402 598297 1196193 599823 770707 525645 599640 598403 375954 594628
599861
599863
599912
599925 777123
599933 770707 776275 594628
599941
599962
599973 598640 598696 598637 599777
599983
613018
613022 775432
613027 832415 2585 390
613034 951172 950875
613035 776759
613036
613037
613042 771539 773618 613289 613390 613229 774417 771100
613049 771539 777038 775432
613057 770161
613060 1060421 771238 771201
613066 775152 777038 775652 770457 770161 613322 613280
613077
613078 832874 949551
613079 772067 775651 771622 769890 770831 613060 613312 2585 771238
613081
613082 775432 613346
613083 769890
613086
613097 773616 771244 771608 771109 950133 771201
613105 950180 772520 613202 832430
613115
613120
613121
613127
613132
613134
613135 769473 613273 951217 2585
613136
613148
613150
613152
613170 832415 390 771201
613176
613182 773616 777035 773577 773575
613183 774915 773618
613186 772338 773618 775432 771244 613322 775652
613197 772520 772845 832430
613202 772520 773616 832430
613208
613216 771539 775837 845063
613226
613229 774915 777038 773618
613243
613247 832415 949717 2585 390
613259 832417 740897 613259
613263 949984 951217 771201
613273 613370 951217
613280
613282 775152 775432 772338 775837 613280
613289 770070 832415 777038 774916 773618 613042 613390 390 771201
613297 774916 613197 832430
613309
613312
613319 771543 1129856
613320 832415 613060 390 771238
613322 769971
613329 775651 949587 950054
613332 777038 769971 774916 775652 773618 613216 775837 613322 613351
613337
613346 773390 773616 770081 772139 832645 771294 950960 772521
613351 950133 772338 774916 832490 775837 771244 772520 770161 771201 771242
613356 773664 951815
613359
613364
613370 621767 623116
613372
613380
613386 771201
613390 771539 774915 771244 777038 774916 772338 772814 613289 613042 771100
621102 950280
621103 773437
621105 771162 773437 621103 211304 950301
621107 546427 546443 546238 950612
621119 775390 774524 621767 949763 949872 949874 773275 951556 623236
621143 771597 771700 769676 772995 771593 622990 211304
621192 951487 773864 774720 770409
621223 773864
621243 210395 622710 622594 949776
621308 621475 949776
621309 951832 951831
621354 622825 622617
621394 949776
621446 951775 951576 950091 950174
621461 772809
621475 949776 623229
621496 210815 950520
621523 950416 210815 950418 951454 950520
621525 623055 950694 212053 951454 621523 951883
621527 950414
621529 950691
621536
621545
621547
621575
621606
621613
621631 210815 950520
621644 950416
621645 622911 949580 792361 210317
621651 622911 951487 210317
621654 774533
621655 833010 951262
621744 950518
621759 622710 950174 949776 951576
621760
621761 621763 621767 950600 621475 949776 949973 949778
621763 621475 950600
621764 621760 376497 951083 951576
621765 950631 950887 950415
621766 621765
621767 950008 950117 949989
621768 950631 950738
621769 621767 621766 949989 623236
621770 621767 621774
621773 950631
621774 621767 951441 950117
621775 621769 623236
621786 774017 623036
621799 771702 950067 950065
621847 621767 950697
621897
621898
621899
621900
621902
621909 622990 950518
621924 621767 623077 623059
621989
621990
621997 777052 951130 950301
622000 622284 950668
622006 950283
622037 772604 741061
622073 621767 621774 951441 950117
622088
622089 621767 622367 613370 622088 623116 950216
622094
622103
622113 949776 623055
622114
622115
622166
622167 833190 950416 949585 950422
622232 949776
622233 211304 950992
622266 771296 775404
622280 951576
622284
622294 621989
622295
622296 949863 950632 772535
622297
622303 210214 949989 622303 949880 621767 622992
622304 951130 949585 211304 950429 949580 951468 950692 622303 622992 623077
622305 949585 950600 949989 546331 621775 622369 621769 622304 621645
622309 622573 951662 949845 950931 1121490 951833
622310
622366 210212 949879
622367 621767 622088
622369 621767 621766 621769 623077
622370 621767 949989
622437
622456 622294 621575
622497 376748
622500 621989
622501
622548 771399
622553 771296 770174 1059472 949873 622266
622571
622572 622571
622573 951662 950835
622586 621767
622588 951525 621767 622586 623077
622594 622710 212053 949776 622619 951883
622598 950852 951244 951468
622617 622992 622701 621143
622619 949776 622710 951883
622620
622622 3691
622631
622632 772426
622639 771244 740897 772521
622640 621547 1060365 1060485
622641 770174 774988 622553 950612 949873
622654 622710 949776
622673 621767 623077 949776
622678 622710 621759 949776
622694 951084 951083
622695
622696 950302
622701 621143 622990 211304
622710 623229 949776
622712 773575
622713 950417
622715 621761 949973 621767 950600
622720 949776
622723 949762
622729 949878 950852
622730 832490 950098 378072
622731 951568 17503 378072
622732 621767
622746 622296 376691 949863
622755 777052 771441 621997
622756 623087
622775
622802 950644
622814 951130
622824 950416
622825 622723
622833
622834 772812 546146 740984
622848 771162 773437 621103 621105
622887 1093910 622928
622896 777157 770799 622825 622824 950992
622897
622898
622911 621651
622927 951687
622928
622929
622932 621769
622939
622947 950416 950601
622958
622962
622964 774130 622990 623146 951222 623087
622966
622968 622966
622970
622972 951458
622976 211304 950518
622990
622992 622990 623146 622824
623010 951441 950117 951607 951000
623016 622501
623017 622594 622710 949776 622619
623018 621767 950957
623026 775509 950422 268958
623036
623051
623055
623057 951576
623060 951832 951831 951632
623073 621613
623077 621767 622833 621768 949878 950431 950738 621475 949778
623084
623087 951083
623103 949776
623110 621768
623114 773892 621192 950702
623116 775390 774524 773864 770300 770409 621767 375912 950702 951556 949763 623236
623122 1005599
623129 621223
623131 60387 951890 1059121 950255
623132
623142
623144 771702
623146 775509 772995 211304 950422
623181
623182
623190 546855 950986 950853
623193
623194 951768 951766
623229 212053 949776 951883
623230
623231 951467 950887
623232 832720 623230 774017
623234 951766
623236
623238 771297 951222
623246 950174 951576 1015563
623256
623279 771702 777052 950301
623281 231751 950416 951468 950415
623297
641990 771539 771965
642135 375817
642188
642195 886889 770388 740792 153 1060265 777123
642243 1196191 770707 599340 738950 418578 595788
642253 740420
642304
642329 599587 160668 599825 840156 770707 599742 598297
642342 775652 598297 599581 599825 599587 613322
642417 775920
642428 598297 770707 771295
642431
642500 770707 771510 1196190 598297 1196193
642524
642535 525659 598581
642564 1075272 776301
642668 771510
642707
642725 598297 770707 598402 1196191 598403 375954 598406 598482 771510 598840 1067720 599341 599825 594628
642750 770457
642751
642770
642777
642812
642930
642961 770707 775565 938945 777123
643141 770707 598402 1196193 153 599424
643151 776156
643218
643226 598484 832879 598402 153 598403 770707 1196191 1196193 740420 598482 152 770160 770474
643308
643311 771238 950485 775651
643384
643427 949510 776527 950485 1058884 930635 950314 791838 950346
643489 375954 832642 949717 613202
643573 153 833062 1065485
643613 598048 770707 1196191 1196193 375954 376027 599587
643669 597896 525617 769666 740420 598297 770707 525624 642524 598701 525638 599779 769587
643683 1196191 740420 153 951835 771510 771599 595334
643694 832642 832430 771295 774916 774924 775957 613202
643701 376880 599605
643750 599734
643765
643819
643896 769587 770707 890415 546262 776156
643909 769666 643669 598048 770254 770707 1196191 1196193 598403 598402 599587 594628
643914 770707 376027 376395 376880 376929 599587
643998
644016 790193 790194 775920 791638
644057 770473 832455 153 776380
644086 770707
644095 777257 770707 1196191 598403 1196193
740418
740420
740443
740447
740453
740479
740501
740543
740545
740579
740585
740588
740589
740590
740591
740596
740600
740606
740612
740657
740663
740682
740683
740692
740694
740696
740700
740702
740737
740767
740776
740792
740813
740815
740817
740839
740849
740852 769891 832415 775323 775319 951840 950054 390
740853
740860
740861
740862
740873
740880
740884
740889
740897
740898
740906
740942
740944
740945
740955
740958
740979
740980
740984
741016
741027
741028
741029
741043
741061
741062
741088
741105
741106
741107
741108
741117
741120
741127
741151
741200
741226
741240
741246
741247
741258
741260
741262
741265
741275
741317
741320
741327
741328
741379
741393
741396
741408
741413
741417
741421
741422
741423
741424
741425
741427
741456
741462
741503
741508
741515
741521
741532
741534
741536
741559
741569 777050 769676
741608
741671
741693
741695
741763
741770
741809
741860
741914
741937
741947
741949
741977
742005
742034
742040
742042
742050
742085
742095
742109
742115
742128
742213
744248
744249
744263
744308
744310
744451
744460
744465
744469
744471
744482
744484
744547
744549
744558
744583
744585
744618
744632
744747
744810
744814
744839
744844
744847
744848 774020
744852
744931
744932
744961
744989
745034
745036
745049
745074
745187
745201
745241
745244
745246
745251
745277
745325
745403
745409 951441 951592 376204 772812 774020 387736 1078276 391012 387819 388695
745439
745455
745468
745486
745499
745510
745511
745530
745534
745591
745593
745631
745678
745702
745770
745795
745812
745821
745886
745888
745903
745904
745908
745912
745924
745952
746021
746084
746097
746098
746132
746134
746154
746173
746238
778068
778084
778113
778116
778119
778121
778126
778140
778141
778143
778147
778150
778156
778160
778192
778200
778204
778228
778252
778321
778327
778369
778383
778393
778406
778407
778411
778430
778431
778480
778492
778508
778515
778516
778520
778534
778537
778543
778544
778565
778566
778578
778583
778586
778598
778607
778654
778664
778668
778684
778718
778732
778777
778798
778800
778802
778806
778813
778814
778902
778904
778914
778958
779043
779058
779061
779065
779066
779067
779071
779093
779217
779284
779303
779304
779356
779358
779362
779364
779373
779375
779385
779389
779404
779422
779490
779544
779548
779550
779595
779597
779599
784339
784383
784508
784629
784632
784662
784663
784706
784714
784757
784759
784868
784878
784880
784907
784994
785069
785080
785166
785177
785184
785280
785284
785315
785379
785483
785535
785550
785579
785636
785637
785708
785764
785781
785869
785873
785924
785940
785973
785976
785977
785991
785997
786001
786020
786142
786154
786181
786194
786199
812153
812206
812208
812253
812258
812360
812389
812410
812449
812481
812552
812554
812562
812636
812708
812820
812862
812920
812933
812973
812991
812994
813129
813217
813291
813295
813354
813482
813537
813568
813596
813621
813649
813659
813675
813734
813736
813738
813769
813788
813812
813824
813881
813948
813963
814017
814073
814076
814078
814158
814208
814222
814232
814240
814284
814287
814314
814316
814375
832189
832209 771597 771399 777054 545914 771162 773437 211304 950301 949589 951835
832239 571071 418783 419343 418963 418480
832246 771599 770167 770159 770166
832259
832262 832455 832639
832283 832490 774915 777037
832284 774818 771555 773390 773616 771244 777035 769442 832808 775538 772139 776329 775295 769503 771294 950986 951393 951423 949984 951540 951783 950874 951538 950620 951217 949656 772521
832309 773577 775267 774178 949822 950174 775676
832336 776384 17447
832338 775676
832366 832415 771260 390
832369 775555
832398 833013
832415 771753 769891 769890 770163 770726 770724 771109 771244 771879 772843 774133 774768 774821 775319 775323 775430 775683 776139 949542 951815 951840 950133 950054 773272 376492 774207 770754 771201
832417 772520 833008 770070 771109 832415 771242 771244 771294 771881 772338 832639 832808 774133 832874 775323 833012 776384 951815 950133 832430 771928 775676 390 771201
832419 832415 949897 950054 390
832430 771244 772520 775957
832442 772410 771597 776482 771702 772995 777052
832455 774411 773380 775552 775827 776884
832461 769944
832490 772812 622497 622694 622695 774020 951441 950117 951607 951084 951592 951083 949509 951844 951487 376748 623087
832520 772626 771597 774202 774411 774100
832577
832587 775008 833010 770262 773516 774696 769482 951153 950714 889270 951177 951464 774280 774364 776415 951463
832602 772573 772521
832628 776931
832638 774130
832639 771244 772338 774906
832642 772520 773616 832430
832645 832417 773390 773616 771244 770799 772139 770370 771294 772521 771100
832650 832490
832719 185665 769442 613370 950853 951783
832720 773579 773388 770737 773575
832726
832728 833013
832733 774130 771296 832766 771297 770174
832743 833116 598640 598638 832874 599327 598696 599973 951394 2585 599597 599405 598637 599777
832763 833008
832766 17310 770169 774130 773393 773579 772812 771296 776820 770174 771294 771297 772813 622553 773575 769676 774559 774988 777037 951835 949873 375465 553024 774020 832283 622641
832792 776318 769707 770440 772938 773227 774707 775539 776809 776931
832805
832808 770382 774903 776843 774562 771669 774707 772938 773227 771100
832841 774992 773145 772221 770126 775325 769860 770823 771841 771891 772034 772149 772220 772223 772222 772321 772533 772742 772917 773397 773387 774013 774071 774254 774411 774932 775393 775781 776011 776013 776757 769443 770131 770132 770199 770549 771692 771699 771703 772773 772808 775317 775334 775844 775882 775995 776081 771481 950440 951040 950341 950298 949821 949724 950645 950753 950999 950297 950320 951237 950644 776380 773238 771545 773986 773239
832849 774411 833062 773924 832963 769865 769899 769914 770294 773059 773894 773930 773928 951374 951736 769455 775770 774100 599424
832874 950052 951571 950874 950920 771201
832879
832881 776887
832950 773845 770468 770587 770443 771430 771664 773318 773319 773322 773329 774503 774701 775126 775128 775230 776231 776361 776670 950655 951416 951417 951606
832951
832952 773622 833217 949963
832959 832417 832602 832284 772814 832645
832960
832961 832415 832763 774133 390
832963 832520 775874 774411 773930 776380 770642
833008 949542 949711
833010 774117 775008 774533 774520 775971 773850 773516 776028 949633 951262 889270 950191 951151 951465 950892 951463
833011 949934 951567 951153 950714 951601 622284 951647 950822 950751 951233 949605 950892 949614 770569 772281 833219 774364 773363 774431 774365 833010 598558 769482 621655 950668 771400
833012 949542 949844
833013 833217 774139 776796
833014 833013
833054
833057 833010 832455
833062 770148 775874 774411 769675 769899 771256 773059 773930 950644 776380 775770 770642
833090
833091 773978 775785 770447 776600 773516 772257 773355 775204 775449 776062 949969 951849
833116
833122 832841 771946 776387
833147 771599 776030 832415 951262 951662 950844 950210 390
833149
833190 832309 771593 772813 772995 622968 777052 211304 951083 951576 949857
833208 773622 770286 769762 950132
833217 772370 776549 774139 769961 776796 951158 950434
833219 771599 770163 770447 770707 832455 773381 773516 773958 774411 774533 775449 775552 775827
833220
833223 771297 777037 772812
833238 833217 770174 832369 771296 771745 832645 775515 775676
840026
840066
840068
840070
840072
840074
840076
840103
840113
840120
840136
840155
840156
840161
840162
840163
840166
840168
840170
840172
840174
840181
840200
840202
840207
840208
840209
840210
840211
840212
840229
840257 950573 769595 769480 771741 2585 832417 775837
840272
840309
840310
840314
840317
840319
840325
840358
840359
840360
840361
840362
840363
840365
840412
840413
840414
840415
840442
840444
840445
840446
840447
840459
840469
840470
840486
840487
840491
840493
840498
840526
840531
840536
840537
840538
840540
840559
840560
840561
840564
840565
840573
840574
840575
840576
840577
840578
840583
840587 832338 775676
840589
840624
840625
840626
840627
840628
840629
840640
840646
840647
840649
840657 775957 832338 770707
840661
840664
840684
840685
840687
840688
840689
840690
840691
840692
840693
840694
840695
840696
840697
840698
840699
840700
840701
840785
840790 832455
840806
840835
840836
840837
840838
840840
840841
840842
840843
840844
840845
840848
840849
840850
840879
840881
911773
911794
911796
911807
911812
911814
911852
911858
911866
911886
911888
911921
911931
911932
911992
911993
912003
912007
912013
912052
912054
912151
912189
912220
912227
912247
912251
912280
912415
912439
912477
912500
912508
912562
912604
912625
912626
912669
912671
912688
912695
912724
912736
912840
912849
912859
912874
912891
912950
912968
912977
913032
913052
913054
913062
913068
913074
913079
913209
913216
913236
913299
913322
913323
913346
913367
913368
913386
913388
913404
913414
913470
913482
913489
913491
913609
913660
913661
913667
913673
929586
929713
929715
929786
929827
929837
929838
929868
929897
929912
930086
930095
930117
930142
930175
930183
930205
930274
930290
930292
930322
930333
930566
930579
930580
930612
930635
930639
930641
930642
930643
930675
930676
930702
930715
930718
930763
930805
930876
930892
930924
930937
930939
930962
931020
931079
931132
931162
931185
931244
931263
931329
931355
931387
931394
931440
931458
931470
931572
931574
931645
931646
931655
931678
931704
931705
931728
931747
931752
931753
931757
931831
931836
931904
931934
931935
931970
931992
932024
932032
932059
932061
932072
932096
932185
932207
932208
932209
932210
932211
932213
932267
932268
932270
932280
932293
932331
932407
932459
932487
932506
932514
932588
932603
932814
932822
932904
932920
932922
932931
932936
932951
932961
932969
932970
932971
932972
933035
933114
933115
933120
933140
933168
933260
933344
933349
933371
933451
933491
933493
933499
933540
933541
933562
933569
933581
933600
933604
933612
933614
933616
933623
933625
933634
933707
933756
933780
933865
933926
933927
933928
933929
933946
933947
933957
933975
934048
934070
934074
934075
934076
934077
934137
934169
934171
934219
934221
934275
934302
934303
934377
934391
934402
934417
934457
934536
934538
934560
934568
934591
934598
934616
935218
935220
935221
935224
935227
935240
935249
935269
935275
935286
935292
935294
935298
935311
935330
935331
935359
935362
935365
935367
935373
935390
935392
935395
935401
935410
935432
935443
935444
935455
935461
935462
935463
935473
935475
935502
935509
935514
935516
935539
935540
935553
935591
935596
935597
935603
935604
935634
935638
935640
935642
935644
935646
935647
935648
935650
935652
935658
935664
935666
935668
935670
935677
935679
935705
935714
935718
935720
935722
935724
935726
935727
935729
935731
935733
935735
935741
935742
935750
935769
935771
935773
935775
935777
935781
935784
935811
935819
935830
935834
935844
935845
935860
935865
935870
935872
935881
935885
935898
935926
935927
935930
935931
935932
935939
935941
935942
935944
935951
935972
935973
935976
935978
935985
935994
935995
936002
936004
936008
936031
936033
936037
936038
936039
936040
936042
936045
936046
936070
936073
936077
936081
936084
936086
936102
936119
936120
936127
936129
936136
936140
936150
936152
936171
936176
936178
936180
936188
936190
936192
936194
936195
936201
936202
936211
936215
936243
936267
936304
936316
936317
936323
936333
936335
936347
936379
936380
936383
936387
936388
936398
936405
936416
936436
936461
936468
936469
936481
936483
936486
936487
936490
936493
936494
936496
936498
936502
936524
936529
936534
936540
936544
936545
936548
936562
936566
936567
936597
936601
936609
936615
936624
936625
936626
936627
936645
936671
936674
936675
936677
936682
936685
936689
936690
936695
936696
936725
936730
936735
936750
936763
936764
936791
936792
936793
936794
936821
936824
936831 771115
936834
936840
936842
936849
936867
936873
936883
936892
936894
936897
936899
936901
936907
936915
936917
936919
936924
936936
936937
936939
936940
936949
936961
936965
936970
936973
936997
937002
937026
937028
937030
937032
937098
937103
937109
945393
945415
945441
945451
945452
945532
945535
945649
945729
945790
945812
945889
965417 968880
965419
965519
965625
965727
965746
965875
965886
965948
965958
966129
966422
966478
966486
966516
966576
966601
966831
966953
966984
966987
967014
967270
967277
967373
967441
967495
967586
967686
967783
967847
967867
967959
968018
968034
968073
968123
968245
968292
968367
968493
968494
968495
968496
968505
968525
968567
968613
968629
968677
968780
968806
968949
968977
968983
968989
969022
971267
971269
971292
971294
971297
971301
971319
971329
971333
971336
971338
971340
971342
971344
971348
971353
971364
971381
971382
971393
971402
971409
971411
971417
971418
971420
971421
971422
971423
971453
971464
971476
971509
971515
971516
971521
971522
971536
971537
971538 950174 951775 951576 950091
971541
971546
971549
971558
971559
971560
971561
971569
971581
971588
971600
971601
971602
971622
971623
971640
971694
971704
971713
971714
971716
971718
971719
971730
971732
971739
971740 951083 951576 376497 621760
971741
971742
971743
971744
971755
971757
971758
971761
971762
971769
971774
971775
971785
971786
971789
971790
971808
971809
971831
971832
971840
971841
971846
971850
971852
971898
971901
971910
971913
971914
971916
971918
971922
971946
971966
971973
971980
971987
971989
971991
971999
972001
972007
972017
972034
972035
972036
972038
972039
972040
972041
972043
972049
972051
972053
972055
972057
972083
972084
972085
972086
972088
972090
972099
972101
972104
972107
972108
972134
972137
972144
972145 3691
972147
972151
972153
972154
972155
972156
972170
972171
972190
972201
972210
972211
972212
972213
972228
972238
972239
972240
972241
972247
972249
972250
972251
972267
972280
972294
972298
972318
972319
972321
972324
972326
972328
972335
972336
972347
972350
972360
972362
972369
972375
972379
972380
972382
972392
972405
972415
972419
972421
972430
972432
972440
972447
972450
972452
972453
972471
972519
972540
972547
972559
972560
972563
972564
972567
972576
972589
972591
972600
972602
972604
972605
972613
972618
972632
972634
972639
972643
972649
972651
972652
972654
972660
972675
972684
972686
972694
972695
972696
972701
972714
972715
972719
972721
972723
972729
972761
972765
972770
972772
972786
972787
972789
972798
972817
972836
972837
972842
972846
972847
972849
972857
972858
972859
972860
972861
972862
972863
972864
972870
972873
972875
972880
972891
972905
972906
972918
972926
972927
972930
972960
972963
972968
972969
972974
972978
972981
972989
972990
972995
973012
973016
973018
973019
973038
973039
973045
973047
973068
973070
973071
973072
973073
973090
973100
973111
973120
973122
973131
973138
973140
974201
974203
974207
974208
974210
974211
974212
974223
974225
974227
974281
974291
974297
974307
974424
974496
974498
974506
974519
974520
974521
974522
974523
974551
974552
974566
974614
974625
974626
974639
974646
974647
974648
974701
974713
974750
974777
974793
974802
974803
974825
974826
974827
974829
974854
974872
974884
974900
974912
974918
974925
974940
974956
974968
974969
974973
974974
974992
975006
975007
975015
975017
975020
975119
975137
975167
975171
975184
975209
975210
975216
975217
975218
975219
975220
975232
975259
975262
975267
975277
975282
975299
975300
975301
975305
975329
975367
975382
975418
975419
975433
975496
975497
975498
975500
975506
975507
975514
975531
975532
975533
975541
975545
975577
975599
975601
975622
975644
975645
975654
975663
975697
975698
975699
975700
975718
975728
975820
975823
975829
975831
975858
975864
975902
975913
975917
975919
975920
975921
975922
975947
975954
975955
975956
975957
976000
976001
976002
976007
976010
976020
976021
976038
976045
976055
976057
976073
976074
976096
976101
976103
976118
976124
976131
976134
976136
976141
976151
976153
976169
976191
976193
976232
976234
976262
976290
976297
976306
976316
976317
976324
976333
976365
976435
976446
976456
976480
976487
976492
976508
976510
976520
976521
976536
976557
976577
976579
976581
976583
976593
976594
976595
976617
976639
976653
976660
976693
976695
976697
976700
976743
976756
976779
976808
976832
976842
976853
976857
976876
976878
976880
976902
976903
976904
976968
976970
976972
976974
976975
976981
976988
977018
977020
977021
977046
977056
977068
977084
977085
977087
977095
977101
977105
977130
977140
977142
977143
977169
977176
977179
977185
977186
977189
977207
977208
977211
977212
977213
977220
977255
977264
977267
977275
977279
977280
977317
977318
977319
977320
977349
977352
977363
977374
977416
977432
977475
977477
977479
977481
977490
977496
977498
977500
977511
977512
977529
977531
977580
977586
977624
977626
977628
977631
977668
977670
977695
977716
977731
977734
977742
977743
977746
977748
977755
977769
977776
977777
977778
977779
977784
977790
977827
977832
977849
977852
977875
977893
977908
977910
977922
977931
977934
977949
977971
977977
977978
977980
977981
977984
977986
977988
978016
978029
978030
978043
978048
978053
978072
978073
978079
978081
978123
978124
978146
978148
978161
978235
978258
978276
978279
978295
978297
978336
978339
978342
978350
978355
978356
978357
978358
978359
978360
978361
978362
978369
978390
978396
978426
978446
978448
978449
978450
978485
978517
978601
978603
1015091
1015094
1015111
1015112
1015114
1015116
1015118
1015120
1015121
1015123
1015137
1015141
1015146
1015152
1015153
1015159
1015163
1015168
1015169
1015170
1015185
1015190
1015202
1015206
1015207
1015223
1015229
1015248
1015250
1015252
1015254
1015256
1015257
1015259
1015272
1015273
1015277
1015279
1015280
1015281
1015282
1015283
1015285
1015288
1015291
1015293
1015297
1015301
1015304
1015306
1015308
1015310
1015317
1015325
1015330
1015334
1015336
1015338
1015347
1015348
1015349
1015351
1015353
1015356
1015359
1015364
1015366
1015387
1015391
1015396
1015399
1015404
1015405
1015406
1015414
1015415
1015429
1015439
1015440
1015441
1015444
1015446
1015454
1015460
1015466
1015467
1015469
1015470
1015472
1015479
1015480
1015483
1015484
1015486
1015489
1015493
1015495
1015496
1015502
1015513
1015514
1015521
1015525
1015528
1015532
1015534
1015535
1015536
1015537
1015538
1015539
1015540
1015541
1015542
1015543
1015544
1015545
1015550
1015552
1015555
1015562
1015563
1015564
1015565
1015572
1015573
1015577
1015585
1015589
1015590
1015601
1015607
1015608
1015620
1015627
1015628
1015640
1015641
1015642
1015647
1015649
1015650
1015657
1015662
1015664
1015665
1015668
1015677
1015678
1015679
1015681
1015682
1015683
1015684
1015686
1015688
1015691
1015699
1015717
1015718
1015719
1015720
1015721
1015722
1015723
1015724
1015728
1015733
1015734
1015738
1015740
1015751
1015752
1015753
1015754
1015756
1015757
1015758
1015759
1015764
1015766
1015767
1015769
1015770
1015771
1015780
1015782
1015790
1015795
1015797
1015806
1015808
1015810
1015811
1015813
1015822
1015824
1015836
1015840
1015848
1015853
1015857
1015859
1015860
1015863
1015867
1015869
1015871
1015873
1015875
1015877
1015882
1015885
1015887
1015890
1015891
1015893
1015894
1015896
1015898
1015900
1015902
1015904
1015907
1015909
1015913
1015917
1015919
1015921
1015930
1015931
1015934
1015936
1015944
1015946
1015948
1015953
1015958
1015960
1015970
1015971
1015972
1015973
1015974
1015975
1015976
1015977
1015979
1015980
1015981
1015982
1015983
1015984
1015985
1015986
1015988
1015989
1015994
1015996
1016000
1016002
1016003
1016005
1016007
1016008
1016009
1016016
1016017
1016018
1016019
1016024
1016032
1016036
1016037
1016038
1016039
1016040
1016042
1016048
1016052
1016053
1016058
1016062
1016067
1016076
1016079
1016082
1016086
1016090
1016092
1016095
1016097
1016098
1016099
1016101
1016103
1016104
1016105
1016107
1016111
1016113
1016115
1016116
1016117
1016118
1016119
1016121
1016122
1016124
1016128
1016130
1016137
1016140
1016142
1016146
1016148
1016150
1016152
1016154
1017731
1018118
1018726
1018846
1018875
1018913
1019379
1019753
1020144
1020150
1020160
1038294
1038422
1038424
1038435
1038436
1038441
1038444
1038448
1038461
1038463
1038518
1038562
1038572
1038636
1038650
1038654
1038665
1038678
1038680
1038698
1038700
1038730
1038731
1038746
1038857
1038895
1038933
1039017
1039064
1039080
1039081
1039088
1039097
1039131
1039138
1039178 1040433
1039183
1039185
1039232
1039236
1039321
1039323
1039382
1039386
1039388
1039389
1039390
1039409
1039442
1039495
1039513
1039544
1039545
1039552
1039555
1039559
1039573
1039575
1039601
1039614
1039618
1039619
1039661
1039662
1039706
1039715
1039734
1039739
1039740
1039818
1039840
1039841
1039844 1108569
1039877
1039878
1039941
1039960
1039992
1040086
1040113
1040115
1040117
1040119
1040121
1040123
1040125
1040127
1040129
1040131
1040133
1040135
1040137
1040139
1040141
1040143
1040145
1040147
1040153
1040155
1040195
1040234
1040449
1040535
1040542
1040552
1040597
1040609
1040616
1040619
1040623
1040631
1040665
1040672
1040677
1040690
1040761
1040774
1040776
1040821
1040824
1040827
1040914
1040916
1040920
1040933
1040937
1040939
1040984
1040991 140303
1040998
1041004
1041061
1041074
1041113
1041140
1041143
1041178
1041189
1041191
1041199
1041212
1041225
1041242
1041266
1041276
1041296
1041300
1041316
1041345
1041346
1041353
1041357
1041358
1041359
1041360
1041390
1041391
1041392
1041413
1041417
1041473
1041480
1041481
1041485
1041491
1041492
1041531
1041542
1041558
1041572
1041611
1041613
1041631
1041638
1041674
1041676
1041683
1041687
1041692
1041693
1041697
1041765
1041835
1041848
1041878
1041879
1041880
1041881
1041884
1041925
1041938
1041977
1041978
1041980
1041982
1042063
1042204
1057377
1058312
1058358
1058385
1058389
1058393
1058397
1058399
1058417
1058435
1058491
1058523
1058524
1058651
1058652
1058661
1058686
1058708
1058717
1058749
1058812
1058825
1058837
1058838
1058884
1058931
1058936
1058937
1058948
1059027
1059074
1059115
1059121
1059127
1059136
1059161
1059170
1059265
1059266
1059267
1059288
1059290
1059292
1059298
1059299
1059300
1059363
1059364
1059375
1059382
1059383
1059405
1059417
1059423
1059447
1059450
1059454
1059472 771296 775404
1059473
1059474
1059475
1059493
1059519
1059521
1059523
1059527
1059531
1059579
1059583
1059584
1059628
1059630
1059650
1059651
1059666
1059714
1059751
1059774
1059806
1059808
1059826
1059827
1059832
1059852
1059860
1059871
1059882
1059919
1059981
1059989
1060047
1060048
1060093
1060127
1060160
1060161
1060169
1060179
1060184
1060208
1060228
1060233
1060235
1060283
1060285
1060287
1060354
1060361
1060365
1060367
1060411
1060421
1060465
1060466
1060485
1060488
1060513
1060514
1060515
1060544
1060567
1060618
1060627
1062716
1062741
1062745
1062761
1062774
1062778
1062813
1062826
1062829
1062834
1062837
1062839
1062844
1062852
1062857
1062862
1062869
1062893
1062912
1062919
1062921
1062955
1062968
1062975
1062977
1062979
1063002 772812
1063028
1063034
1063039
1063066
1063076
1063086
1063160
1063161
1063163
1063164
1063166
1063167
1063169
1063170
1063173
1063175
1063176
1063178
1063179
1063181
1063182
1063183
1063184
1063185
1063186
1067720 54785 833369 483828 774417 598558 771400
1077807
1077826
1077845
1077883
1077897
1077905
1077907
1077908
1077918
1077939
1077952
1078016
1078062
1078063
1078080
1078093
1078123
1078129
1078165
1078167
1078186
1078198
1078199
1078200
1078227
1078235
1078299
1078307
1078309
1078350
1078370
1078371
1078372
1078380
1078418
1078427
1078470
1078551
1078593
1078807
1078832
1078851
1078903
1078920
1078944
1078951
1079022
1079046
1079047
1079073
1079092
