598280 1118668 1118314 1118614 1196194 770707 642963 2032 598808 1118219 599587
599682 643438 770707 1196191 598271 117 598701 641996 598402
1118219 183459 183651 184150 599847 642963 184139 598564 183827 643063 599407 642098 183113 182979 643001 833096 643221 182872 641929 183936 598699 184142 183645 598808 642790 642237 184125 642950 183552 643710 183999 183039 183088 183083 183049 183484 643503 182988 642565 599005 641996 183149
641872 1118678 1118614 599664 770707 1118192 1118290 832541 642451 1118271 1118157
599847 1118668 1118678 1118735 599825 598808 1118271 776166
891741 642499 643710 599982 643222 643289 832541 599274 598027
832359 598048 840156 28820 525652 769666 117 832541 599825 769587 644095 642725 599338 1118192 643669 833096 776156 643226 643221 598297 1196194 1196191 184142 1196193 598701 375954 598406 598402 598403 1065760 598482 642500 770707 598808 599587 375453
642781 641813 1118314 598104 1118520 770707 1118614 1118248 1196191 621422 1118157 599699 1118252 494437
1118290 643481 599697 183049 599511 621650 642633 623021
598564 1118668 599407 642500 770707 1196191 183645 184139 2032 840156 598808 375954 642451 599587
599274 643710 643666 833063 642237 1118582 599808 833138 770474
598048 642508 833138 770707 1196191 643613 643481 598808 643909 642565 641996 642950 599587 375453
1118614 641813 598104 643438 642019 643630 643481 621422 621421 642508 643399 641996 621650 598140 598590
643063 598297 493282 643613 643503 546042 1196193 599587 598402
599407 1118668 183459 182872 833138 642500 184139 642098 598987 29026
599664 1118678 1065760 643583 1118192 599825 642451 1118735
183651 1118157 182872 770707 183049 642565 1118314 119 598140
621421 183552 1118314 1118520 770707 621422 644056 1118252 598140 598590 1118157
1118192 642239 643221 1065760 643222 643001 643583 643833 599627 184142 598027 832541 183113 184139 599982 183149 598590
642098 598482 642725 641929 770707 1196191 642963 375954 599587 776166
832599 833096 840156 1065760 1196194 892661 183083 770707 599808 117 184139 769666 644057 833138
643666 643710 833063 642237 1118582 598805 644057 770473 599808 770474 599005
642239 769587 598297 770707 1196191 599627 599825 1118271
598297 642963 832541 599825 594628 642725 643438 643669 598699 1196194 1196191 598646 28820 598406 832898 1065760 598482 642500 770707 598271 643503
642237 1118668 643710 182872 1196191 1118582 599808 598805 598987 644057 1118314 770473 1118252 183039 770474 776166
643481 1118314 642508 209858 641996 1118248 643399 642633 1118252 598140
833137 833096 643833 160519 598482 1065760 769666 892661 184142 117 840156 598808 643221 598406 29026
598701 642499 832898 644000 642726 621652 770707 1196191 1196193 643669 643289 832541 598027 599982
28820 832898 598482 770707 184139 546042 832541 598406
833138 1118668 643710 1118314 833063 770707 1118582 776166 599808 599627 598805 598987 599982 1118252 770474 2032
598590 641996 1118314 621650 770707 493282 642019 184142 1196193 643399 375954 209858 1118252 643780 494437 375453
183552 643139 182872 770707 183049 28448 1118314 641996 119 598403
643710 642499 833096 1118582 770474 833063 1118735 643613 644057 599627 598805 598987 598808 599982 770473 599808
183999 641996 1118314 182872 493282 1118248 160519 1118252
643001 1118668 1118678 642500 599825 832541 598808
643399 643279 209858 641996 493282 1196191 599511 599423 642508 642633 375954 1118314 599697 1118252 598140 375453
642633 642499 545920 546042 1118678 621926 642726 621652 1118520 770707 1196193 599423 643279 599825 1118314 375453 623021 1118271 494437
183149 1118668 1118678 643629 641929 770707 1196193 1196194 642790 2032 769666 160519 184139 598402
599587 183459 184150 642963 183827 598140 598699 643221 182872 641929 183936 1196191 598808 833155 643909 598987 375954 642950 598403 183088 642508 598482 183083 770707 643613 643503 642565 599005 641996 29026
643139 642508 209858 599699 770707 1196191 1118314 375954 643221 641996 598140 598403
642500 642950 642451 832541 770707 1196193 598808 546042 642565 599143
598104 641996 1118314 599699 770707 1196191 1118248 209858 1118252 598140 494437
525652 642499 643630 643833 599982 643289 598646 832541 644000
599511 643279 1118314 1118520 599423 621926 623021 598140 375453
117 832898 545920 1065760 183484 598699 183039
599627 1118678 644000 643222 642499 643583 770707 832541 598027 643878 1118735 644095
832541 599808 599825 119 644095 1118678 599982 642725 1118735 644057 643669 776156 769587 643222 1196194 892661 1196191 1118582 1196193 598402 770707 598805 770473
599825 832898 643833 594628 642725 643629 770707 1196193 375954 642451 598402 598403
598027 1118678 599982 1118735 770707 776156 1196191 1196193 598402
119 833096 183936 183083 184142 184125
1118271 184150 643222 599699 183645 182979
1118678 643221 643583 643833 643503 599982
594628 832898 642725 621652 770707 598271 643909 598406
642726 769587 1118735 643613 599338 598808 1196193
642725 546042 598482 642451 770707 1196191 598808 599143 375954 641996 642950 598406 598402 598403
643438 776156 1118314 641996 643583 1196191 598271 209858 1118252 375453
644057 599808 770473 599005
644056 643630 1118520 1118314 1118157 599699 770707 1118248 1118252 623021 494437
623021 621926 1118157 621650 1118520 770707 1118314 598140 599697
833096 833155 770707 892661 642963 2032 28448 643878
643226 598482 770707 1196191 1196193 184139 770474 598402 598403
643221 770707 1196191 375954 1118314 642950 598402
1118157 643630 599697 599699 642019 183049
643222 1118735 770707 776156
182872 183459 184150 642963 184139 28448 183827 776166 183484 183039 641929 183936 892661 183645 184142 598987 1118668 160519 183083 643613 182988 598808
641929 183459 183083 770707 183645 642963 182988 598808
183936 1118668 183088 160519 183049 643613 642790 598646 183113 182979 184125
184142 184125 598403
546042 493282 770707 599423 598402
840156 833155 598482 1065760 28448
375954 641813 621652 642019 643613 642565 642508 184139 641996 642451 643780
1118582 644000 833063 599982
643878 1118668 183459 598808 599143 598699 776166
1118668 183459 184139 183827 183113 182979 643780 183645 642790 184125 183088 182988 598808 599143 641996
643630 545920 776156 1118314 621652 1118735 770707 1196193 599338 209858 598140 598402 375453
833155 643833 160519 1065760 184139 598808 29026
160519 183645 184139 182979
494437 643279 599699 641996
643583 643629 598271 1196193 1118735
183049 183083 770707 1196191 183484 1118314 182988 28448 183827 641996 183039 598140 375453
183484 642508 770707 1118248 1118252
643503 545920 493282 1118735 643613 643833 769587 1196193 642451 598402
641996 209858 1118314 1118252 598140 493282 642019 1118248 642508 770707 598271 375453
29026 770707 2032 598808 599862
643909 599862 769666 770707 1196191 1196193 642963 643669 598402 598403
1118314 641813 184150 643279 598140 621926 621422 599697 621650 643780 599699 642019 599423 183113 642508 642451
183459 770707 1196191 643613 776166 892661 28448 598808 184125 598699
184150 642508 1196191 183113 599005 1118252
769666 598482 1065760 643669 598406
599808 833063 770473 770474
641813 209858 1196191 598271 1196193 1118252 598140 375453
1118252 598140 621422 621650 643780 599699 642019 642790 183113 642508 1065760
776166 183088 643780 599699 183645 642790 182988 598808 183827 184125
621422 621650 770707 621652 599699 642019 1118248
643629 1196194 598271 643613 184139 598805
833063 892661 770473 770474
493282 642508 599423
599338 770707 1196191 1196193 598402 598403
183113 642019 183827 183039
182979 1196193 598808 183827
642451 642019 1196191 1196193 375453
643669 599862 769587 770707
183088 770707 1196191 643613 642963 598808 183827
776156 642499 545920 643833 644000 621652 598646 832898 643289 599982
769587 832898 643833 599982 643289 598699 598805
621650 1118520 599423 621926 598140
621652 545920 598482 770707
892661 183083
1118248 599699
599423 643279 770707 1196191 1196193 621926 598140 375453
598987 183039 1196191 182988 598403
184125 1196191 598808 183827 183039
642508 1196191 642790 598808 598140
644000 1118735 598805 184139 599005 770474
1065760 832898 599862 598482 770707 642963 598406
598699 770707
1118520 643279 621926 599697 599699
770707 642963 643279 599862 598140 644095 545920 643289 599697 643780 599699 183645 642790 598646 599982 832898 598482 28448 183083 598271 643613 598805 598808 184139 183039 599143
643613 599862 1196191 598271 1196193 642963 642950
182988 28448
183827 642963 28448 598808
599143 643780 1196191 183645 1196193
770473 599005
770474 598805 599982 599005
599862 643833 598482 642963 598646
209858 643780 643279
643279 599697 375453
642963 1196191 642565 1196193 183039
184139 1196191 598808 642950 2032
28448
598140 599697 599699 642019 1196191 375453
644095 1196191 598271 1196193 598403
545920 1196193
599982 1118735
1118735 643833
643289 1196193 598646
2032 598808
183039 642950
642499 1196193
599697 375453
1196194 643833 598271
643780 1196193 598808
599699 642019 375453
642019 1196191 375453
1196191 621926 598808 598271 642565
183645 598808
598808 598403
642790
598646 1196193
621926
598406 598482
642950
598402 832898 643833
598403 183083
832898 643833 1196193
643833 1196193 598805
598482 183083
183083
598271 1196193
598805
1196193
642565
599005
375453
