300973 598628 599517 300045 642809 641807 598866 598201 599454 300169 1118568 599072 598658 642776 301234 832609 165 618062 643698 599266 598661
300169 300045 642809 598136 598201 1118568 598202 599517 598658 598787 545344 618062 643698 598661
1118511 598629 176432 300559 1016754 643994 301068 544824 598602 599456 545140 832546 598993 844342 643009 95488 832609 642922 844457 642759
300221 769973 598936 300559 598935 598202 599600 598604 95488 598602 599455 299530 642922 832609 643009 598787 545344 643698 599002 545007
598658 642043 599517 301234 300045 598201 599455 599456 598661 618062 301068 641807 598136 832609 304055 545358 165 599266 598606 643698 233021 1118568 642776 598787 598866
598202 599517 301234 598935 300045 643994 598201 599454 642156 599072 3480 598136 832609 165 643698 844457 300044 598602 299530 643691 642776 598787 598866 599002 642759
599600 832546 598993 844342 545344 545140 95983 769973 598936 300046 643994 95488 599454 599455 642922 300024 300105 643687 643686 643009 642764 598017 95513 1016754 642037 301068 642475 832450 598787 300415 844431 598628 598629 176432 300559 544824 598606 844457 300044 176228 598868 832609 740420 643698 599002 642759
598201 300415 598993 599517 301234 300045 642809 599454 599455 599266 642156 599072 618062 95513 641807 3480 598136 598787 304055 545358 165 545344 598661 176432 599650 598602 233021 598868 642776 832609 598866
545140 598935 642016 642759 643994 545007 1118568 832450 832609 844342 301234 598787 740420 545355 643698 545509 186533
300024 642475 599652 95983 598606 598136 95488 599454 1118568 832609 598868 643009 598787 300046 844431 642922 643698 599002 545509 186533
642156 598628 95513 598136 599455 1118568 832609 598868 643687 642776 598787 165 642764 643698
599072 599517 599454 1118568 641807 545358 301234 598787 300415 643698 599266 598661
186533 544824 641807 642043 598136 95488 176228 599517 3480 598787 165 642922 643698 545509
642037 598602 844342 301234 598012 598936 300046 643994 300105 643687 544866 301068 598017 95513 95983 598136 1138180 598787 982085 300415 301414 599619 599486 599650 641796 544824 176228 1118568 643691 832609 643698 599002
3480 599619 599517 598012 300044 642043 641807 545358 300415 832609 544866 643698 599266
301068 769973 598936 598136 1138180 598602 1118568 599517 598787 300415 643698 165
300415 1138180 599455 598136 599517 598787 598604 643698 598661 165
599266 642043 832546 599517 301234 300045 642809 95488 599454 618062 95513 641807 598136 598787 545358 598661 599652 599486 599650 832609
176432 598993 769973 642475 545009 95488 599454 545007 642922 598935 598136 982085 165 598628 598629 599652 233021 1118568 598787 643698
300559 598628 769973 598936 599456 1118568 832450 832609 300105 643687 598787 545344 598866 844431
1118568 599455 832546 599517 95983 598935 598936 545009 300046 300045 642809 599454 599456 300105 643687 643686 545007 642764 1016754 641807 598136 642475 832609 300044 618062 844431 545355 301414 544824 598606 598604 643994 598602 299530 598868 545482 643698 844457
598868 544824 598606 598136 598787 599455 299530 832546 641807 642776 165 832609 545344 844431
844342 769973 643994 598136 1138180 598602 832450 598935 740420 598787 832609 643698 642759
545482 598628 642764 599652 599486 599650 598606 598136 95488 233021 642922 832450 832609 304055 545358 301234 598787 618062 545355 643698 545007
832609 95488 599455 598993 545344 769973 545009 300046 300045 300044 599454 545007 599456 642922 643687 643686 642764 642016 95983 598935 598136 1138180 832450 304055 165 844431 545355 598628 598629 599619 599652 598606 641796 299530 642776 598787 740420 643698 642759
598866 300045 599650 642809 598136 832450 643687 598787 165 618062
642043 642475 95488 599652 598136 1138180 176228 643687 598787 642764 545509 642759
832546 769973 598936 300044 598136 832450 545358 598787 740420 642764
599517 301234 769973 642475 300045 642809 599454 599455 599456 618062 598136 641807 545344 598661 545509 598606 642776 598787
95488 301234 769973 642475 545009 642809 599454 545007 642922 618062 95513 598935 598136 304055 165 545509 301414 599652 598604 233021 598787 643698 844457
599454 599455 598993 545344 769973 545009 300046 300045 642809 545007 599456 642922 643009 643686 618062 642016 598935 641807 304055 545358 844431 598629 598606 598604 598602 643698 844457
599455 301234 769973 300046 599456 598935 641807 545344 598661 299530 598787 643698
599456 545009 641807 598602 598787 545344 643698 598661 642016
642922 598602 95983 769973 545009 544824 643009 95513 642016 1016754 598935 598136 598787 304055 165 545509 598628 599652 599486 599650 844457 300044 176228 233021 643698
643009 769973 598936 545009 599650 598935 598136 982085 599619 643691 641796 598787 643698 598604
544866 598017 598936 545009 643691 599486 599650 643994 598136 544824 176228 300105 982085 599619 304055 641796 598012
95983 598628 598629 598136 598787 643686 545344 643698 598606 301414
598136 598602 598993 301234 1016754 598935 642475 643994 545007 844457 300105 643687 643686 598017 95513 642016 598012 544824 641807 598787 304055 545358 844431 545355 598661 301414 599652 599486 599650 545509 641796 598604 642809 176228 233021 299530 618062 643691 642776 599002 642759
1138180 598017 95513 598012 643994 176228 300105 642759 599002 301414 599486
598787 598993 301234 301414 769973 598936 300046 300045 642809 300105 643686 545007 642764 95513 642016 1016754 544824 598935 641807 642475 832450 304055 545358 618062 300044 844431 545355 598661 643687 598629 599652 599486 599650 598606 641796 844457 643994 598602 233021 299530 599002 643691 642776 545509 643698 598604 642759
545358 642809 598993 301234 545355
545355 598628 642016 1016754 233021 643687 304055 301234 618062 642759 642764 545007 599486
598661 642475 300045 642809 598606 301234 618062 643698 641807
301414 598017 599486 599650 300105 176228 982085 599619 165 598604 599002 598012
599652 598993 545009 300044 545007 643686 304055 844431 599650 598606 844457 233021 740420 643698
599650 598012 598935 300105 95513 642016 1016754 304055 165 599619 599486 641796 844457 598602 233021 643691 643698 599002
598606 769973 300046 300044 545007 643687 643686 618062 642764 642016 642776 740420 643698
641796 598936 599619 598012 299530 982085 643691 643698 598604
598604 598936 642016 599486 982085 599619 643691 165 643698 844457
598602 598935 598936 545009 599619 643698
642759 598935 545007 832450 643698
598993 769973 599486 598935 233021 165 643698 545009
545344 769973 545009 1016754 598935 832450 643687 643686 740420
643994 598012 176228 545007 299530 165 643698 599002
300105 598628 769973 176228 643687 642764 643698 599002
598017 598936 598012 176228 832450 982085 643691 740420 599002
598012 598936 599619 599486 176228 982085 643691
304055 300044 545007 642764 642016 165 599619 599486 233021 643698
165 642475 545007 95513 641807 545509 598629 544824 233021 299530 642776
844431 598628 769973 643687 643686 642764 643698
598628 598629 844457 643687 642764 300046 1016754
598629 769973 832450 643687 740420 642764 643698 1016754
544824 832450 740420 643698 545509
233021 300044 545007 643698 642016
643691 598936 599619 176228 982085 643698
642776 642475 300045 832450
643698 844457 769973 598936 300046 642809 643686 545007 95513 598935 641807 642475 618062 300044 545509 599486 599002
301234 300045 545007
769973 643686 642764 599002
598936 599619 176228 643687 844457
545009 598935 1016754 844457
300046 300044 643686 740420
300045 642809 641807 618062
642809 95513 641807 618062 740420
545007 618062 642016 1016754 599486
643687 643686 1016754 299530 740420
643686 299530 832450 642764
618062 740420
642764
95513
642016 642475 599486 982085
1016754 598935
598935 642475 844457
641807
642475
832450 300044 740420
982085 176228 599619 844457
545509 176228 740420
599619
599486 599002
844457
300044 299530 740420
176228 599002
299530
740420
599002
