300973 598628 599517 300045 642809 641807 598866 598201 599454 1118568 599072 598658 176243 642776 301234 832609 165 618062 643698 599266 598661
1118511 832546 598993 844342 545140 185926 95488 599456 642922 643009 1016754 301068 832253 598629 176432 300559 844457 643994 598602 503031 599122 832609 642759
300221 598935 598936 300559 833030 769973 598202 599600 598604 95488 598602 599455 299530 642922 832609 643009 545344 598787 833031 643698 599002 545007
598658 642043 599517 301234 598147 176231 300045 598201 599455 599456 598661 618062 301068 641807 598136 95119 598787 304055 545358 165 599266 833030 598608 598606 598866 299532 233021 1118568 599365 176243 642776 832609 643698
176231 599517 300045 641807 598136 598201 599454 599266 832546 599072 642776 598787 642764 642312 598661 642759
598202 299532 599517 301234 598935 300045 643994 598201 599454 642156 599072 3480 598136 832609 165 833030 643698 844457 300044 598602 299530 599365 643691 642776 598787 598866 599002 642759
599600 643994 95119 832546 598993 300636 844342 300415 545344 545140 95983 769973 642475 300046 185926 95488 599454 599455 642922 300024 300105 643009 643686 643687 642764 598017 300559 95513 1016754 642037 301068 598936 832450 598787 832253 844431 598868 598628 598629 176432 833031 833030 598606 844457 300044 176228 503031 599122 832609 740420 643698 599002 642759
598201 300415 95119 598993 599517 301234 598147 300045 642809 599454 599455 599266 642156 598602 599072 618062 95513 641807 3480 598136 598787 304055 545358 165 545344 598661 772026 176432 599650 598608 299532 233021 598868 599365 176243 642776 832609 598866
545140 598935 642016 185926 642514 643994 545007 1118568 832450 832609 844342 301234 598787 740420 832253 545355 643698 642759
300024 95983 642475 599652 300046 185926 598606 598136 95488 599454 1118568 832609 598868 643009 598787 832253 844431 642922 643698 599002 833030
642156 598628 95513 598136 299532 599455 1118568 832609 598868 643687 642776 598787 165 642764 643698
599072 833030 598608 599454 95119 598661 1118568 641807 176243 545358 301234 598787 300415 598147 643698 599266 599517
642312 599619 599650 185926 642037 598136 643994 598602 599122 982085 598787 832253 212260 643698 598604 642759
300559 598628 769973 598936 598866 599456 1118568 832450 832609 300105 643687 832253 598787 545344 982133 844431
642037 300415 176228 303965 299494 300636 844342 301234 95983 598936 300046 643994 300105 643687 598602 544866 598136 212260 598017 95513 598012 301068 1138180 598787 982085 832253 301414 599619 833030 599650 982133 599486 95119 1118568 503031 176188 599122 599365 643691 641796 832609 643698 599002 856137
3480 599619 833030 300044 642043 299532 299494 599365 641807 176243 545358 300415 832609 544866 643698 599266 599517 598012
301068 769973 598936 598608 598136 1138180 598602 95119 1118568 599517 598787 300415 598147 643698 165 212260
772026 642776 176432 833031 833030 642514 599454 844457 95488 598602 545007 642922 598993 643009 982072
300415 598608 1138180 95119 599455 598136 599517 598787 598604 598147 643698 598661 165 212260
599266 598608 642043 832546 599517 301234 300045 642809 95488 599454 618062 95513 641807 598136 598787 545358 598661 599652 599486 599650 299532 176243 832609
1121280 598017 599619 833031 833030 599650 643994 303965 176228 176188 300105 304055 544866 832253 301414 856137 598012 599486
176432 95488 598993 598935 642475 545009 599454 545007 642922 769973 598136 982085 165 598628 598629 599652 233021 1118568 598787 643698 856137
833031 769973 300044 598606 599454 1118568 832546 599455 832450 643686 832609 545344
833030 599517 642043 641807 545344 598935 642475 545009 300046 95488 642922 300105 769973 598136 982072 165 598661 301414 598629 599652 598606 1118568 598868 642776 598787 832253 643698 599002 642759
1118568 598602 599455 832546 300636 599517 95983 598935 642475 545009 300046 300045 642809 598868 599454 545007 599456 300105 643687 643686 618062 832609 642764 982133 1016754 641807 598136 598936 982072 300044 832253 844431 545355 301414 598606 598604 643994 299532 299530 599122 545482 176243 643698 844457
503031 598017 599619 599650 643994 598136 1138180 617565 982085 643691 598787 544866 212260 301414
598868 598787 598606 598136 599455 299530 832546 641807 176243 642776 165 832609 545344 844431
844342 598935 643994 598136 1138180 598602 832450 832609 598787 740420 643698 769973 642759
545482 301234 95488 545007 642922 618062 642764 598136 832450 598787 304055 545358 832253 545355 598628 599650 599652 599486 598608 598606 233021 176188 599122 832609 643698
176243 599517 642475 300045 642809 95488 599456 598661 95513 641807 598136 545358 165 598787 643698
832609 95488 599455 598993 545344 165 598935 545009 300046 300045 185926 599454 545007 599456 642922 643687 643686 982072 642764 642016 95983 769973 598136 1138180 832450 304055 599652 844431 545355 598628 598629 599619 598606 641796 300044 95119 299530 642514 642776 598787 740420 832253 643698 642759
598866 300045 599650 642809 598136 832450 617565 599365 643687 598787 832253 618062 165
856137 598935 599486 599650 598136 1138180 598602 233021 545007 304055 598787 598936 598604 212260
642043 642475 95488 599652 185926 598136 1138180 176228 95119 643687 598787 832253 598147 642764 642759
832546 769973 300044 598136 299532 598936 832450 545358 598787 740420 642764
599517 301234 598147 769973 300045 642809 599454 599455 599456 618062 598136 641807 642475 545344 598661 598608 598606 95119 599365 642776 598787
185926 642475 300044 95488 599454 599456 642922 617565 643009 544866 598136 304055 165 301414 599652 599650 176228 299494 643691 643698 599002
95488 301234 598935 642475 545009 599454 545007 642922 618062 95513 769973 598136 304055 165 301414 599652 598604 642809 233021 599122 598787 832253 643698 844457
599454 599455 598993 545344 598935 545009 300046 300045 545007 599456 642922 643009 643686 618062 642016 769973 641807 304055 545358 844431 598629 598608 598606 598604 642809 598602 643698 844457
599455 301234 598935 300046 642514 599456 769973 641807 598787 545344 598661 299530 643698
599456 545009 641807 598602 545344 598787 832253 643698 598661 642016 599365
642922 598602 165 598147 95983 598935 545009 643009 95513 642016 1016754 769973 598136 598787 304055 832253 598628 599652 599486 599650 844457 300044 176228 233021 643698
643009 598147 598935 598936 545009 212260 769973 598136 982085 832253 599619 599650 641796 598604 95119 176188 599365 643691 598787 643698
544866 303965 299494 300636 598147 598936 545009 642514 617565 300105 982133 598017 598012 598136 982085 304055 832253 599619 599486 599650 641796 643994 176228 176188 599122 643691
212260 599619 641796 598604 598602 176188 643691 832253 598147 844457
95983 598628 598629 598136 598787 643686 545344 643698 598606 301414
598136 643994 598602 844457 303965 642514 598993 300636 301234 1016754 598935 642809 545007 95119 300105 643687 643686 982072 618062 598017 299532 95513 642016 598012 641807 642475 598787 304055 545358 832253 844431 545355 598661 301414 599652 599486 599650 982133 598604 176228 233021 299530 299494 599122 599365 643691 642776 641796 599002 642759
1138180 303965 598147 643994 300105 982072 982133 598017 95513 598012 832253 176228 301414 599486 95119 176188 599122 599002 642759
598787 545358 832253 545355 598661 301414 599652 599650 598606 641796 598604 598602 599122 642759 598993 300636 643994 642514 300105 982133 982072 304055 844431 598629 233021 643691 642776 643698 95119 301234 598935 598936 300046 300045 300044 545007 643687 643686 618062 642764 95513 642016 1016754 769973 641807 642475 832450 599486 844457 642809 299532 299530 599365 599002
545358 598608 642809 598993 301234 545355
832253 303965 598993 300636 545344 598935 598936 545009 643994 642514 545007 617565 300105 598602 598017 642016 598012 769973 982085 304055 545355 301414 598628 599650 598606 598604 599486 176228 299494 643691 643698 599002 642759
545355 598628 642016 1016754 642759 233021 545007 176188 643687 304055 301234 618062 642764 599486
598661 301234 598147 300045 642809 618062 641807 642475 598606 95119 599365 643698
301414 303965 300105 982133 598017 598012 982085 165 599619 599486 599650 598604 176228 176188 599122 599002
599652 598993 545009 545007 643686 304055 844431 599650 598606 844457 300044 233021 740420 643698
598608 642016 300045 641807 598604 545007 301234
598606 599122 769973 300046 300044 545007 643687 643686 618062 642764 642016 176188 642776 740420 643698
641796 598936 599619 598012 599650 617565 299530 982085 643691 643698 598604
598604 165 598936 642514 642016 982085 599619 599486 844457 176188 643691 643698
598602 598935 598936 545009 599619 599650 95119 643698
599122 598017 598628 643994 176228 545007 599619 304055 599002
642759 598935 545007 832450 982072 643698
303965 598012 599650 643994 598936 982085 617565 300636 599002
598993 598935 599486 769973 233021 165 643698 545009
300636 598017 598936 598012 299494 643687 740420 982133 176228
545344 1016754 598935 545009 642514 643687 643686 769973 832450 740420
643994 545007 617565 598012 165 982133 176228 299530 176188 643698 599002
642514 598936 642016 982072 643698 545007
617565 598017 599619 598012 300105 299494 599365 643691 176188 982133
300105 769973 643687 642764 598628 599650 176228 176188 643698 599002
982133 598017 598935 545009 598012 176228 599002 769973
598017 598936 299494 598012 832450 982085 176228 176188 643691 740420 599002
598012 598936 982085 599619 599486 599650 176228 299494 643691
95119 598936 176228 642809 299532 643698
982072 769973 299532 176228 642475 643687 165 643698
304055 299494 165 545007 642764 642016 599619 599486 599650 300044 233021 176188 643698
165 642475 545007 95513 641807 598629 599650 233021 299530 642776
844431 598628 769973 643687 643686 642764 643698
598628 598629 844457 643687 642764 300046 1016754
598629 769973 1016754 832450 643687 740420 642764 643698
599650 598935 95513 642016 1016754 599619 599486 844457 233021 299494 599365 643691 643698 599002
233021 642016 300044 545007 643698
299494 95513 599619 598936 299530 982085 599365
643691 598936 982085 599619 176228 176188 643698
642776 300045 642475 832450
643698 844457 598935 642475 300046 642809 545007 643686 618062 95513 769973 641807 598936 300044 599486 599002
176228 598147 598936 982085 599002
301234 299532 300045 545007
598147 598936 642809 299532 982085
598935 642475 545009 1016754 844457
642475 299532 642016
545009 844457 1016754
300046 300044 643686 740420
300045 642809 299532 641807 618062
300044 299530 832450 740420
545007 618062 642016 1016754 599486 176188
643687 598936 643686 1016754 299530 740420
643686 769973 299530 832450 642764
618062 642809 740420
642764 769973
95513 642809
642016 176188 982085 599486
1016754
769973 176188 599002
641807 642809 599365
598936 599619 176188 844457
832450 740420
982085 176188 599619 844457
599619 599365
599486 599002
844457
642809 740420
299532
299530
176188 599002
599365
740420
599002
