599862 643833 1065760 598482 770707 643613 642963 643669 643909
598048 770707 1196191 832359 643613 643909 599587
598049 599239 643609 775996 599777 599327 598637 598640 599756 28656 28441 643381
775974 643609 642223 599756 598699 28441 643381
642223 598637 598297 1196194 775996 1196191 599777 598879 598699 599327
775996 599239 643609 599734 600861 599742 832599 599327 599405 643381
769666 598073 1065760 598482 1063000 832359 833137 643669 643909 832599 598406
832359 840156 117 599742 28820 599825 643221 644095 599640 642725 599338 643669 599405 598073 643226 599933 598297 1196194 1196191 1196193 598701 375954 598406 598402 598403 598482 1065760 770707 599587 598689
598637 599239 643609 599734 599327 598879 599756 28441 28656 599405 643381
642963 1065760 598297 28355 770707 1196191 1196193 643909 643613 599587
599682 770707 1196191 598271 117 598701 598402
598271 594628 598297 1196194 770707 1196191 1196193 643613 644095 598689
599742 598073 28355 770707 600861 833137 642329
375954 643221 642725 643613 599825 598480 599587
599825 832898 643833 594628 599640 598297 642725 770707 1196193 642329 598402 598403
643221 770707 1196191 833137 599587 598402
600861 598482 28355 770707 832599 598406
28441 599734 599327 598879 832599 28656
599239 770707 599777 598640
643609 599777 598879 598640 599327 599734
840156 1065760 598482 28355 833137 642329 832599 643381
594628 832898 599933 642725 598297 770707 1063000 643909 598406
599640 598073 770707 28820 599405
642725 598482 598297 770707 1196191 598406 598402 598403
28355 770707 599587
1063000 598297 770707 599338 598406
598879 599777 28656 598640 599756
599338 770707 1196191 1196193 598402 598403
643669 598297 770707 643909 598701
644095 770707 1196191 1196193 598403
832599 1065760 1196194 770707 598640 117 598689
598699 598480 598297 770707 117 599587
643381 599734 598406 599327 599405
598073 599933 598482 770707 833137 598406 598689
643226 598482 770707 1196191 1196193 598402 598403
599933 832898 770707 598406
598297 832898 598482 1196194 770707 642329 1196191 28820 1065760 598406
1196194 643833
1196191 643613 598701 599587 599405 643909
1196193 832898 598480 643613 643833 598701 643909
599327 599734 770707 599756 28656
598640 599734 28656 599405
833137 643833 598482 117 1065760 598406
599756 599734
598701 832898 770707
28820 832898 598482 770707 598406
598406 598482 598480 1065760 599405
599405 770707 598689
598403 643909 599587
832898 643833 1065760 770707 117 598402 598689
599734 598482 770707 599777 28656
643909 770707 599587 598402
643833 598402
598480 770707 598402
598482 1065760 770707 599587
1065760 770707 117
598402
770707 642329 643613 599587
117
642329 599587
643613 599587
28656
599777
599587
598689
