641813 1118314 1196191 598271 1196193 375954 598140 375453
1118314 643630 643221 599423 642508 643399 641996 642451 598140
832359 643226 643221 642725 598482 599825 642500 770707 1196191 1196193 599338 375954 598808 598048 598403 598297 599587 598402 375453
642963 1118219 598297 770707 1196191 1196193 643909 642565 643613 599587 642098
599825 642725 598297 770707 1196193 375954 642451 598402 598403
598048 642508 770707 1196191 643613 598808 643909 642565 641996 642950 599587 375453
598140 643630 770707 1196191 599423 642508 643399 641996 599587 375453
642725 598482 598297 642451 770707 1196191 642098 598808 375954 641996 642950 598402 598403
599338 643630 770707 1196191 1196193 598402 598403
642098 1118219 598482 770707 1196191 375954 599587
642451 642500 1196191 1196193 375954 375453
1118219 643221 598808 642565 641996 642950
643226 598482 770707 1196191 1196193 598402 598403
643221 770707 1196191 375954 642950 599587 598402
598297 598482 642500 770707 1196191 598271
1196191 643613 599423 642508 643399 598808 598271 642565 599587 643909
1196193 643630 642500 643613 599423 643909 598271
598808 642508 642500 770707 599587 598403
599423 770707 643399 375453
643909 770707 599587 598402 598403
375954 643613 642508 643399 642565 641996 599587
642950 642500 643613 599587
598402 643630
598403 599587
643630 770707 375453
642508 643399 641996 599587
598482 770707 599587
642500 770707 642565
770707 643613 598271 641996 599587
598271 643613 641996
643613 599587
643399 641996 375453
642565 599587
641996 599587 375453
599587
375453
