599862 598482 770707 643613 642963 643669 643909
598048 770707 1196191 832359 643613 643909 599587
769666 598073 598482 832359 643669 643909 598406
832359 599933 598073 643226 598297 642725 598482 770707 1196191 1196193 598701 599338 643669 644095 599825 28820 598406 599587 598402 598403
642963 598297 770707 1196191 1196193 643909 643613 599587
599825 832898 594628 642725 598297 770707 1196193 598402 598403
644095 770707 1196191 1196193 598271 598403
594628 832898 599933 642725 598297 770707 598271 643909 598406
642725 598482 598297 770707 1196191 598406 598402 598403
599338 770707 1196191 1196193 598402 598403
643669 598297 770707 643909 598701
598073 599933 598482 770707 598406
643226 598482 770707 1196191 1196193 598402 598403
599933 832898 770707 598406
598297 832898 598482 770707 1196191 598271 28820 598406
1196191 643613 643909 598701 598271 599587
1196193 832898 643613 643909 598701 598271
643909 770707 599587 598402 598403
598701 832898 770707
28820 832898 598482 770707 598406
598406 598482
598402 832898
598403 599587
832898 770707
598482 770707 599587
770707 598271 643613 599587
598271 643613
643613 599587
599587
