183710 1118668 183913 618371 1118219 643633 770707 1118290 183827 183113 375954 643385 833138
1118219 545262 618371 183459 184150 642963 184139 598564 183827 599707 599090 642950 183481 183482 642098 545492 183113 643385 183039 183913 643221 183917 643710 182872 641929 183936 642237 183645 642790 544897 184125 599407 183552 643633 545159 183088 183339 183049 643503 183007 598808 641996 183149
643093 642184 598104 121 642019 545384 1118248 1196191 643481 544794 491 492
641872 1118678 1118614 770707 1118192 1118290 832541 642451 491 1118271 1118157
832359 776156 598048 642725 598297 642500 770707 1196191 1196193 599825 1118192 598701 832541 598808 643221 375954 598403 599587 598402 375453
642781 641813 1118314 598104 1118520 770707 1118614 545255 1196191 621422 1118248 599257 494437 599699 1118252 1118157
1118290 183913 618371 599697 599707 545159 599511 183049 643481 621650 642633 623021
598564 1118668 618371 642451 642500 770707 1196191 183645 184139 598808 375954 643385 599407 599587
598048 642508 833138 770707 1196191 643613 643481 598808 641996 642950 599587 375453
491 643710 642184 544829 183049 546062 642837 545536 642633 644056 183113 183917
492 544958 545243 545166 598908 599090 544829 183482 621421 675805 545492 644056 642660 623021 642011 599048 621650 642837 599136 545536 544834 545159 183339 546062 598909 544794 183007
1118614 641813 598104 599257 545431 598140 599707 643438 621422 621421 544906 621650 642019 643481 544896 598590 643630 642508 544958 545136 643399 641996
1058395 545920 643630 599048 642837 644056 545075 545180 599699 545166 545255 546062 598909 643279 599257 642633 545492 599136 545243 598590
545384 642184 1118319 544829 545180 599699 544794 599256 544897 184139 951070 599260 1118271
183482 183552 643139 599611 545536 1118319 183339 951070 598140
621422 1118159 1118314 621650 770707 621652 599611 642019 1118248 621421 544896 545431 1118252 599699
621421 183552 599611 1118314 545078 644056 1118520 770707 544794 1118157 545431 545492 599136 1118252 598590 598140 599257
1118192 544958 643221 599048 643833 599627 598027 832541 183113 184139 599982 183149 598590
642098 642725 641929 770707 1196191 642963 375954 599407 599587 776166
643385 1118668 618371 641813 598987 599407 598403
183913 643633 618371 183917 599707 182872 28448 183113
545180 545262 642184 621650 621652 1118159 770707 183481 1118520 544897 599136 599998 1118271 776166
183917 1118668 599707 183936 770707 28448 183827 643633
598297 832898 642500 642725 770707 599048 643438 1196191 642963 643503 598271 832541 599825
642237 1118668 643710 182872 1196191 598987 1118314 1118252 183039 776166
643481 1118314 642508 209858 641996 1118248 643399 642633 1118252 598140
121 183088 618371 642011 545159 544958 599998 544896 599627 642660
642508 643139 641996 184150 1196191 599587 544794 642790 643399 375954 598808 1118314 1118252 598140
598701 832898 599982 621652 770707 1196191 1196193 832541 598027
599260 1118668 642011 544829 599699 545243 643934 599256 950683 644056 675785 599257
833138 643710 599982 643633 770707 1118668 599627 598987 183007 1118314 1118252 599407 776166
598590 641996 1118314 621650 770707 643780 642019 183481 1196193 544794 643399 675805 375954 209858 1118252 494437 375453
183552 643139 642184 182872 770707 183049 544794 28448 1118314 641996 598403
643710 1118735 643613 599627 598987 598808 599982
545136 643139 1118668 641813 545078 545536 643780 1118520 544897 641996 1118157
546062 545920 621652 892868 770707 1196193 598402
643399 209858 641996 1196191 599511 599423 643279 642633 375954 1118314 599697 1118252 598140 375453
642633 643279 1118314 643934 599825 1118271 545920 1118678 621926 892868 623021 621652 1196193 599423 494437 1118520 770707 375453
183149 1118668 1118678 641929 770707 1196193 642790 183007 184139 598402
599587 183459 184150 642963 183827 598140 643221 182872 641929 183936 1196191 598987 375954 642950 598403 183088 545159 770707 643613 643503 598808 641996
643139 209858 545536 599699 770707 1196191 1118314 375954 643221 641996 598140 598403
642500 599407 832541 770707 1196193 598808 642950 642451
598104 641996 1118314 494437 599090 599699 770707 1196191 545255 1118248 599257 209858 642660 1118252 598140
599511 643279 1118314 1118520 599423 621926 623021 598140 375453
599627 618371 1118678 599048 770707 832541 598027 1118735
643934 183339 642019 599699 770707 1196191 642837 599257 641996
832541 776156 1118678 599982 642725 892868 770707 1196191 1196193 599825 1118735 598402
599825 832898 643833 642725 770707 1196193 375954 642451 598402 598403
598027 776156 1118678 599982 1118735 770707 1196191 1196193 598402
1118271 545262 618371 545159 544958 599699 183645 642837 545536 642184 544897 545500 184150
1118678 544958 643221 643503 544829 599048 643833 545492 599256 599982
642725 642950 770707 1196191 598808 375954 641996 642451 598402 598403
599707 643633 183049 183113 183827
643438 776156 641996 1118314 1118159 1196191 598271 545243 544794 599257 545492 209858 1118252 642011 375453
545492 544958 1118319 545243 950683 1118252 1118735 644056 675785 1118159 642011 1118157 599699 642019 951070 642660 643630 642184 183339 770707 544794 641996 599257
644056 1118520 1118314 1118319 545243 950683 1118252 675785 623021 1118159 1118157 599699 1118248 951070 544834 643630 494437 545078 599611 770707 599257
623021 544897 621926 1118157 621650 1118520 770707 544896 545500 1118314 598140 599697
643221 770707 1196191 375954 1118314 642950 598402
1118157 545243 599257 545166 544794 544829 642660 599697 599699 642019 545255 544896 544897 675785 544834 643630 545078 183049 598909 598908
182872 183459 184150 642963 184139 28448 183827 776166 183481 183039 641929 183936 183645 598987 599407 1118668 643613 598808
641929 183459 770707 183481 183645 642963 598808
183936 1118668 643633 545159 183049 643613 642790 183088 183007 183113 184125
1118159 643630 599699 545255 545243 599257
544896 1118668 643630 1118314 621650 1118520 642019 183481 184139 621926 641996 598140
544897 545262 184139 1118314 598140 776166 621926 544829 183481 599136 642019 1118248 1196193 642184 599998 375453
375954 621652 642019 643613 641813 184139 642660 641996 642451 643780
1196193 545262 641813 642963 643613 545920 642451 643780 599423 832898 643630 643833 544958 598271 598908 643503
1118668 618371 183459 184139 599257 183827 599407 544829 183113 643780 183645 642790 184125 183088 643633 642184 545159 599998 544794 598808 641996
643633 183827
643630 545920 776156 1118314 621652 1118735 770707 209858 598140 598402 375453
494437 643279 599699 598909 598908 545431 641996
544958 1118314 641996 545536 892868 770707 1118248 1118520 642451
183049 1118314 28448 770707 1196191 183007 183827 641996 183039 598140 375453
544794 1118319 950683 1118252 642660 642011 599699 642019 642837 642184 183339 598271
643503 545920 892868 643833 643613 642451 1118735 598402
641996 209858 1118314 1118252 598140 544829 642660 642019 1118248 545500 544834 545078 599611 770707 598271 598909 375453
545262 642184 544829 1118248 545500 621926 598140
618371 183459 599998 598808 183827 599407
1118314 641813 184150 183113 643279 598140 621926 642660 599697 621650 643780 599699 642019 599423 545500 599136 675785 544834 642451 599998 598909 598908
183459 770707 1196191 643613 28448 598808 184125 599407 776166
1118319 599611 545243 599256 599257 545166 599090 544829 675805 544906 642011 599699 545255 599136 544834 642184 545078 183339 598909 598908
184150 1196191 599090 183113 1118252
183481 770707 643613
641813 209858 1196191 598271 599257 1118252 598140 375453
545431 545166 209858 770707 950683 675785 375453 598140 675805
1118252 545243 599257 598140 599090 183113 621650 643780 599699 642019 642790 545255 545500 544834 598909 598908
776166 183088 642184 545159 643780 599998 599699 183645 642790 598808 183827 184125
545536 183339 642837
642950 643613 184139 183039
892868 545920 599048 545255 599256
675805 621652 599699 545255 545243 599256 545075 950683
599136 1118520 545078 599699 544906 675785 950683
642660 544834 599611 1196191 1118248 951070
642451 642019 1196191 599998 642011 375453
183088 770707 1196191 643613 642963 183007 598808 183827
776156 832898 545920 643833 599982 621652
621650 1118520 599423 545500 621926 598140
621652 545920 599048 770707
1118248 544834 599699 545255
599423 643279 545075 770707 1196191 598908 621926 598140 375453
598987 599407 1196191 183039 598403
183113 642019 183827 183039
951070 544834 642184 642011 599090 183339 545255
184125 1196191 183007 598808 183827 183039
544834 599611 598140
642184 599090 544829 642019 545255 642790 545159
545078 599090 545075 599699 950683 544906 675785 375453
545075 545166 621926 1118520 599699 545243 544906
1118520 643279 545243 599257 545166 621926 599090 544906 599697 599699 545255 545500 599611 598909
770707 643279 642963 598140 545920 599982 599090 544906 832898 28448 599697 643780 599699 545255 183645 642837 642790 545500 599256 183039 598271 643613 598909 598908 545159 598808 184139
643613 598271 642963 1196191
598909 545166 642837 598908
598908 1196191 642837 642019
599256 642011 545243 599257
950683 599090 599699 545255 545243 544906 599257
643279 209858 599697 375453
209858 643780
28448 183007 183827
545243 599699 621926 545255 675785
642963 1196191 183827 183039
184139 1196191 598808 599407
599257 544829 675785 599699 545255 598271
183827 598808
598140 599697 599699 642019 1196191 183339 375453
545920 545159
545166 621926 599699 642837
621926 1196191 545500
599090 599998 545255 675785 599699
544829
1118735 643833 599982 599048 545255
544906 599699
675785 599699
183039 183007
599611 183339
642011 599699 545255 598271
599697 375453
599048
643780 598808
599699 642019 545255 183339 599998 375453
642019 1196191 375453
1196191 599998 598271 598808
545255 832898 599998 375453
183645 598808
642790
545500
599982
599407
598402 832898 643833
598403 598808
832898 643833
642837
643833
545159
183339
599998
598271
183007
598808
375453
