211995 1118314 950880 1118319 545478 950683 1118631 2154 950636 544902 544907 2261 544849 598915 951497 1118157 621114 621650 621652 1118248 1118545 599383 1118705 545529 888313 1118522 623204 675796 544917 832669
599849 643157 770707 832721 599627 521724 598438 304105 1118678 300121 182795 598791 1118192 303951 642099 641981 642238 832272 832654 599631 599426 599304 643615 599999 599020 598655 599580 544769
642386 641835 598398 545171 599216 598462 182795 183479 598837 642099 675767 1118191 832872 599783 643660
1118219 599866 299745 183479 832546 544769 598223 300523 598261 299872 642820 182795 643971 544780 545492 183366 643221 832272 545160 832654 832301 599426 833140 545154 545159 599999 183495 599090 183146 832872 641996 832930
643157 1118559 599216 643615 598462 1118169 599020 598837 1118641 643505 599525 300526 938902
303884 971660 545093 888313 597933 621114 545099 545157 544949 643579 623204 545158 544878 493 1137947
832721 598261 1118678 545171 598462 770707 1118657 643660 832546 598837 1118192 599020 599999 1118271 643505
642781 304014 1118157 598858 1118314 1118614 598298 1118520 770707 545255 621422 832917 1118248 544790 598104 599257 544905 1118252 544788 599699
1118169 643095 599435 597938 599740 598223 300526 304105 544809 299936 643579 675802 176274 832272 832670 832654 832301 301009 599426 599140 545158 643505 599580
643095 598261 544811 832272 597933 1064740 1120035 545291 544809 1118657 1137947 2154 139 176274 599140 301590 521724
598655 598261 1118678 950880 832669 1118735 599999 642099 832546 598791 1118657 1118192 544769 521200 303953 598438 599580 643917 642447 599627 304105
598654 599304 299930 299872 301383 95781 1118671 1064642 599774 183495 300974 299869 545026 183146 642459 545432 618300 832872 642482 299745 599783 643751
675767 1118668 642238 1065431 598398 833140 599216 95781 183479 599774 642482 641835 599260 492
494 545389 544952 599647 545529 599877 643354 641889 301139 544795 832872 545117 544919 544917 545372 303896 545160
545472 971660 888313 545170 621114 545099 641944 623204 545478 642503 599435 1137947 545379 938902
139 597933 522371 598438 2154 642820 299397 299291 544809 675802 544780 176274 832272 832654 641944 641800 521724 599426 599774 545291 599020 599140 544769
1118350 597931 545267 544769 598223 304100 599783 599099 299872 300049 641889 544780 183366 545093 832272 832654 832301 176169 599304 642184 545154 545157 643615 183495 183146 545159 832930 182795 545432
492 304014 598858 597931 545267 599866 299336 545243 545026 545432 304062 304103 299354 545477 599238 599099 299930 833140 300484 599090 545511 301443 598956 621421 544903 544904 303951 545492 544801 644056 304097 544958 544905 597900 675805 832272 621650 832654 832301 545379 304074 599631 544772 544962 545352 544836 176454 545154 545157 545159 599718 599999 598723 546062 544794 600011 544796 544790 643678 599899 544813 832481 300332 832669 545469
598414 643221 545171 598462 300049 770707 599525 545478 938902 643678 598788 545100 544772 300526 304103 301590 643505
545389 545920 545310 951497 984268 545409 621652 1118705 598939 545503 545370 643630 484695 832481 493
299930 599304 642238 183479 598398 299852 599216 770707 1118671 1064642 599774 599661 599617 545026 545432 618300 1118191 832872 486 599783
26426 598069 299336 642539 642839 301443 599403 598684 600011 304074 599402 832481 300332 832669 644094
299936 832272 1118559 832654 599435 599999 597938 1118641 598223 1120083 598438 599140 522478
1118614 643630 598104 621650 544958 642019 832301 621422 621421 544896 599257 641996 598140 598590 300523
1058395 545243 545479 599257 304103 545477 545920 545418 598858 544902 544903 544905 544907 544962 644056 598915 597900 545310 598298 599699 545255 545372 598590 643630 545528 545492 546062 544796 643678 832481 832669
642820 597931 545267 597933 1118657 545206 493 599238 545160 544924 522371 2154 544902 545496 544801 544803 621652 971660 1064740 832654 1118137 2246 176169 599718 599204 623204 544876 544878
544902 643630 951497 597933 598261 621652 303953 299397 544809 675802 1137947 545493 2154 1120083 641981 522478 493 1118271 545160
641889 598261 545093 1118678 599877 950880 770707 643354 832546 1118657 521200 1120083 599383 493
2154 545267 545478 544769 1118271 493 621114 522371 544809 599035 544780 544801 544803 599873 599877 1064740 545099 545117 938902 145034 545230 176169 1120035 545154 545171 642503 599204 770707 545158 1118137 545261 545496 544811 544976
598791 599627 1118678 599525 642447 1118705 832546 675802 1118192 599624 544813 599383 522478 304105
621421 1118314 545078 1118520 770707 598723 544794 1118157 621422 545492 644056 1118252 598590 598140 599257
1065431 300043 183479 299337 598398 544780 642482 95781 599216 770707 599617 300974 299869 545026 1118137 545432 1118191 301383 643689 643751 1120035
642099 598398 832272 832654 832546 300121 1118657 1118678 1118192 599631 599435 598438 599580 599783 544769 599525 182795
598590 1118252 1118314 621650 642019 300523 770707 1196193 544794 832917 1118192 544905 641996 675805 832930
1118191 642482 95781 545026 641835 545432 599783 833140 300484 599216 182795 522371 303893 299852 642238 598398 299872 299745 599774 299869 183146 832872
544962 545479 304062 545477 545920 544908 2261 971661 545310 951497 621652 950184 545503 643630 832481 642839 544952 544836 545529 545170 545409 1118522 544959 770707 623204 544919 544917 484695
2246 599718 599204 643999 643354 176282 545479 545117 176169 303951 544907 544803 2261 545230 303893
599383 301139 950636 299336 598069 643354 599627 544813 642447 544849 1118192
544849 301139 598069 643354 599403 299354 177857 599647 642539 599661 950636 544847 303951 304097 544836 545469 545370 599402 545372 300277 1118705 545529 598723 544813
643660 643221 545171 598462 598837 545261 599020 599525 545100 544772 300526 304103 832669 643505
544905 1118314 598104 950683 1118252 545511 598858 544904 644056 544788 304014 1118157 598298 599699 486 1118545 1118631 1118522 1118520 544790 599899
304014 598104 950683 1118631 598858 544903 544904 644056 1118157 598298 599699 642019 1118248 486 1118545 1118522 1118520 770707 544790 641996
642238 641835 598398 299872 599216 1118671 299337 1064642 599617 642482 183146 642459 545432 599783 643751
544780 1118668 599238 642184 1064740 545099 545159 832654 1118559 832301 641944 1118657 1118271 1118137 599525 176169 544976
1064740 1118705 545117 599718 176169 770707 522371 544809 544924 1118137 545261 938902 599035 832481 145034 643917 303893 643505
301383 642482 599774 1118657 598438 599783 522478 545206 598261 299872 1118671 299397 599661 642459 1120083 643689 598398 1120035 599617 299869 1137947 599140 544811
598298 1118520 1118319 545243 599257 544904 545492 644056 675785 544788 597900 951497 1118157 599699 1118159 599260 643630 545528 1118631 545078 770707 544790 950683
303953 598261 545093 599877 1118641 299397 641944 545478 1118137 642447 522478 493
597938 299336 598069 599740 521724 598223 598438 522478 545920 522371 675802 521200 1120083 832272 641944 1118641 938902 599426 599525 1120035 643615 599140
301431 1118705 301443 304097 643999 598069 304074 598956 950636 642840 599627 544813 177857 1118735
544908 545920 304097 545170 545157 299336 642539 950184 623204 598684 545469 599624 304074 299354 832669
643751 598398 300484 599216 95781 182795 299337 1064642 599774 599661 300974 617986 618300 299852 599783 599617 545432 832930
599631 832546 1118678 598069 599999 598956 642840 598438 1118735 599627 644094
544772 599260 643221 545171 1118319 599525 770707 486 545100 643505 643678 545159 304103 544811 545352 641981
599260 1118668 176454 1118631 599699 545243 544903 599257 644056 675785 950683
621650 1118314 545409 1118520 621422 544896 544919 544917 832481 1118252 598140
545230 971661 545920 984268 597933 599718 545158 621114 623204 544907 303896 544803 303893 888313
642839 304062 544959 301443 770707 598939 950636 600011 545503 545359 299354 300277 599624 832481
303896 544952 545261 599718 950880 299336 643354 545117 1137947 599624 643917 493
545409 599647 545418 621652 545370 545479 545469 675796 544813 544917 599402 484695 2261 545372 493
950683 545243 597900 599257 545477 599090 545511 598858 544903 544904 675805 545492 644056 544788 599699 545255 176454 545528 545078 599899 544794 544796 544790
545171 1118314 597933 598462 299337 545261 304103 304100 545478 522371 598837 303951 641981 643221 832654 641944 545379 545352 176169 301009 598398 545157 770707 599774 183495 545100 599020 598788 544811
598462 832546 599627 300526 643917 598261 1118678 599216 544809 598837 1118192 303951 176274 176282 545379 938902 599525 301009 643615 599774 599020 643678 832669
545026 599216 1118522 299337 770707 299745 486 545432 95781 832872 299852
183495 1118678 299872 642482 183479 1118671 770707 599617 183146 1118192 598398
546062 598893 545920 544949 544907 544803 621114 621652 1196193 545503 545170 599718 642503 544959 770707 544795 623204 544919 544917 484695 544976
600011 545310 598069 545418 950636 301443 1118705 623204 675796 544813 544836 545469
183146 1118668 299872 642482 183479 1118671 299745 599617 299869 598398 599783
544876 971660 888313 597933 621114 545160 544795 623204 545117 545158 544976 544907 544878 641981 545267
598788 176282 971660 984268 643221 545267 545158 545157 770707 544949 545206 643579 545920 545117 1137947 545100 971661 545496 545379 599877
832872 950880 770707 183479 832546 599783 493 599216 1118671 643579 521200 598398 599877 486 299745 1118657
598893 971661 971660 888313 545117 545157 642503 544803 623204 1118657 1118137 545158 599624 544878 304100 1120035 493 599140 521724
484695 1118705 545370 888313 1118522 544959 675796 598956 623204 545503 544919 545359 544917 950636 621652 493
299852 599304 641835 598398 599216 1064642 299337 770707 599617 183479 545432 599783
544976 971660 597933 621114 642503 545157 522371 545117 1118137 544878 304100
545312 544952 545310 2261 545529 545920 598069 598939 950636 545479 304062 599403 544813 300277 599402
598104 1118252 1118314 599090 599699 770707 832301 545255 1118248 599257 641996 598140
599693 1118705 304097 545529 301139 598069 950184 950636 545469 545370 544813 299354 300277 643917
950880 544952 598398 598261 599718 299336 643971 643354 832546 545432 832669 303951
599435 599873 544827 545170 832272 832654 641944 545478 1118641 1118137 598438
183479 641835 95781 545432 599783 1118271 299872 599216 182795 598398 1064642 299745 618300 770707 599617
545310 1118705 545920 544959 301443 598939 304062 950636 545503 545359 544813 299354 300277 545477 621652
832546 599866 598069 1118657 599627 301590 300043 833140 300484 300049 1118735 1118192 643689 599877 832272 832670 832654 832301 301009 486 300974 599580 938902 599999 832917 617986 643678 832481 832669 832930
642840 545920 1118705 300277 545529 643999 599624 598939 950636 304062 544813 832481 177857 598915
950764 599099 545154 545267 545157 545099 641944 545100 545496 544907 304100 832481 176169 303951
599627 544769 300043 1118678 300484 1118735 299397 599661 1118192 544907 598915 770707 599774 832917 617986 642447 832481 832669
521724 598261 300354 832654 641800 300121 598438 599740 176274 599140 301590 641981
545379 545920 545093 545261 643221 545099 545157 545158 544847 643505 643678 599525 300526 544811 304103
599624 545920 1118705 300277 832272 299336 598956 950636 1118657 599403
599783 642482 299337 300974 641835 545432 598438 1118271 300043 299872 300484 599216 1118671 618300 599304 299745 599617 299869 617986 182795 832930
545478 545093 832272 545267 597933 545157 545099 641944 938902 545170 304103 1137947
1118271 641835 545267 597933 599866 544769 598438 304100 300523 598261 545432 599216 182795 643971 675802 642459 598398 832272 599099 832654 599699 1064642 176454 599426 642184 545159 544958 599999 832917 643505 642447 832481 832930 598837
1118678 599866 299337 545432 598261 299397 598956 545492 598915 643221 832272 832670 832654 544958 599999 599020 832481 641981 832669
545418 544952 1118705 597931 984268 545359 599647 598956 544795 545479 544919 544907 544917 544836 545160
300484 300043 598398 599216 1118671 299337 299745 599617 300974 618300 643689
599216 95781 299337 300974 641835 545432 182795 642482 642459 1118192 643689 598398 299745 618300 770707 599774 299869 617986 599617
545477 304062 644056 544788 597900 951497 1118157 621652 599699 1118248 545503 545359 486 1118159 1118545 1118631 1118522 544959 1118520 770707 544790
1118671 599304 300043 299872 599774 599661 643579 299869 617986 642459 618300 642482 643689
642539 545920 1118705 177857 301139 598069 950636 598684 545469 544813 832481 300332
299397 300049 299291 301009 832917 598438 641981 301590 1120035
950636 545261 299336 598069 598939 545370 304062 300526 644094 643999 301443 598956 304097 304074 545503 545469 545359 599403 599402 544836 2261 545529 544959 545479 598723 598684 832481 300332 832669
545496 971661 599873 544811 545261 545267 597933 545157 623204 544907 304100 145034 176169
545493 1118314 597933 1118319 598069 545479 1118252 522478 545206 598261 1118631 522371 303951 971660 545920 832654 1118248 599099 486 1118705 1118545 770707 544878
545492 1118319 545243 951497 599257 1118252 1118735 544903 644056 675785 1118159 1118157 599699 642019 176454 643630 642184 1118545 545528 1118631 544958 770707 544794 544790 641996
1120083 599238 598261 545093 176274 597933 300049 641800 544809 300121 299291 183366 301590 641981
644056 1118314 1118319 545243 951497 599257 1118252 598858 544903 544904 675785 544788 1118159 1118157 599699 1118248 643630 545528 545078 599899 1118520 770707 598723
2261 545370 599647 544907 1118705 951497 675796 621652 950184 304074 545469 599403 544836 598723 544795 544919 544917
176454 1118522 1118314 1118631 1118319 1118520 545255 544794 486 599257
544788 597900 1118520 1118545 1118631 599699 544790 544796 675805 1118522 675785
641981 522371 598438 522478 301590 299291 675802 304105 643221 301009 1120035 643615 599999 832917 544769
950184 545261 598069 545479 598723 544809 544847 545469 304074 304062 545372 304097 832481 300332
951497 599647 545528 598956 176282 545479 544896 544790 544919 545372 832669
643221 832654 770707 545100 1118192 643505 1118314 545352 303951
1118157 545243 599257 304103 300523 545511 598858 544903 544904 675785 599699 642019 545255 544896 643630 545078 599899 544794 832917 544790 643678 832669
1064642 641835 598398 182795 299337 599617 300974 545432 618300
832654 544958 545267 599866 599740 544769 597931 304105 599238 599099 833140 1118559 522478 1118137 643971 522371 675802 300523 521200 832272 545160 832301 545117 176169 1118668 183366 545157 545158 545159 642184 599999 1118657 1137947 1118314 544878 300354 832930
1118159 597900 643630 545528 832670 599699 545255 545243 598956 621422 545503 599257 545372 832669
832301 1118668 1118252 545160 1118559 643971 1118657 486 641996
643689 300043 641835 598398 642482 95781 299745 599617 599661 300974 617986 642459 545432 618300 642447 299869
544878 545093 545267 597933 545291 545117 1137947 493 183366
304074 545920 598069 643999 1118735 598939 545479 545469 544813 299354 832481 300332
545117 545267 597933 1118657 493 544809 599035 145034 544803 176169 1137947 832930
544896 1118668 643630 1118314 1118520 642019 621422 1118545 641996 598140
938902 597933 304103 304105 598261 544827 303951 183366 599877 545099 641944 176282 599525 176169 599774 643678 300354
545359 597931 984268 1118522 598069 1118705 675796 545503 544919 493
599525 300277 643678 176282 598837 1118192 303951 304103 521200 544811 304105
300277 545920 598069 598939 299354 177857
545352 544811 545261 641944 545100 486 1118314 641996 304103 598140
599580 598261 599999 300121 675802 1118641 521200 598438 599740 522478 832930
833140 1118668 1118252 770707 643971 1118314 486 641996 832930
1118668 545261 300523 599866 544769 598223 598438 300354 643917 644094 599238 299872 182795 183366 832930 832272 618300 599426 642184 643615 599999 599617 544794 545159 641996 599257
544952 971661 984268 597933 545920 598939 303951 675796 643917 493
1118705 598069 304062 300526 643917 643999 301443 544847 303951 545503 545469 545370 544836 304097 544959 545479 675796 544813 300332
1118545 545078 599899 598858 597900 544794 544796 545511 544904 544903 599257
888313 599718 642503 544959 621114 544949 544795 545099 544919 544907 544917 545503
599718 971661 971660 984268 598069 623204 1137947 544907 545158 544803 544801
599204 599873 597933 544924 545291 544809 544847 599035 176169 145034 545206 304105
544959 971661 971660 545920 1118522 621652 598069 623204 545503 544919 544836 984268
544958 1118314 1118520 770707 1118248 1196193 1118192 641996
545291 545267 597933 544811 544809 301009 1137947 304105 183366 176274 599140 1120035
544795 971660 597931 545099 623204 545479 675796 493
299869 598398 299872 642482 95781 299337 299745 599617 300974 642459
598684 545920 598069 301139 176169 544813 832481 177857 300526 304097
544796 597900 1118631 1118522 1118520 303893 486 675785 675805 544790
544790 599257 1118631 598858 544903 544904 597900 486 599899 1118520 544794 1118522
544813 545261 598069 643354 545370 304062 299354 643917 599647 643999 598939 544847 304097 598915 301443 545469 599403 486 545372 176169 544836 545529 599402 545479 598723 300332
641996 1118314 1118252 598140 300523 599099 598858 642019 1118248 545154 545078 599899 770707
493 301139 597933 643354 545206 300523 545160 301590 303893 599873 621114 176282 544917 599402 545529 832917 544919
545469 598069 304097 301443 545370 545479 304062 545372 544836
545261 597931 545267 597933 643354 643917 545920 544827 544924 544809 544847 303951 544907 599873 545099 176282 176169 545159 545157 544811
597931 597933 544811 1118520 1118657 544847 1118137 545479 145034 643917
545267 597933 304100 599099 544827 545160 544924 599035 183366 303951 545099 641944 176169 545157 545158 545159 770707 545206 545100 599140
597933 599873 544769 522478 545206 598261 544827 545160 544847 522371 544809 544803 304105 971660 599877 832272 545099 544801 176169 1120035 544811 545170 301009 642503 770707 545158 1118137 599140 300354
1118319 545078 599090 599699 545255 545243 544794 642184 675805 599257
299336 598069 299354 177857 545920 643999 598939 598956 1196193 599403 486 545529 770707 832481
299337 598398 642482 300974 642459 545432 618300
643354 545093 984268 544847 1118192 545206
1118657 301139 599866 598223 544769 304100 599238 598261 300049 643971 832670 642459 183366 299291 599873 832272 599099 641944 641800 301009 599426 176169 642184 545154 545157 643615 599999 643505 545159 642447 599740 832930
545100 971660 598398 545159 770707 545920 544907 304103
545432 95781 300974 770707 599661 643579 642482 642459 303893 598398 618300 599999 299745 599774 599617
304062 971661 984268 545920 598069 770707 623204 544907 832481
304103 1118314 599877 304105 643678 486
304100 971661 599099 545099 545159 545157 770707 176282 623204 1118137 545158 544811
1118252 545243 599257 598140 300523 599090 621422 599699 642019 545255 545154 599899 544794
522478 301590 598261 300049 300121 599035 176274 303893 832272 641944 641800 599426 300354
599866 599238 1118559 599999 522371 599426 300049 644094
301590 641944 522371 1137947 521200 599140 1120035
304105 598261 641944 643678 300354
599238 545160 1118559 641800 642503 486 183366
598956 643630 675796 1118641 545503 300526 643999 643917 1118735 832669 644094
599647 643630 621652 545479 675796 545370 599402 545372
299872 642482 599617 642459 598398
1118559 301139 599740 598223 598438 598261 300121 675802 544801 303893 832272 832670 599426 545154 643615 545159 832930
643999 545920 598069 301139 177857 301443 598723 299354 304097
598858 545511 544903 675805 675785 599699 642019 1118248 486 1118631 1118522 1118520 770707 599899
95781 300043 598398 299745 599617 1120035
544924 544811 522371 544847 599035 1137947 598223 145034 545206 545160
522371 643579 598438 545206 598261 299291 544809 599035 183366 832272 641944 301009 1118522 770707 599774 599140 300354
544809 643917 545206 544827 599035 303951 303893 1120035 642503 599140
675802 599999 598837 641944 599035 598438 641800
599035 544769 545206 544827 545160 544847 599873 145034 300354 770707 1137947 599140 544811
642459 598398 642482 599774 300974 521200 642447
675805 597900 545511 621652 599699 599899 545255 545243 544904 544903
544801 599304 971660 545154 545160 545157 1118520 770707 544907 545920 486 544803 303893
1118192 598837 598915 832272 832670 641800 643678
544803 971660 545154 545170 545157 545920 642503 544907 545158 303893
176274 598261 832272 1118641 598438 1120035
598915 598069 770707 832481 304097 1118735 832669
597900 1118631 1118520 599699 1118522 486 675785 303893
599873 971661 623204 145034 176169
544847 643917 644094 303951 544907 545099 176282 176169 984268 545157 545158
598398 300974 641835 770707 642482 618300 617986 299745 599774 599617
599877 598261 544827 299291 770707 599999 599774 301009 1120035 643579 1137947 832930
643917 641944 303951 544907 832481 544811 644094 544769
832670 971661 545920 832272 770707 1196193 623204 1118641 832669
621652 545479 545920 545160 621422 544907 545503 545370 545372 832481 643630 770707 623204 832669
643630 1118314 545479 598140 545920 1118735 1196193 545372 545528 770707 544919 832669
1118248 545511 599699 545255 621422 599899
176282 971661 971660 544811 545920 545158 545157 1137947 300526 145034 545206
544949 971661 971660 545093 545170 621114 545158 545157 623204 1137947
1118137 545160 545157 643971 545099 183366
984268 544836 544907 545503 303951 544919 544917 303893
618300 641835 300974 300043 599661 599304 299745 599617 617986
599426 598261 599999 300121 1118641 599140 832930
545370 177857 598069 545479 545372
183366 832930
545372 599402
176169 598069 303951 1137947 544811
1120035 598261 299291 300121 301009 641800 599140 300354
599304 971660 770707 299745 486
544836 971661 545920 545529 598069 545479 675796 599402 299354
642184 545154 1118631 599090 642019 545255 544794 545159
545529 598069 598939 599403 545920 304097
545528 1118522 1118631 599699 545243 675785 1118520 599257
545170 971661 971660 544827 621114 545158 545157 623204 1137947 545920
545078 1118631 599090 599699 544903 675785
642503 971660 621114 623204 544907 545920
1118522 545511 544903 544904 544907 545503 599899
1118520 545243 545479 599257 599090 544903 544904 599699 545255 599899 832481
770707 598140 599099 300049 643971 598939 621422 303951 300523 544903 303893 832930 832272 599699 641944 545920 545255 545158 545159 599774 544907 599090 832917 643615 642447 832481 598837
599774 599617 598438
545206 544769 544827 545160 303951 145034 1137947 599140 544811
544919 598069 545920 971661 971660 599403 623204 675796 544917
617986 300043 641835 299745 599617 599661 300974
621422 1118314 642019 599699
1118314 598140 300523 675785 599699 642019 832481 832930
599899 1118631 545511 599699 486 675785
300974 300043 642482 599617 599661
832481 598069 299354 300526 644094 545920 598939 303893 832272 1196193 486
300354 598261 301009 599140
544769 598069 598438 598261 544827 832272 643615 599140
1118735 832669 545255 643678 642447
675796 545479 544907 544917
832930 599740 598438 300523 643971 300121
301139 598069 598939 177857
599020 599999 300121 598837 303951 598438 643505
642482 599661 299745 599617 832917
299745 300043 599661
598069 545479 299354 177857 300526 644094 545920 301443 598939 303951 544907 304097 832272 621114 545503 544917 300332
545243 599699 545255 486 675785
641835 182795 599617
545479 303951 544907 598723
598939 299354
599740 545920 832272 300049 1118641 598438
599257 544903 544904 675785 599699 545255 1118631
598438 598223 598261 303951 832272 641800 1118641 545158 643615 599140
299354 545920 1196193 486 300332
599402 545920 599403 304097
599140 598261 300049 300121 641800 301009 544811
644094 971661 304097 599999 641944 1196193 545920 300332
300043 599617 599661
545920 300526 303951 544907 304097 303893 832272 1196193 545503 599403 545154 545159 545157 598723 544917 300332
544827 545160 1137947
832272 641800 1118641 598223 832669
1118631 599090 545511 544904 598723 544794
544794 599699 642019 544903
599090 545255 675785 599699
545511 599699 486 675785
300049 598261 643615 641944 1196193 301009 521200 599999
301443 623204
643971 599999 1196193 301009 521200
832917 1196193 486
599661 599617 643579 642447
598140 642019 599699
643579 598261 599617 301009 641944
300121 598261 521200
598837 643615 182795 300526 643505
544903 599699 486 675785
544904 599699 675785
303951 599099 544907 971661 643615 545157 1137947 642447 544811
521200 598261 545093 299291
544907 971661 971660 621114 545157 623204 832669
300526 1196193 1118641 643505 177857
599099 545154 545159 641944 623204
675785 599699
300523
299291 598261 641944 643615 301009 1137947
303893 971660 486
643505 182795 643678
971661 545503 545157 544917 832669
971660 545093 545099 545503 545157 545158 544917
545093 598261 545157 545099 545158 1137947
643678 486
598261 641800 301009 544811 643615 599999
545099 1137947 545157 545158 623204
643615 301009 599999
599699 642019 545255
642019
621114 623204 545158
545255
641800 599999 641944
301009 641944 544811 599999 1137947
545503 623204 544917
641944 545158 545159 544811
642447 1196193
599403 177857 544917 304097
486 545154 545157 300332 832669
145034 545157 545158
598223 545159 1118641 544811
182795 599999
545160
544811 545157 545158 545159
545154 545159
304097 598723 177857
545157 545158 623204 1137947
545158 1137947
545159
599999
599617
598723 623204
623204 544917
1118641 832669
1137947
177857
544917
300332
1196193 832669
832669
