211995 1118314 771510 950880 1118319 950882 17459 701 545185 621650 304163 949785 950683 3146 545470 950224 1118631 545494 545007 2154 950636 544902 544907 641849 2261 544849 598917 598915 951497 1118157 621114 643122 621652 1118248 544917 1118136 599750 545110 832706 165 545237 599383 1118705 1118545 888313 598511 1118522 623204 545478 675796 544918 544812 545529 971280 832669
642387 1118706 832546 598462 544809 545379 642099 643505 938857 304103 643931 641981 521246 832669 544769
642386 641835 17459 183479 675767 642294 1065712 599783 599216 176157 182795 183985 617937 598837 642099 1118191 642984 643660 598398 642988 598986 643056 545171 642913 598462 832872
1118219 545262 642124 618371 182819 184176 643971 598223 183479 598280 183049 832546 299549 183872 184139 544769 598564 183827 299745 300830 300523 598261 299872 642820 182795 183560 183985 643844 545160 183986 183406 641967 183387 183368 544780 642988 183113 183389 183366 643001 832654 617851 643140 599950 184150 643221 598808 832272 599847 183936 183403 832301 184025 599938 300252 183790 176280 544897 599426 598660 182979 833140 643710 545154 183567 599866 833071 545159 599999 545492 183495 599090 598947 183146 183391 598789 832872 544973 641996 183149 183148 644024 832930
643310 598261 938902 300655 642733 643615 642913 598462 176333 832546 641967 598986 183391 599525 544772 304105 544811 545352 491 2500
643438 776156 951783 642011 1118614 641996 598298 1118159 1196191 545243 544794 544903 599257 71 545492 1118314 1118252 375453
598986 183866 642733 301383 140656 642913 1118187 599216 1128009 617986 599783 598654 939019 1118230 643689 1118344 643751
891741 299423 832546 832541 598027 599628 599982 599721 598498 599551 140593 599150 642499 183467 643222 642139 299451 599240 642473 643710 176504 642289 301321 599712 642469 832917 300013 25814 643651 832669 300075
300169 300045 642809 598202 598136 598201 1118568 300973 599517 598658 598787 545344 618062 643698 598661
544769 748318 597933 642775 301171 1118677 598069 599849 1118657 598655 1127908 598438 139 643917 1118271 598261 544827 598077 643827 1118350 599215 42 642294 2154 599035 642099 301176 176280 2177 642017 599004 832272 832654 2500 545206 99 642973 598705 599036 1118668 131789 643615 1127444 2497 160032 1112681 1112422 644022 599627 599140 641981 521198
598564 1118668 618371 598102 833140 642500 770707 832301 1196191 184139 598808 375954 642451 599587
598367 140523 832857 1118159 176155 832917 599938 1128366 949714 301588 832546 1196193 832669 598780
1118649 301101 598852 301165 301251 301095 599203 599634 642948 599633 300637 643886 598917 642889
845759 183872 299872 643300 833071 182819 183567 832301 300252 183147 183146 183387 183391 183403 183389 183366 183148 833140
176235 597933 160032 300049 892868 642695 598790 545117 299549 1118137 597942 599140 598660 493
598362 643359 304127 643707 598791 301095 300881 598686 599158 598226 642948 938902 303953 642447 598677 1118327 599877
643827 599849 17459 832546 1118650 643937 598438 301171 300381 643805 1065712 599056 1118678 598498 642099 1118192 301101 131471 599833 643832 599652 598787
599600 301017 599849 301132 832546 598993 844342 300442 300221 301171 545344 301172 545346 545347 598899 769973 642475 300160 300046 300162 300044 545415 598868 95488 599454 599455 545140 140593 300024 300328 643009 643686 643687 642764 642922 598936 832450 300431 833031 844431 599387 832515 598628 598629 176432 300559 642731 599548 598606 844457 140949 1065257 832917 1065361 544874 643440 598787 740420 642759 643698 304086 545348
598201 300973 598602 598993 599517 598658 545344 300045 642809 598202 599454 599455 642156 618062 832917 642760 598136 1113546 304055 165 598661 772026 176432 642731 599650 299532 233021 598868 642775 642776 598787
972230 304127 544827 545158 545146 544842 544949 545522 545478 598893 545496 303889 545470 545223 598142
521220 599158 643097 642262 643157 598655 598632 643937 301172 643849 598261 642475 301251 300121 140656 544809 598791 303951 303953 642097 598917 642556 643207 299897 642694 299576 599525 643832 642733 599580 140546 832930
598957 642109 642108 643593 300836 598490 1118735 642316 1118327 776156 597923 832272 621652 1118159 599938 949714 1118641 1196193 642877 890415 832857 599048 598961 832669
599377 1118668 545154 643300 833071 545159 832301 303901 642820 598226 544780 598808 1118657 776166
1065431 642482 95781 299337 183479 300974 545026 545432 675767 300381 300043 599216 938202 1118191 643689 598398 544780 301383 642973 1118137 1120035 770707 599617 299868 299869 643751
177845 599849 176432 300044 598606 299883 599631 533946 598993 598868 598823 599633 643698 301176 299580
177896 599849 301013 597992 599721 641818 643615 642695 599637 599631 300525 300526 300047 642877 599629 301176 300075
642316 643817 597923 598123 642947 1196193 832546 1118651 642447 486 544972 598677 642760
176333 598261 938902 642542 643157 643615 643809 641877 597942 176280 643505 938857 599140 641981 642556 299348
598814 599987 1118705 598069 140792 177857 299336 176308 300565 950636 545479 300277 544813 599402 2261 599624 177853
740792 301017 833031 598606 545140 832546 844342 643440 598787 599652 545346 643698 140949 642759
642311 598853 643097 1118651 643707 599557 598849 642251 642949 599627 643036 844404 300017 598673 642309 642307 598917 598655
304014 598104 642781 950683 599825 492 1118631 598858 544903 544904 544905 644056 1118157 598298 599699 642019 1118248 121 486 1118545 1118522 1118520 770707 544790 641996
832327 642918 1118169 643095 299936 832272 599204 643524 304105 304108 2176 521724 599435 598785 300354 139 304045 299489
301065 1118169 642542 1118559 642733 598462 597938 642166 598837 641967 598438 1120083 599525 139 642984 1118350 599044 1120035
301383 145065 183866 642482 832706 599617 1118657 598654 598438 642262 599783 522478 545206 598261 299872 160032 95238 1118671 299397 599661 642459 1120083 643689 598398 642173 643923 925392 1120035 299690 95240 599774 299869 183147 1137947 599140 544811
1118449 642918 642124 642184 643078 300360 832272 299374 832654 183985 643844 183495 183986 598947 544780 599652 643001
643814 599208 494 643354 600024 533946 1118170 642189 176296 599825 643886 844628 598781 493
642139 643211 642123 642017 832546 643889 599570 644096 598852 598497 642471 599601 299423 599158 643531 599150 642982 1118198 642760 642112 599240 599750 1118130 642473 1118707 301321 176569 643196 642469 832917 300013 642981 153
300252 833140 522378 832654 1118559 1118169 299549 938902 139 832930 598660 1118271 1112681
643923 140869 1118671 1118191 299745 599617 1118187 643579 642459 545432 675767 939019 832872 1118344 493
925392 95529 299690 183866 840457 140869 642238 617986 183864 599661 618300 642482 183147 183146 642459 183495 95377 832872
545469 301443 598069 598456 545479 304062 492 642539 950636 544908 1118705 304097 544849 599693 950184 304074 545370 545372 544836 2261 642181 545409 643190 600011 544813
1073689 642123 643931 598653 522371 643937 642477 598497 642471 599601 642479 522927 599014 642099 642571 643268 300333 642653 642289 300319 642469 599580 300075
833031 153 299883 832546 545348 300221 545344 545346 769973 300044 599454 599455 643686 643161 1118320 832450 95240 71 772026 598606 1118568
599733 949785 1118319 598121 844628 598416 598415 301099 299423 643844 621421 644056 301101 600024 597965 949714 71 599385 300748 599208 299694 598724 1118521 642189 598781
598511 598628 328427 494 95201 643548 487 144623 545441 599627 599384 545039 177857 598417 642944
938925 300804 300803 598618 643157 598462 304108 545048 832721 304105 545379 176293 642694 183387 643505 643056 300526 598414 642818
1118169 643095 643157 599435 597938 304108 599740 598223 300526 545223 304105 643579 299936 545048 544809 675802 2176 2177 176550 642984 643523 832272 832670 832654 832301 301009 599426 599580 2499 176274 176305 545158 643524 643505 599140
642948 643817 777098 599021 300017 599551 598324 598400 299397 599158 599627 598632 599022 599018 1118397 643082 599628 642947 598655 598915
642633 26455 1118314 1118290 599825 491 1118271 545920 1118678 621926 1058395 26454 892868 303998 623021 303893 642499 621652 1196193 26427 26426 643985 1118520 770707 832481 375453
643192 642477 140881 300043 299872 300484 642482 598498 599617 832450 643117 598654 618300 1118651 844431 1118344 301150
140546 599849 643221 545171 160032 643615 1118677 1064773 599845 598655 598787 642099 599140 643698 301176 1120035
95529 642262 599056 599652 95377 642038 299883 598136 95488 299868 1118136 545432 938202 598787 165 598121 643698 1118671
598102 545154 598104 643300 544958 770707 832301 1196191 184139 544897 1118314 486 492
598104 1118314 1118614 642000 641996 599090 599699 770707 832301 545255 1196191 642781 1118248 599257 642660 1118252 598140 544905
776166 599099 642184 545267 545159 545180 599847 599998 599699 183986 598808 641967 544897 183403 183790 183827 304100 598660
184176 643831 598280 617851 1118521 184025 183387 492 597942 183389 183148 644024 183391
192 642482 299872 840457 833071 95781 642115 183495 299868 299869 832917 183146 642775 641806 832872 299489
304163 643738 643542 642806 642479 771165 832546 598993 598435 642742 598673 599154 642571
598777 643807 643086 545305 299694 643120 643354 844628 545397 599634 545303 545110 494 643908 644054 598781 493
599517 300973 599841 599456 598658 599519 545344 644096 769973 642475 300045 642809 598202 599454 599455 642479 845037 300328 618062 642760 598136 299451 1129141 598661 1118706 642731 598606 1118568 642776 598787
599519 642475 176432 599650 642807 598136 642479 643961 1112670 598653 642981 598787 771165 599841
183827 1118668 618371 183872 833140 182819 176511 832301 183049 183406 183403 598808 183113 182979 599587 300830
598677 643359 1064719 599627 598659 1118271 545280 1118678 301481 599557 599661 598791 1118192 643120 300848 1118327 643264 599384 599383 176455 300985 599203 642309 642447 176154
1112670 599943 1064859 643271 642178 832546 598673 598653 300637 643946 643961 643270 642477 642475 300655 642642 642807 642479 176250 643516 598872 599154 642571 642112 1064989 644011 598700 300414 176432 299701 599706 598881 23682 643194 300013 643117 642216 643677 300153
545206 545267 597933 643354 984188 304108 493 950224 544827 545043 598241 642820 599034 522371 544809 544924 599035 303951 545493 643523 597921 759 598788 176282 145034 545160 3390 544811 1118620 599204 1137947 303889 599140 643033 304076
643220 642653 2246 1118705 599719 1064740 598069 598723 544795 598241 544847 599031 492 303893 544801 544813 299578 642556 599637 598402 299580
545418 545301 545303 597931 545307 545479 304145 599647 545160 1058395 545147 544812 544986 3389 598956 643122 544907 599953 643985 303972 544836 545443 545110 544992 545359 545234 544952 1118705 984268 545409 545405 544795 600011 544919 544917
545415 770707 300044 599454 545186 545185 1118568 832450 1118511 740420 598787 165 545140 643698
748318 303951 183467 131789 598077 522378 643615 617819 2497 599036 642973 599035 599740 644022 641981
183985 522378 769446 182795 770707 1118657 522371 599202 599036 598837 938202 493
544949 971661 971660 545093 304127 888313 545170 621114 545158 545157 545048 623204 145243 1137947 598788 303884 546062 545223
599456 1118511 643268 642016 300559 643698 299883 599454 599455 1118568 1065257 545009 598602 598658 598787 545344 1129141 598661
3389 643805 599873 301443 597931 599204 176438 545391 598544 545186 600011 176295 544754 545405 300047 544849 544847 643917 176169 545043
544787 2154 597937 544827 597933 598077 642503 599204 544809 545504 598893 1120083 1120035 544976
144623 301165 304097 301013 301139 545424 95201 304076 599624 545370 642307 300277 597992
617986 641835 1118187 300974 643597 599627 599783 300381 777098 300043 845115 599216 1118671 599551 599661 301150 642988 643689 598398 643205 618300 599387 140881 832546 299745 599617 644023 643751
183387 1118668 599238 833140 1118587 184025 183148 950880 1118137 938902 938857 183389 641967 1118350 1118620 183391
544780 642129 950722 299549 184139 139 1118350 1118271 599238 1118559 2154 598402 598934 1064740 545099 1059416 832654 832301 641944 1118137 971271 599525 1118172 598785 176169 1118668 642184 545159 598226 545522 641856 1118657 544976
1120083 183864 597938 299291 643937 301172 301590 599238 598261 299936 597933 300121 300049 299423 641889 544809 544902 597942 183366 641981 545093 597921 641800 599752 176280 599750 299459 599036 140523 176274 176569 643584 598947 140587 300151
183389 1118668 833140 642109 950880 832654 184025 183391 299549 1118137 643505 938857 1118350 183148 938902
2261 545307 104522 599403 599647 545147 544948 598544 950224 950636 544907 544962 2246 544836 545312 951497 544919 545314 643122 621652 950184 304074 545110 544992 545370 1118705 545409 598723 544795 300078 675796 544917 643119
623021 621926 1118157 621650 1118520 770707 544896 544897 644056 1118314 832481 598140 492 1118290
544788 597900 950224 1118520 1118545 1118631 598298 599699 544790 642781 544796 950683 1118522 544905 951070 644056 545477 675785 675805
598823 598121 832546 599627 1118650 599825 599629 598416 598415 641882 301099 176159 299423 599213 599018 301101 600024 597965 1118170 599385 300748 599208 597992 599711 598824 832872
599950 1118668 598891 598438 1118559 176157 182795 299397 642294 598837 183467 598077 641945 598705 1128560 131789 522378 2497 140587 644022 300333 644024 832930
599953 304124 599954 544948 598544 545400 642792 856176 1118130 675796 304062 544962 484695 493 2253 598675
545522 303986 304127 598618 545171 545146 545321 545157 950722 545379 545478 1137947 1118137 545159 145243 545472 545470 545311
1064989 1112455 642112 642642 1064949 642742 642479 643961 598791 598653 642743 533848 598673 598666 771165
599954 545312 304124 545314 950184 598069 544948 545310 545400 598544 300037 856176 545493 304062 544962 544813 2253 544836 598675
597900 544790 303893 1118159 1118545 1118631 1058395 598298 1118520 599699 544796 950683 1118522 486 492 545477 675785 675805
545117 545267 597933 598456 1118657 598893 494 493 2154 544809 598790 599035 544803 303896 832930 1064740 832654 303889 145090 642695 145034 2246 176169 1137947 544876 598788 544878 598785 605422 544976
545110 545305 950882 545185 951497 494 493 621650 642189 545311 642038 643122 621652 1118136 544992 545237 642187 643630 545397 844628 675796 544917
299574 1118707 642325 1118678 643161 598498 1118320 1025151 641856 1118192 545348 740420 832917 642017 599875 153
375954 643221 833140 621652 642019 599845 184139 832359 599825 642660 641996 642451 599587 598590
299578 598069 643082 160032 176438 1118735 303953 145090 1118397 643931 598915 599750 599627 643036 599031 494 641981 642947 832669 299580
2497 2499 131789 598077 522378 642173 617819 299397 642294 2165 675802 599740 643937 644022 598438 139 641981
1118668 642124 618371 545261 300523 642246 599866 598223 599847 598280 303901 642166 598226 598300 184139 599257 675767 598438 299449 299374 644094 599238 183146 299872 642445 643917 182795 1064681 183567 598824 183986 522927 641967 176511 183113 183366 643001 832654 2500 643140 832930 832272 182819 183936 183403 832301 598934 598808 642184 544896 618300 599839 300275 599998 599260 182979 833140 641996 176305 599426 643615 599999 299549 544794 598947 140587 599617 183391 545159 183790 300354 183149 544829 644024
568142 643211 642178 598498 599706 1118706 599601 299423 176504 643371 300013 1118651 598916 644096 1118198
832857 642488 949785 1118319 1128366 599627 598632 599748 491 777098 544823 1118735 621421 2019 492 642743 1118198 1118327 1196191 598574 949714 125 1118263 832546 833071 176569 770707 1064949 598780 598961 642977
1118545 545078 545511 598858 545492 544794 544796 544904 544905 545493 599899 544896 545477 544903 599257
984268 643354 304062 545471 545439 598142 545389 300047 545147 545146 303998 544847 599111 303951 544907 303893 303976 304076 544812 545503 544754 545359 545234 545039 545230 545043 832186 544952 544836 545408 599718 544959 545391 544919 598788 544917 303880
643424 642477 545150 153 845115 844312 642479 599225 844342 598797 644023 599438 300748 299353 777098
598606 299883 598658 598899 769973 300046 300162 300044 95963 599454 545007 300024 643687 643686 618062 642764 643268 642016 598661 599652 1118568 598868 545482 642775 642776 598787 740420 643698 1196242
599204 544809 597937 597933 599873 642820 544924 545291 984188 544847 599035 2154 618193 2246 145034 176169 304105
598604 598936 642016 642514 832515 598136 95488 599454 299394 1118568 643009 300221 598787 165 643698 844457
642913 643751 599783 599216 598462 1118671 183479 1118187 300974 597981 642459 938902 938202 939019 1118191 1118344 1064642
643584 599849 642542 643336 598121 599213 599825 176280 1118192 598891 1118170 301172 643001 300836
304074 598069 545479 643593 299354 492 545280 545920 301095 1118735 598939 950636 544908 950184 301431 26426 642185 643190 544813 832481 300332 643999
599203 643095 160032 1118327 598498 599712 643525 599158 545478 2176 1118641 300017 642447
599202 140656 832706 183986 299459 641967 303951 176368 300151 176320 300333 832721 299374 182795 299489
598202 598935 642156 300221 300045 300044 598602 598136 299532 617937 832917 599454 642776 598787 165 643698 844457 642759
300078 545312 599987 545314 176438 598069 598939 950636 545503 494 544813 299354 544849 642839
644022 2499 675802 183467 642173 599454 299397 642294 642973 598705 599035 642099 176157 2165 1120035 522478 598837
644023 642477 300043 599783 1112813 598123 643751 617819 1064642 599617 617937 832546 598791 618300 300017 643689 300974 598417 599438
643033 599935 642819 597933 598241 599845 2154 544924 599035 599111 303893 487 971280 493
301095 643097 176421 643707 598123 299897 643307 598655 598632 300017 300836 598915
643036 599943 643159 832546 599627 23682 844404 599659 644094 598853 140996 545283 643430 598325 1118397 598918 140442 598917 598915 300043 643083 643082 642251 599752 599750 545042 643817 1118705 856116 176438 300319 95201 598849 643946 643194 832481
300075 301443 642123 598069 642840 599627 492 599987 26455 1196242 950636 642017 599637 26426 1118706 1118705 600011 832481 643566 832669
643359 1064719 176455 300848 598123 1118327 643264 643120 642309 599384 642447 176154
643211 643097 642488 643176 642123 1128366 599627 1118650 1118272 599158 598791 832823 140442 598916 1118198 598915 1118707 598574 599240 949714 598666 1118263 1118567 642469 832917 642447 176368 598780
618371 599998 121 1118657 599627 1118271 598808 1118350 644024 1118290
299883 545009 643698 599454 618193 1196242 598787 599652 844431 1129141 598661
643354 545261 950880 487 494 493 545280 643848 599557 641889 544847 1118192 2246 303896 544849 545093 1118587 544918 545443 545441 599384 299787 599383 328427 643548 2259 598724 544813
642759 598853 598935 153 643268 598136 42 545007 617937 832450 1118511 844342 598787 301171 545355 643698 545140
522478 597933 597938 598891 300354 301590 598261 299936 598791 300049 300121 544902 599035 545493 303953 642097 300321 303893 299489 832272 832654 641944 641800 300151 176280 599426 176274 140587 599580 641981
1112455 599943 1064859 643271 642178 832546 300637 643946 644011 642807 642216 642743 643516 599154 642112 300414 1064949 598881 23682 643194 642775 300153
598852 598853 643817 153 300985 545150 140996 643207 598498 598849 844628 599659 832546 643371 599627 642251 599022 521198 599383
299872 140869 642482 183479 598654 183866 599783 1118350 840457 1118671 598947 642459 1118191 642238 598398 1118344 183864 183495 299868 299869 183147 183146 599617 183149 183148
521263 643097 643157 597938 598653 598791 598261 301251 522927 599215 641889 599158 642097 642556 642115 643207 299394 642694 299576 599525 176569 599020 599580 598632
176666 598438 3390 599664 176438 545405 950184 642251 598956 494 1118641 176295 544813 487 599627 545471 832481 2246 493
598858 642781 950683 492 1058395 545511 544903 544905 644056 675785 675805 1118157 599699 642019 1118248 486 1118631 599899 1118520 770707 544790 1118522 641996
598325 598853 599650 598136 1064773 1118397 176504 642949 599627 844404 599022 598787 545007 599628 643698
598324 598853 643307 62371 643707 643207 641806 599845 598385 598791 598655 642251 598673 599627 642307 832515 641849 1118263
522371 597933 599866 597938 643931 598438 299797 139 300354 304045 2154 522580 642820 95963 299291 643579 544924 599035 301590 545493 1118191 176550 300321 641981 832272 598261 832654 641944 544809 301009 176280 299348 300275 599914 599140 183366 642542 545171 1118522 300319 770707 599774 140587 300151 1064740 299489 544976
642294 832706 1118230 522580 522378 176157 140656 598837 599036 1128009 642173 641945 131471 598705 299348 642974 299459 1128560 131789 642973 2165 599004
598918 643738 545042 856116 95889 643195 832669 598881 643946 1118397 599752 599627 642216 642845 599629 598915 643083 598917 492
1196257 598922 643430 599493 643205 643195 832546 599225 844342 598655 832823 643517 599014 642842 598915
675805 545511 621652 599699 599899 545255 545243 544796 544904 492 1118319 599256 598590 544903 950683
642988 642238 299930 183864 599216 299745 183479 598808 598398 1118350 303893
643517 1118247 598922 598935 599493 599551 642922 120 599225 844342 599627 642842 599387 599748
643516 642842 1112850 844342 1118651 599706 599493 599601 642807 599551 642479 845037 598916 642982 1118247 120 599387 598922 642642 642471 643961 300153
642985 598261 545093 1118735 1058395 950880 598724 1118520 643844 184025 1118657 642459 641889 544973 299374 492
642984 1128560 522580 642173 140656 1118559 598462 832706 599044 1128009 1118230 299348 176157 2165 643056 301309
598916 642016 598355 599493 844312 545007 1118247 120 599240 300013 599627 598922 832823 832546 598417 299353
598917 300637 599627 642845 492 95404 176421 545042 599493 832669 599158 642309 598915 643082 643264 599752 599750 856116 299694 643195 643194 832917 599124 642568
642981 1025151 153 1118678 642731 598498 832917 832546 642469 643371 300013 1118651 176250 642760 642982 598661 856116
598915 643159 598069 642840 643593 642845 599629 301172 177853 140996 176421 545042 1058395 1118735 1118192 304097 643082 598574 599240 599750 1118678 71 544813 1118263 599752 176438 176569 770707 832669 599627 832481
301101 641882 598121 1118735 599213 600024 599825 1118170 777098 598587 300836 1118650
1118247 598922 545283 599748 598380 545007 832546 642016 832823 642842 140442 598417
642178 642289 533848 643270 598498 642845 644096 1112850 598435 598797 771165 598666
643985 598438 890415 1118678 26454 1118735 598956 599627 599150 643889 832481 300332 832669
642172 545280 890415 776156 328617 599652 545307 950882 1118735 545186 545325 599240 1118192 545185 598787 644056 643698 1118272 599627
642173 1128560 522378 131789 599044 17459 599036 599216 1128009 642973 643937 599004
1118327 1064719 643176 642109 643597 545432 545280 301481 643999 599661 598956 598791 303953 642889 300848 643120 643264 599384 599383 598350 176455 300985 642733 642189 599557 642309 642447 544972 176154 832669
1118191 140869 642482 95781 599774 545026 641835 545432 599783 643805 1065712 299930 300484 599216 182795 303893 299852 642238 598398 833140 840457 299745 183864 299869 183146 832872
642325 1118707 1025151 642017 545009 599875 598498 641856 299451 642469 300328 642327 299580
1118248 545262 642124 642781 545477 545511 621422 545493 644056 642660 599699 545255 599753 544897 544834 176589 599899 544958 641996
99 598934 598261 643095 642542 832272 597938 544809 176280 599740 597942 599580 176274 299348
131789 598077 599036 642973 2165 598438 139 599004 1120035
618300 641835 642262 183864 299337 183479 1118187 300974 545432 599783 300043 299930 845115 300484 599216 1118671 599661 939019 643689 140881 598398 1064642 599304 299745 599617 643751 598654
844431 598628 769973 599652 643698 300162 598136 599454 301132 1118568 300024 598868 643687 643686 598787 300559 642764 1065076 140949
1120035 643095 183864 95781 597938 598893 643937 300354 301590 598261 597933 522927 176157 617819 299397 299291 2154 176511 642097 176274 641981 183467 599877 598077 597921 544809 301009 598705 299348 299459 300275 641800 599036 131471 522378 545291 300121 642973 140587 599140 299489 176368 300336
642187 642653 599935 642819 643336 642500 545385 599845 599296 598791 751990 844628 642189 599825 643886 643001 599031
643817 598853 643307 597923 598123 598400 643120 599022 598849 599158 598655 598791 300017 599627 1118263 642947 832669 598632
642185 545920 1118705 301139 642181 598069 950636 176293 544962 544813 598587 304044 598684
642184 545262 642124 1118319 545180 598226 1118350 491 1118271 1118631 599090 544829 545384 545492 832654 642019 545255 544897 951070 545154 642429 545159 1118657 544794
642181 545920 301139 140792 26454 642539 950184 299897 642792 950636 176293 600011 544813 544908 1118705 949534 492
833071 642129 832546 1118657 1127908 598659 299449 598490 833140 2019 303895 832654 832301 597965 125 545155 599998 642445 832930
176569 599849 642123 598380 1118735 599551 642017 1025151 599240 176280 598655 598632 599627 832669 1118263
233021 642016 599652 599650 300044 598136 545007 642922 598993 176432 545482 95488 598658 598787 165 545355 643698 771165 304055
642189 598121 599845 533946 599825 598416 598415 545385 599296 751990 643001 599935 300848 600024 597965 599634 599385 300748 599208 642653 545155 299694 598724 844628 598781
598824 599849 299423 642429 598121 17459 1118677 599711 832872 599631 599839 599018 642889
1065361 598261 642097 643207 176511 1064773 641944 1118657 641967 599627 642694 599839 299576 599580 301171 642556
599021 598261 176421 599548 1118706 1118677 598436 42 599711 643931 642949 643908 777098 1112422 300017 599018 832546 642947 521198 644036
599020 599849 1118230 643157 599999 832721 598438 139 1118678 300121 598837 641967 303951 176511 643660 299489 599839 643056 545171 598462 643505 521198
642776 642475 300045 300973 598136 772026 832450 598868 642156 642775 598658 598787 165 599841 642760
599022 598853 643082 598123 598400 599158 642949 643307 598655 598791 844404 300017 599627 599629 832669 642947 598632
643889 1118735 26454 598498 832917 299451 300328 140593 832669 26427 545009 492
599140 643095 545267 597933 597938 598893 521724 598438 304045 139 598261 299936 598241 617819 544809 300121 599035 301590 641800 301009 599426 642918 300354 304108 545291 303889 544811 300049
176368 643221 183467 522378 598400 42 299397 598686 598300 599627 642568 544772 642947 641981
304124 971661 544948 545400 546062 545494 598723 494 303966 544776 598675 493
304127 545321 642129 545478 599435 545472 545470 545223 598142 598618 545146 303953 971661 545379 938902 1118172 545170 145243 1137947
183866 642238 1113546 299690 183864 1118671 599617 641877 299459 832872 300049
642000 544834 300804 1118314 1058395 1118631 949785 1118319 545102 599638 951070 1118252 545352 491
641818 177853 951783 301013 642120 545424 598939 299775 642840 856176 642847 599624 300047 299787 300277 299788
545424 545312 545920 1118705 177853 545529 642120 299336 598069 598939 300565 642840 599624 486 299787 951783 544849 492 641785
1127908 545160 643300 832654 176155 643971 832301 597965 642820 299549 598659 299797 545155
1118187 642238 140869 840457 642072 599774 183864 545432 95377 832872 832930
545243 1118319 599256 950683 1118252 492 621926 1058395 545492 644056 675785 599699 1118157 598298 1118159 545255 486 599260 545528 545076 1118521 1118520
598435 643961 643542 642471 642806 1064859 17459 644011 845037 832546 642775 643677 598872 642571
598436 2499 1118314 95889 300319 95963 1118568 643931 675802 643531 1118650 598438 740420 1118130 300275 300321 139 1118271
598438 599849 183467 643336 597938 599740 521724 599435 139 599783 304045 1118271 598261 299449 299936 1118559 299397 183986 599036 522927 675802 642099 303951 176511 597981 642097 176274 641981 832272 641800 131471 598705 1118641 299348 300275 599914 598666 598223 140523 545158 643615 599774 140587 598655 599580 832930 617819 599631
304045 545267 597933 160032 598618 544809 121 1118137 642099 641944 599435 486 492
304044 597992 598241 544948 642792 642840 642791 2019 642847 3146 487 544813 643566 598675
644096 1118707 643543 1064949 643270 598498 832917 1025151 599601 643371 1118651 832546 642017 642469
303915 545303 643086 545305 1058395 299694 621652 1118159 545397 643121 494 644056 644054 300902
544823 1118706 1118192 1118735 599999 1064773 300121 949714 1118678 599627 125 1127444 598655 1118263 598632
545920 643844 299775 545470 545389 1058395 544962 599637 545234 545230 545408 176438 545405 546062 598788 642840 599624 642539 300565 545493 304097 301165 299787 300277 304171 544952 643630 544959 176308 545290 598684 545261 299336 597938 598456 545100 304062 300830 643999 892868 544801 544803 617851 776156 832272 832670 621652 299897 176282 545379 545154 642877 545177 544836 545529 545170 642503 545076 770707 303889 832481 598069 176293 599740 300525 300526 299354 644094 300047 303951 544907 544908 303893 545312 545310 184025 1196193 545503 71 599403 599402 642819 545157 545159 598723 544856 300037 544919 544917 300332
643886 545303 598121 176296 494 642688 643807 301099 644054 643086 642038 643122 600024 599634 1118136 643908 299694 598724 844628 598781
544827 938902 545261 599877 545170 597921 160032 545160 544842 545186 544809 597933 145243 1137947 599435 599035 598142 545267
545511 1118522 599699 1118157 1118631 599899 544905 950683 545076 486 675785 492
182795 599849 641872 183479 643931 641835 599783 1118350 1118271 599216 598837 1128009 642099 1064642 641945 599839 1128560 643751 599999 643505 599004 1118230
621114 598069 701 545472 545470 493 623204 545146 545385 544776 2154 751990 544907 1059601 545230 888313 545170 545158 546062 642503 544876 303884 544976
643971 950880 599999 1118657 598659 301171 1118271 833140 2019 521200 832654 643140 183936 832301 1196193 301009 1118137 770707 642445 183149 832930
832917 642123 642482 599154 1064859 598380 642488 643931 598653 599570 598027 1118271 493 642477 769973 642806 643430 160032 598498 599551 299397 949714 300328 599712 643531 642216 599150 177853 642760 599627 1118157 599875 642115 1025151 599752 599225 1118130 598701 643677 641981 486 832546 1196193 598661 598590 1118707 1118706 642731 599601 770707 643196 643946 642982 642469 643371 1118198 1112422 25814 1118651 301150 642571 643597 642781
544986 545303 643121 545305 299694 621652 545409 545397 304145 675796 494 644054 300902 493
617937 643268 153 599216 1118671 299337 642482 300974 832450 598654 938202 598787 597981 643689 643698 300381
140593 598628 1025151 642731 598498 1118320 1118568 299451 300328 544874 643440 1118651 140949 545348
642072 642477 598853 300848 301481 300484 769446 1118671 598498 598849 832546 643117 545432 939019 832872 1118344 301150 493
303951 599849 545261 545267 950880 598462 598069 545479 938857 643917 598241 544948 544847 492 545493 950224 2246 544849 950764 971661 643221 599099 1118587 544907 544809 938902 971271 599525 176169 544952 1118705 544972 1118620 545171 643615 545157 770707 1137947 642447 544811
176511 1118230 522378 1118677 599036 641967 521724 300333 1118350
303895 304145 643121 545155 597933 1118559 892868 598385 2154 599034 1118137 494 599035 303897 641849 493
303897 597933 642820 1059416 642129 598385 2154 544847 599035 1112681 598789 641849 1137947
303896 544952 545261 545321 599718 950880 2253 299336 493 545230 1118587 299775 1137947 599624 494 1059601 643917 759 642847
328427 599158 301165 176438 643999 598069 643548 545325 301431 95201 643524 598241 599631 544907 643917 545400
771165 599943 1064719 643271 832546 23682 95404 522580 642642 642479 642216 642743 642742 599154 598700 643542 643543 1064949 598881 643946 856176
303893 701 642166 545432 493 1118559 545230 544809 544801 2246 971660 1064740 1059558 486 544803 642653 598241 770707 544796 832481 605422
642477 1064859 832546 599438 301150 845115 599601 598498 642479 845037 642760 642017 1025151 545150 642469 856176 643117
144 544836 303972 545405 599647 545359 545504 598893 544919 304062 544962 304100 545470 832515 641849
328068 303971 545043 599719 599718 545391 303976 545408 303998 545441 599111 545439 304095 545039 545471 303880 598142
545237 545303 545311 545305 643122 621652 545186 545185 623204 304145 494 643593 643119 769446 950882 104522 493
598077 139 642973 299397 599036 598791 598705 140587 522378 299797 301172 300333 832706 641981
599099 1118271 545154 545267 545159 832654 770707 641944 623204 1118657 950764 545493 304100 641996 1118350 599587 492
545099 545261 545267 597933 545478 545472 304100 598142 2154 544847 544842 950764 971660 545093 545379 1118137 938902 971271 303986 1118620 888313 545157 545158 544795 623204 1137947 303884
1064642 642238 299930 598398 845115 1065712 299337 183479 599617 300974 641835 545432 597981 299852 643751 1118271 598654
642475 599849 599999 599841 598935 1118678 643707 160032 95488 845037 300024 642097 642016 598136 165 598661 176432 299532 1118568 598787 643698
300360 643078 642429 643157 1064681 770707 598837 1118641 1118271 300525 300526 642877 643660 832669
832450 153 642246 642482 545185 598629 832546 844342 545344 300044 598498 299397 545140 183368 599150 599875 643686 643268 643161 643523 598705 71 300559 832515 643831 599548 299868 299869 545482 642775 598787 740420
599240 643176 642123 1064859 642488 1128366 599627 1118650 642845 1118272 642469 1118735 832823 643689 140442 598574 598666 1118263 1118567 642289 599712 598498 642447 598780
949714 642488 642123 545283 599158 176155 544972 599938 598490 301588 598684 599383 856116 643946 600011 832669 642447 642445 140949 598961 598780
300655 598261 643505 643056 1112813 597921 643157 599557 598462 641877 844628 1112850 599034 641967 938902 599383
300160 153 545346 300162 643161 599454 301132 1118568 642156 545348 545344 642764 304086 598899
621926 545262 1118314 597923 621650 1118520 1196191 544896 544897 832481 544754
832515 769973 1118568 598837 1118320 740420 832546 300277 153
599580 599849 832546 598653 599740 301171 598261 599664 300121 675802 642099 521200 599014 1127444 1118641 599914 598666 2499 642289 599999 598655 832930
1025151 832546 300637 599570 301150 598497 642471 599601 598498 642479 176250 642982 299580 598661 642327 642731 301321 643196 642469 643371 300013 300153 643429
641996 1118314 1118252 598140 300523 1118614 544829 545492 642660 642019 832301 544896 71 545352 598590 833140 544834 545154 545078 599899 544958 770707 183049 599587 375453
643078 642429 771510 770707 598837 1118641 643505 599825 300525 300526 642877 643660 1118271 304105
95889 1118706 301251 769446 1118671 95963 643931 599627 545432 1112422 777098 644036
301321 1118707 832546 643542 642471 643543 599601 643205 153 642479 643961 120 642469 643946 642216 25814 300153 845037 176250
598724 950880 545321 599825 598416 598415 493 641889 598121 545093 1118587 599634 1118170 599385 642653 642819 545155 844628 544878 598781
545391 303971 545043 545408 751990 545441 545039 544754 2259 545471 2246 545439
301309 938902 1118230 599004 1118559 642733 598462 1128009 599044 598837 641967 643505 176320 299489
545397 844628 545303 951497 545305 643122 950882 643121 304145 494 642307 644054 300902 621652 493
300881 300848 301481 1112813 643120 1127444 599753 598791 598653 1112850 598632 599384 642309 599557 598655 599383
544856 599238 951497 1058395 642820 621652 1118520 546062 544902 145243 598893 950882 493
642806 598498 642471 642807 643271 1118568 832546 300328 300442 300414 300153
600024 1064719 301099 598121 599213 598781 545155 844628 176296 599385 598416 598415 643807
950764 545154 545267 545157 643844 641944 545496 184025 544907 545100 832481 304100 176169
643678 1118735 643937 544772 832546 938857 486 304103 492 304105 1058395 599215 641967 1118192 598414 521246 1118157 599525 545379 938902 643834 1118620 598462 643505
544918 643630 951497 1058395 545321 1118159 621652 643807 545478 599627 832669 494 544973 950882 759 545311 493
544917 545301 545303 598069 701 304145 494 546062 493 545147 544962 971661 971660 545311 544919 621650 599403 643119 888313 545409 545290 623204 675796 544812 545503 484695
643677 599943 642123 1064859 545325 832546 598653 300637 23682 643961 643270 95404 598497 599706 599601 598498 598791 642216 598872 599154 642760 642017 643083 599225 598666 643738 299701 642471 643542 598881 643195 643194 642469 300013 25814 1118651
300333 522378 95963 544924 599036 598837 1118230 300275 641800
300332 1118705 598069 544813 642539 950184 950636 643593 26426 486 299354 492 644094
544829 545262 1118157 1118559 1118319 1118521 300523 545384 1118678 544897 599260 491 492 599257
375453 643630 545078 642019 599699 183049 545255 832359 599899 832481 642451 598140 598590 544897
643097 599849 176421 643430 599215 299897 599158 1127444 598655 598791 300017 599525 599627 598632
598280 643831 1118614 770707 643834 597942 598808 1118314 598660 599587 644024
643095 597933 984188 139 301590 598261 522378 597921 544809 599034 2177 176274 832272 1064740 304108 1118657 545291 1137947 2154 544811 521724
771510 642500 642542 599044 599633 642108 832541 832359 641945 533946 176504 643593 599631 545493 183403 643834 832669 544992
643159 545312 642120 598380 545325 642840 642847 599624 599438 301139 641785 599551 300565 598797 642499 643205 599752 599225 599403 300748 545150 545529
643157 599849 599839 1064773 643931 938857 301171 300526 1118272 643849 599216 599215 1118677 598837 2500 1118641 938902 971271 599525 643056 642733 643615 1118559 598462 643505 176320
643268 599652 598136 598993 598868 642099 598787 165 643698
545102 300804 598398 545267 545171 641946 770707 950722 545100 1118290 545159 643221 544772 545352 643660 176454
1128366 599721 642445 140523 642488 643176 301588 832823 544972 832669 598780
1112850 301017 545280 643430 642115 643270 1064773 545290 832546 599712 599014 300985 599384 642262 599659 598853 599557 299897
545026 299930 617851 599216 1118522 299337 770707 299745 299852 486 545432 95781 832872 1118344 95238 492 598654
598893 1118657 521724 599624 304100 493 545158 544803 971661 971660 759 145090 888313 545157 642503 546062 623204 1118137 303889 544878
598891 2499 599849 642246 832654 597938 300121 675802 642099 299348 521200 1118170 1118172 521198
494 545301 301139 545307 303966 304145 176295 598659 545400 545471 545372 598675 642944 545389 643848 599647 545160 545147 598790 545494 599111 641889 599031 304095 641849 544795 598853 599877 140996 303972 643120 303976 597965 545443 599384 545234 300902 544776 832872 545177 176455 545529 299694 844628 545290 545466 643525 598781 544919 544812 545441 544952 303880
597931 545301 597937 545261 597933 545479 1118350 492 642820 643917 544847 832654 759 1118137 545359 1118172 145034 544811 1118520 1118657 544795 605422
139 597933 304108 598705 598934 544809 642820 299397 299291 2154 545291 675802 2176 300321 183467 832272 832654 641944 641800 642973 176280 599426 598666 2499 176305 176274 599774 140587 521724
299449 299936 832654 599999 832481 598456 1118657 182979 183149 643999 300830
299374 642918 599849 599866 770707 938902 599839 544772 832721 598462
491 642124 641872 300830 644094 833140 183560 183986 183113 643660 182819 644056 643710 545171 183049 546062 643505 832481
598899 598628 642764 642731 1118320 301132 1118568 832546 300973 643687 598787 740420 545346 643698 304086
493 545301 545307 303884 304145 598659 545471 642944 545389 642820 545385 641889 598790 643122 1059416 643120 545234 544776 545409 545400 643524 643523 598789 544878 484695 598781 299897 545280 545283 545048 545494 599111 304095 300848 303972 303976 304076 832872 545359 642307 544952 598849 545290 544795 545147 544812 643908 597937 597933 104522 303966 301590 2154 598241 751990 183368 599031 641849 599873 62371 176282 545443 545441 599384 545177 545529 856176 643119 751611 303880 301139 176295 598142 545160 300045 140792 544902 598675 303953 300523 183872 544992 599402 545466 176455 545155 544919
299930 183479 599617 545432 599783 492 599216 1118671 599661 299852 642238 598398 95240 486 1118344 599304 770707 599774 832872 598654
176421 643082 521198 642539 299897 598686 1118657 599750 598632 303953 299951 643931 642947 598655
301251 643805 299337 769446 1118671 95963 643593 598787 599525 643689 832669
1118614 642781 545283 641872 544958 642019 643630 832301 533946 621422 621421 544896 599257 621650 598140 598590 300523
641872 832541 641835 599664 770707 1118272 1118157 1118678 1118192 1118290 1118641 1118650 26426 642451 1118271 641882
642820 145065 545267 597933 1118657 299797 599238 522580 545160 544924 2154 545496 544801 2246 832654 971660 544902 1064740 621652 1118137 1059558 971271 487 176169 3390 971280 1118620 545155 599718 623204 544803 544876 303889 544878 605422
545146 971661 971660 888313 545170 832186 623204 545478 1137947 145243 1118172 971280 1059601
545140 598935 153 642016 545007 1118568 642514 1118511 844342 598787 740420 545355 643698
950224 545262 545155 545076 303966 545479 598298 599136 832481 545477
598791 599849 643176 1064773 832546 598655 598632 599624 1118272 304105 545280 1118678 845115 95488 599158 675802 1118192 599031 643307 599935 642115 599215 641806 299897 599753 642977 642447 599525 598666 599383 2499 643597 1118705 176589 599721 641856 522378 642568 598787 544813 598785 299423 599627
183406 183560 833140 183936 184150 832301 183049 121 2019 183391 183113 492
2019 644011 856116 642108 300319 176155 832301 642251 545493 1064949 643086 642743 598659 832823 644054 642791
183403 183560 183936 184150 832301 183049 183113 182979 599783 833140
299336 642120 950880 598069 597938 299775 599624 299354 177857 492 26426 641785 643999 598939 598956 950636 544908 1196193 642695 299788 599403 486 299787 599383 545529 597992 770707 300037 1196242 832481
642556 599875 599999 599866 770707 1064773 643931 1118271 299576 938902 599031 598787 301171 544811 644094 769973 299951
642238 599849 641835 642482 299337 641877 1118650 675767 642262 599783 95238 599216 1118671 642459 938202 598398 769446 939019 299690 599617 183146 643751 545432
303953 145065 598226 545478 598655 598632 598261 598618 1118677 299397 544902 643525 641849 642889 643307 545093 599877 641944 1118641 598400 1118706 598686 1118137 642447
597938 1064851 642262 598069 599740 521724 598223 598416 299936 599664 643809 675802 2177 521200 2500 597942 832272 599525 643264 641944 1127444 1118641 938902 599426 299459 599914 2499 299690 642542 643615 300151 599004 299348
599634 642688 545303 301481 301099 299694 598121 300017 544849 844628 598781 545155
131471 1118230 598398 599044 1118671 522378 599454 599617 598787 1128009 545432 642974 299459 598654
300985 642109 1064719 599661 599659 599627 599384 642447 599557 599383
599631 599849 1118230 598121 598069 832546 642840 643086 599627 599825 598587 599629 492 644094 1118678 641882 176159 1118735 598956 642099 177853 642889 17459 1127444 599637 599839 1118170 642289 599999 599711 1196242 643593
599633 599849 642038 598121 598069 599935 300836 1118170 598787 643698 642542
300414 1118706 642471 642807 643196 1118568 599601 300328 1118130 176250 300153 300973 642982
544772 1118319 176293 545100 1118290 304103 300803 492 598414 545352 641856 300321 643660 641981 300804 643221 598789 1059416 641946 599525 599260 599638 643056 642818 545171 545159 770707 299549 486 643505 544811
599638 544834 1118230 643221 545171 949785 598462 599774 486 1118314 642660 545352 643660 492
544776 971661 971660 888313 759 303966 701 546062 623204 545039 971280 545230
598590 1118252 1118314 1058395 621650 642019 770707 1196193 544794 621421 1118192 544905 832930 300523
642542 1064851 599935 599296 1118192 521724 1118170
1128560 643056 140656 299337 832706 642973 642099 299459 597981 599004
938202 642482 95781 832546 299869 183147 95377 299868
772026 176432 642514 599454 844457 598602 545007 299394 642922 598993 566599 643009 95488
545348 598628 769973 599875 643161 599454 1118320 643440 545344 545347 545346 140949
642731 598628 769973 300559 598498 1118568 300328 598787 642764 300442
642733 599849 598632 938857 140656 599215 598837 641967 1118192 521246 938902 642974 599525 598462 643505 300151 176320
844628 545303 598121 176296 598416 598415 642688 844964 643122 1118136 544992 1118170 599208 299694 598781
598868 300024 598136 599455 1118568 832546 1065257 642156 566599 642775 545344 598787 165
643525 599877 599435 643524 145243 641944 544842 641889 598400 599833 832669
642309 1064719 599627 642845 598673 642688 643807 301481 599557 545311 643264 599753 599385 176455 599048 642447 544973 176154
643523 2154 597933 176550 641944 1118657 832481 643524 3146 544842 1118172 145034 176280 544803 176169
176320 643056 599044 598462 598837 641967 1118192 938902 642974 599525 643505
642307 598853 176589 643707 299694 641806 599557 598849 599845 1064773 599158 545478 598655 597965 642251 599627 598673
642124 1118559 832301 1118657 1118314 641856 1118350 1118271
642120 177853 598498 545529 597992 300037 598069 300565 299775 642840 642791 642847 599624 599438 300277 299788
642123 1118567 642488 599982 643271 1118735 643196 599627 599570 643689 642017 776156 492
545321 971661 545093 545170 104522 938902 545472 303884 1059601
642129 598618 299797 1118320 832301 643371 1118137 599435 145243 598027 545155
701 832186 545170 545147 545185 303966 2154 104522 751990 544919 304095 751611 303880
545325 642499 545150 544836 643205 598380 599551 599225 599627 598797 643379 300748 643917
643931 1118230 599627 300275 777098 177853 598498 598837 643531 183368 300321 642017 95963 641946 643908 644094 1118706 643056 300319 598686 642469 599124 299576 544811 832669
642459 145065 642109 642482 160032 299337 300974 1118657 598654 300381 1118271 599216 1118671 521200 598398 95240 599774 643689 183864 299868 299869 642447 544973 544972 545432
521724 599849 599740 643937 301590 598261 522927 617819 599036 300121 642097 176274 641981 832654 641800 598400 140523 300354
643937 17459 617819 42 522927 642099 2177 176274 145090 2165 598705 643056 599712 545291 300151 521198
533848 599943 643738 643542 643083 1064949 598881 642742 598849 23682 832546 643946 642743 642845 598673 598872 598417 642216
599943 642112 299701 643083 599752 599601 598881 642017 643194 642792 643832 599627 642216 598700 644011
299797 643300 597933 832654 544809 1118137 1059558 599035 1118350
949534 544836 545261 300047 545043 104522 598069 303976 176282 544962 544847 751990 304062 544908 545230
1118568 301017 545355 300973 598602 599841 299337 301132 599455 832546 844457 300442 598658 545347 545346 598935 545009 300046 300162 642809 599454 545007 300024 300328 643687 183368 597981 176550 642764 643686 545482 598136 598936 299451 618193 566599 642156 618062 599525 599387 176432 300559 300045 599548 643751 300044 299532 140949 300431 544874 643440 642694 300974 643698 1065076 304086 832669
1118272 643176 643056 1064681 95201 832546 832823 643710 642473 598666 598417 832669
1118271 545262 641835 545267 597933 599866 832930 184150 599847 641877 544902 642166 643597 598659 304100 599783 642447 300523 183479 544958 599216 599215 183567 545384 183986 2154 675802 641967 1059416 182979 643140 598261 545180 598398 832272 643222 182819 832654 599699 303976 642694 299576 544897 599426 832721 598660 176454 642429 598837 545159 599999 598947 140587 643505 598789 183790 1064681 832481 642445 545432
599208 62371 545155 642038 545186 599845 597965 1118136 176296 599385 641849 598416 598781
301481 642688 643807 300848 176589 642109 599048 599753 642447 176154
599706 642112 599601 642807 643429 299532 643196 642479 643961 598574 642469 1118130 642982 642571
300484 140869 299337 300974 832546 599627 599783 300381 492 300043 1065712 599721 599216 1118671 301150 643689 776156 598398 769446 642977 1118344 1129141 643832 299745 599617 643117 643751
160032 545478 545223 301590 598241 545048 598790 544842 599018 642097 641800 598400 300151
643917 545261 984188 598655 644094 544809 598956 544847 544907 599693 301165 1064740 599031 641944 544952 1118705 176438 598462 544813 832481 544811
140656 1118230 599044 598462 598837 1128009 642974 599525 641945 599004
300565 177853 176308 301013 300037 598498 598939 299775 642847 951783 641785
303998 1064740 26454 950184 545494 598241 544754 2259 26427 2246 832481 544849 3146 545043
545291 984188 545267 597933 544811 544809 301009 304108 1137947 544842 544878 183366 176274 304105
183146 642482 183479 598654 599783 1118350 1118671 598398 1118344 299745 599617 183495 299868 299869 183147 183149 183148
599111 3390 545043 597933 1064740 26454 2154 599035 2259 26427 2246 605422 545471
176250 153 643542 643543 642807 643429 643271 643961 120 642469 643371 643194 642982
597942 643831 598456 299549 299348 598660 183148 644024
304095 971661 3390 3146 545408 104522 544795 623204 544876 545471 1059601
176550 832272 26454 1118657 544809 598808 641944 26427 643524 176280 1118172
304097 598069 176295 177857 492 644094 26454 950636 544908 642944 544849 599693 301165 140792 950184 301431 599403 599402 1118705 545529 176438 598723 598684 544813 643379 643999
545154 950722 1118657 1118252 1118350 492 1118559 2154 544801 544803 643300 486 951070 642918 545155 545159
951497 545303 104522 533946 545479 643086 545477 545389 599647 598956 544902 545492 544962 644056 545311 303972 598298 176282 545372 300902 304171 644054 545528 544790 544919 544896 643119 832669
1118157 642781 599257 304103 545477 300523 545283 641882 621421 544903 544904 544905 545492 644056 642660 598298 599699 642019 545255 599938 544896 544897 675785 544834 643630 545078 599899 183049 544794 544790 832669
598136 153 95488 844404 598602 832546 598993 844342 598658 598935 642809 642514 545007 299394 642922 300024 642156 643009 643686 643687 642016 599056 95240 566599 304055 618062 545355 598661 176432 599652 599650 299532 545482 642775 598787 844457
1118159 642108 598121 545180 598456 599257 598587 545477 621422 643844 598956 545492 644056 832670 598298 599699 545255 545503 545372 300902 544973 643630 545528 643119 544972 832669
643689 641835 642482 95781 300974 643597 545432 301150 300043 140869 845115 599216 1118671 599661 598398 140881 832546 299745 599617 299869 642447
304076 3390 301165 300047 26454 642539 950184 2259 26427 2246 177857 544849
598787 301017 599849 95488 599841 599455 844342 300221 598658 300381 642156 1118192 566599 598661 176432 300559 545482 832546 301171 301172 599056 300162 599215 642922 643009 299576 599525 545355 599652 599650 643698 598602 598993 300024 642514 642099 95240 304055 599387 598629 599548 642775 1065076 844404 642482 301132 769973 300046 300045 300044 545007 300328 643687 643686 618062 642764 642016 598935 598936 844457 642809 299532 1065257 299869
1127444 643849 522927 832654 599215 1064773 832546 599158 598785
643009 769973 545009 599650 598935 599454 598936 642922 300024 1118511 300221 641806 643698
545359 545310 545314 1118522 598069 950636 544919 545504 545503 675796 1118705 484695 545477 642839
599525 304103 598414 598498 598837 641967 642099 1118192 304105 521246 643660 521200 641946 176282 545379 938902 300277 643834 598462 544811
545355 598628 642016 300162 643687 304055 618062 545482 642764 545007
545352 545261 1118314 949785 545100 486 304103 300803 598140 492 300321 300804 643221 641944 951070 544834 544811 643056 545171
598785 599849 642764 1065257 1137947 304105 598456 642695 642694 598655 599435 544811 599877
304171 545310 1058395 545314 621652 598069 1196193 598456 492 544962 545477 642839
140881 300043 599783 599216 1118671 299337 299745 599617 300974 1118344 300381
3390 545471 545223 598675 545160 643809 545439 599035 301165 140792 303971 303976 642251 545443 545039 643524 303880
643630 1118314 545479 598140 545389 599647 1058395 1118735 598956 544902 545492 544962 644056 644054 621652 776156 643086 598298 759 1196193 71 545372 598402 890415 545528 770707 544919 544896 643119 832669
643738 642112 643430 1064949 1064859 598498 643196 643195 642469 598653 599627 642216 642743 598673 1118651 598872 642742
299701 1118707 643832 643430 643542 598881 643271 153 23682 642469 300637 599627 643946 599750 598700 599570 95404 599154 642216
856116 599601 1118397 599752 599750 492 598666 1118263
599752 300637 599627 643946 642845 140996 545283 545042 599493 598498 1118397 643082 599750 643430 643195 643194 23682 832669
544959 104522 598069 545477 950636 544962 971661 971660 545310 545314 621652 544836 545503 642839 1118705 888313 1118522 546062 623204 544919 484695 2253
544958 1118314 832654 892868 770707 1196193 121 1118678 1118192 492 545492 1118520 642451 759 125
844312 599753 299353 120 176504 599225 300013 599627 844342 598797 599438 598666 1118198
183148 598226 617851 183149 644024 183391
544795 545479 675796 751990 971660 487 1059601 888313 599719 546062 623204 544876 971280 751611 303880
544794 949785 1118319 950683 1118252 492 1118631 183560 545384 621421 544903 545492 642660 183872 642011 643300 599699 642019 176454 1118521 544790
641856 1118707 599875 545159 641946 642017 303901 950722 598684 938902 1137947
544796 1118631 1058395 1118522 1118520 544790 950683 486 492 675785
544790 642781 950683 545477 492 1118631 544903 544904 544905 545492 598298 486 599899 1118520 1118522 599257
599048 1118678 1058395 950880 621652 892868 598956 599627 832669 598655 642447 1118735 492 1118192
544812 544836 598069 623204 545503 675796 545234 484695
544813 545261 598069 598456 545479 176295 304062 299354 545466 492 545280 599987 599647 301443 544948 598939 544847 544849 545312 599693 545310 140792 642944 643848 643120 599659 544836 299897 301431 545405 544754 642840 642539 545370 486 545372 599384 176169 599383 642792 1118705 545529 599402 301165 176438 176308 598849 598723 600011 599403 643379 643190 643999 598684 545409
544811 597933 303901 950722 304108 300804 598223 304100 598261 2154 544924 545496 2176 599035 300321 2177 183872 641944 176282 545379 299576 176169 301009 545157 545158 545159 545171 545261
1064851 599849 299690 642262 642038 598121 545385 599740 521200 599031 599629 95238
642499 1118567 643710 598701 890415 599551 776156 1196193 642949 599627 832481 599225 832669
1112813 643307 845115 598123 643270 832546 598653 300637 25814 598666 300013
642775 642471 299532 598993 165 1064859
95781 183479 545432 675767 300381 300043 599216 597981 598398 769446 939019 642973 299745 599617 299868 299869 643751 598654
1064859 643832 598497 642471 599601 598653 599627 598673 598666 642982 832669 642571
299337 642482 300974 545432 599783 777098 1118678 599216 597981 299852 598398 643161 1118320 545171 299868 299869 643751
1064773 1113546 521200 643615 599215 642099 643207 598655 844404 301171 1129141 2500
643597 776156 643176 597923 642445 121 599627 598659 599825 642447 599628 544972
598993 1118511 769973 599056 545009 642471 599454 598935 641806 566599 165 176432 599652 1196242 643698
1118657 641877 832721 598659 641889 598790 641967 642099 642097 1059416 599938 598660 598947 598789 832872 598655 544973 544972 832546 599624 643844 183986 522927 643001 183391 597923 832654 832301 183790 599712 598686 643505 642447 642445 304100 599238 1064681 183366 599873 832272 832670 641944 95240 176280 599426 176169 643615 303889 832930 301139 642246 599866 598223 299549 598300 599740 300049 299291 182819 643140 598261 641800 301009 545157 545159 599999
300637 643832 642469 643270 598498 845037 642216 598587 642571
643593 642108 598121 300836 598587 1058395 598956 1118192 644054 643086 844964 642038 621652 642500 643117 832669
1118650 599849 641882 599847 599712 832546 642653 643710 599004 598415
643082 598655 598632 643430 643707 1118397 599158 643307 643083 643264 599750 598400 643195 599124 642568 599627
177857 303971 598069 301139 643190 598684 301431 545494 642840 545441 599403 300277 642539 545370 300526 544849 643999
95238 145065 1118671 299745 599617 95240 598654 1118344 1129141 545432
301590 641877 641944 145090 832546 299397 1137947 521200 641981 598414
177853 301013 598069 299775 642840 642847 304062 641785 598939 643531 299580 299788 299787 300277 642327 597992 300319 176308 300037
599238 545160 599866 832654 1118559 641800 642503 544897 486 183366 492
598618 599877 545170 1118587 598462 598400 145243 1112681 1118344 642947 544973 1137947
1118559 301139 599866 643336 642166 599740 598223 598261 299936 599034 300121 675802 182979 832272 832670 832654 832301 300525 544801 599426 598660 176305 643615 598947 545159 183790 832930
642514 642016 643698 598936 299394 599455 545344 1129141 545007
938857 642818 176293 304105 545379 599034 545100 643505 598414 300526
544924 145034 545267 1064740 984188 544847 545261 1137947 598223 599035 545160
642568 643307 832823 598123 599551 145090 599627 1112422 300017 598400 777098
644094 599866 598069 26426 300047 26455 598956 950636 544847 642889 971661 301165 641944 1196193 299576 300275 176438 599999 832481
183113 182819 183936 184150 642019 1118192 1118314 1118252
182979 642429 183936 183986 1118641 1196193 598808 642166
617851 971661 832670 183936 770707 184025 1196193 183149 644024
644036 1118706 599877 300973 598400 42 599711 832546 301009 300431 599014 777098 1112422 642947 521198 642760
643161 153 642246 832546 545344 301171 545347 545346 599438 598935 643686 599150 1118320 71 304086 544874 643440 140949 300442
621650 1118520 545409 104522 544896 545180 621422 544919 1118314 832481 1118252 598140 492 1118290
643205 599849 1118678 545042 598355 599999 599551 153 643961 643207 176504 599225 642949 301171 599748 599627
642742 642112 642642 1064949 759 25814 644011 643194 599627 642743 598700 598673 598872 599154 95404
62371 145065 597921 598385 597965 2154 545478 544842 145243 598400 641981
176282 545261 984188 300526 304100 544847 2246 971661 971660 641946 938902 145034 545157 545158 598462 1137947 598788
176280 770707 643524 641944 599034 299459 299951 304105 183149
643834 643831 599849 17459 599664 1118641 1118192 599825 599914 642451 153
951070 544834 643140 642011 599090 545384 545255 599938 300804 545492 644056 642660
950722 545267 303901 299549 545100 545385 183986 751990 183366 643300 1059416 832654 641944 598660 176169 642818 642918 545155 598789
642660 544834 300804 1118314 121 949785 1196191 545492 492
599304 971660 599783 299745 1118671 770707 599849 642166 598654 939019 544801 486 1118344 776156 1118350 299852
545177 545312 299788 951783 545529 641785 598939 545290 642847 71 599403 300277 642944
545170 597933 545478 599435 545472 545223 1059601 544842 544908 544803 598142 971661 971660 544962 545157 545158 546062 623204 1137947
545078 1118631 599090 598298 599699 599136 621421 544903 950683 1118319 644056 675785
545076 971661 599699 770707 623204 950683 544962 644056 675785 546062
642469 153 599712 643194 1118678 598497 641785 599601 598498 642479 599158 1118192 599150 599154 642760 642017 598661 1118707 832546 643832 642471 598881 643429 1118198 643196 642982 643371 300013 642216 25814
1196242 176432 641785 642922 642840 599637 599629 643698
599454 300973 599841 545007 299394 599624 545344 618193 769973 545009 300046 300045 642809 95488 599455 642922 300024 598837 643686 618062 642016 598935 641806 304055 301171 598629 176432 599548 643698 598602 544874 1065076 844457
643117 300043 598398 769446 1118671 299745 599617 545432 832546 492 301150 642571
1112681 301017 598853 598123 599712 598385 599740 598400 641849 304105
643119 643121 1058395 642038 643122 621652 545303 1118136 544992 544919 950882
299489 598261 1118230 522378 643615 599711 1128009 183872 299459 521198
643566 26455 642289 300037 26454 1118735 598956 950636 1118678 1118192 26426 598587 598498 642791
832930 832546 599740 599783 1118350 300523 833140 300121 183366 599877 832654 125 599426 642918 770707 299549 140587 1118314 643751 599587
1118230 641877 832706 832721 832654 300275 643056 599004 299348
301139 599693 598069 643999 642539 598939 642847 3146 598684 599383 544849 597992
642246 642429 176305 832654 95963 599426 599712 675802 598300 599866 598223 740420
598223 832272 545159 1118641 299936 1118350 301172
301132 642764 300162 832546 300431 643686 642694 545346 1065076 304086
642166 599999 832301 544801 1118641 599866 598808 544803
643524 544849 641944 3146 599435 26427
598673 599627 598417 642642 599601 599661 642743 643083 598700 299694 1064949 598881 599659
598939 301013 598069 642840 299354 545389 641785 950636 951783 545312 545310 303972 642791 299788 300277 642839 544952 545529 770707 300037 832481
599740 832272 832654 599215 641877 1118641 1113546 300049
300442 301017 642764 300162 1118320 832546 300328 643687 643440 545344 545347 545346 643686 304086 300046
300525 26454 892868 770707 1196193 1118641 544908 599914 300526 642877 832481 300336
300526 598069 301171 598414 598956 950636 598837 643660 1196193 545379 1118641 971271 642877 1118705 598462 598684 643505 832481 300336
599748 545150 844964 599493 598380 599225 599627 832669 832823 598797 777098 598355
599629 599849 599627 300836 598587 492 1118678 1118735 598956 1118192 644054 643086 597923 759 599637 643908 599833 890415 643832 599999
777098 598380 643946 599628 599982 300045 299423 599551 832823 301099 642289 598350 643710 643196 599711 599659 832669 598780
300523 545262 1118252 770707 545384 544897 1118314 832654
643805 1118678 1118671 769446 183147 545432 675767 26427 832481 599783
599987 545310 26455 1064740 598069 1118705 950636 832481 300277 642839
643807 642688 176455 299694 176154 643121 545303 599845 643120 176159 176296 643908 644054 598587
599783 301017 183864 642482 183479 300974 641835 598654 1118350 300043 599216 642099 597981 299852 299348 299745 599617 299868 299869 832872 643751 1118671 545432
599982 1118567 643710 1118735 598498 770707 776156 1118678 1118192 832669 598701 832541 153 598027
642642 642112 643083 598881 644011 832546 599627 598700 1118651 598872
26454 598934 642877 643999 643190 303976 598723 832481
599664 641967 599849 1118678 832272 1118735 599825 598300 1118192 1118641 599839 183790 642451 832654
643809 328617 598241 643615 643548 545186 643579 599034 599035 487 545441 2500
598544 545314 598069 544948 545310 545479 545503 598675 71 544962 484695 642839
299291 145065 1118620 599877 598261 643615 299397 641944 641877 301009 521200 641981 125 1137947
845037 642807 643271 643832 642479 643961 832546 300153 598872 642982 642571
599158 599849 643176 598655 598632 642947 304105 643430 176155 1118198 642115 300017 643832 599753 642694 598574 599384 599215 599383 1118706 1118705 176589 599627 1118735
598837 832706 832721 617819 183986 598462 675802 641967 1118192 643660 2500 641945 598705 642694 642974 599839 2499 643056 599044 643615 770707 545171 643505 599004
599014 1118706 642017 642115 642471 522378 598123 598400 599712 832546 598653 641967 1118192 300017 598417 598655
598675 598069 544948 545400 950184 642792 856176
521200 598261 545093 183864 832654 599296 300121 642694 641889 832872 598655 300049
599018 641882 642038 598121 1118677 642949 599845 832546 1118136 642099 642947 642889
597981 599216 1118671 1118678 545432
642764 832546 545346 769973 642156 643686 300431 304055 598628 598629 642694 545482 304086
599154 642112 598881 643271 643832 643946 643196 642216 598700 598872
642889 599849 599999 599845 599627 599825 598853 176159 1118735 1118677 2500 300275 643615 770707 598849 599711 832669
545312 598069 545479 642847 304062 950636 545310 599403 599402 300277 544952 545529 176308 643379
971660 597933 545186 545100 545472 545223 545493 544907 544801 544803 545093 544919 598788 545503 545234 599719 599718 642503 545157 545158 544876 303889 303884 544976
545310 304062 299354 545477 545389 1058395 301443 950636 544962 545314 621652 545503 300277 1118705 176308 600011
642016 599650 641806 642922 120 304055 599387 599841 545007
642011 176454 1118319 1118521 599699 545255 121 599256 545492 599260 642451 492
844964 545150 643086 599652 598355 176159 598121 599551 642842 599225 599627 598797 598587 599387 642289
545314 1058395 545147 950184 104522 600011 545504 545503 544992 545479 304062
641806 832669 1118735 642694 95488 618193 545007 642922 598655
1118587 545311 300803 599718 598414 599774 832546 95377 598788 618193 183391
642019 1118314 1196191 599699 598140 621422 544896 544897 545492 1118252 642451
950184 545261 104522 598069 545479 304062 545439 544809 300047 545043 544847 751990 544962 599693 301165 303976 544908 544754 545372 545408 598723 832481
545255 892868 1118319 642781 950683 1118252 1058395 599090 1118735 599699 176454 598350 1118520 770707 599998 599257
641800 598261 1118620 832272 643336 599999 641944 675802 1118192
301009 597933 598123 599999 832546 598261 300049 299397 643579 599877 641944 125 641981 545171 643615 598462 598686 1137947 300017 300354
545504 545301 545307 598069 544836 545503 544992 1118705 484695 545477 642839
545503 104522 598069 545477 545389 545147 598956 950636 544962 971661 621652 642839 1118705 888313 1118522 546062 623204 484695 2253
299897 599721 643307 1118678 599031 598655 544849 832669 598632
71 598380 598456 642847 599624 598490 545048 641967 544962 599150 643848 599938 299788 299787 545529 299775 642503 598780
599403 599402 599624 642944 950636 544849 545443 26426 545529 545290 300037 544919 643379
599402 544836 140792 303972 545409 599647 950636 26426 643379 544849 545372
545466 545280 328617 545307 598069 545186 545185 599659 599384 544849 599383
145034 599873 598241 545158 1064740 2154 545157 599035 545496
598400 598123 598385 642947 598261 641849 145090 643707 598686 1112422 1137947
598402 643140 643221 832359 546062 832541 599825 598027 544972 183149 832669 299580
545379 545261 304103 545472 545470 492 544847 521246 545093 643221 641946 303986 545157 545171 598462 545158 643505 598788
844457 598628 598935 545009 599652 599650 95488 598936 299394 1118511 642922 643698
642688 1064719 643086 299694 599557 545303 643264 832546 176455 599385 642447 644054 176154
299745 642482 183479 598654 95377 642262 301150 300043 599216 599661 598398 299869 832872 545432
643946 599627 643194 599601 642216 598872 1118198 599750 1118707 598881
176504 599628 17459 832546 599627 844404 642447 599387 598417 299353 599383
300336 598350 183467 1118705 598490 599873 598069 42 299397 140523 598684 599627 598956 642877 832669 641981
832669 1118735 598655 642947 492 598490 1058395 598956 598797 643660 183467 598701 1118567 598462 25814 643651 544972 598780 971661 950880 599627 599825 598027 598587 599628 643849 1118678 950636 643222 26426 1118263 1118707 642445 598961 642109 545180 300836 776156 832272 890415 832670 641946 1118641 1118130 642977 832546 300047 642488 598380 598300 598632 642471 26455 832823 544907 544908 300321 621652 1196193 599753 599750 598574 486 176589 599998 740420 301588
304055 599652 599650 300044 545007 545482 95488 598658 165 643698 642922
769973 300221 832546 844342 545344 95488 599455 642922 300328 643686 599938 299451 618193 299576 598629 176432 300559 544874 643440 643698 140949
599849 599426 599845 832721 598653 598655 301171 599825 301172 301176 304105 643849 140996 1118678 641882 300045 522927 299423 1118677 641981 599036 1118192 299951 2500 301165 599215 832272 832654 642099 599056 598853 643207 642695 642694 599839 1118170 300275 642877 140523 643832 599548 176305 643615 599999 300121 770707 599627 617819 598632
544919 104522 598069 546062 545147 544962 971661 888313 545290 623204 675796 484695 2253
140869 300043 1065712 642482 1118671 599216 599617 769446 1118344
544948 545400 545479 1118130 544962
599841 598853 599652 643707 642017 642156 1118511 618062
599847 643831 1118678 17459 598808 598705 545432 675767 599839 599825 1118735
299852 641835 598398 769446 183479 770707 599617 599216 545432 643751
599845 642262 1118677 598121 545303 533946 599825 599056 599557 545385 599296 751990 599935 1064740 597965 642653 832546 299690 642819 299694 643615 598462 2500
643844 643086 950880 598121 599213 184025 598226 598490 598587 544973 643001 1118735
598653 832546 1118678 642471 642099 598872 1118192 642017 1118130 598666 643832 643542
304145 545303 643121 545305 299694 643122 621652 545409 644054 950882 545155
598655 1118735 950880 832546 599627 304105 598261 642471 642947 176155 1118192 642099 140442 643307 776156 643264 599753 1118678 642447 176589 598666 643832 599999 643195 642694 300017 598632
598654 840457 642482 300974 545432 1118671 939019 95240 1118344 599774 183495 299868 299869 183147 832872 643751
95377 1065712 642482 770707 545432 939019 1118344 1118671
599570 1118707 643832 545283 642471 598498 643196 832546 1118130 642216 643961 153 642289
598659 642447 125 486
598658 1118706 300045 643698 299532 599455 300431 165 618062 300973 598661
183986 1118521 770707 121 599256 599260 642451 599587 1118350
642947 598123 832546 642949 599627 598632 598261 599124 183467 1118706 300017 643908 598686 1112422 521198
545223 599877 545157 545048 643579 623204 145090 303884 971280 888313
642944 599693 545290 545494 643379 544849 545443
545389 545409 621652 545370 1118705 484695 832481
598490 1118567 183467 642445 140523 599627 598350 544973 544972 1118263
598497 642017 642471 599601 598498 642479 832546 300013 599627 1118678 643961 1118198 642571
643707 643307 300017 301171 1113546
1058395 545180 545186 545479 643086 599257 304103 832481 545477 599721 544902 544903 544905 545492 544962 599136 644054 545311 598298 599699 643908 546062 644056 545372 300902 643379 545528 544907 544973
617819 845115 643615 42 299397 641945 599036 642973 1112422 641981
598498 643270 643271 153 642840 644011 545283 642471 642807 299423 599833 300013 643531 832823 599150 140442 642982 642760 599753 642791 125 832546 598661 642327 176589 300319 176308 643196 643195 643961 643371 599750 1118198 599601 299580 599627
545385 642819 643336 598241 599935 599296 145243 546062 971280
545384 642429 1118319 545180 599699 184139 544897 599256 599260
300973 598628 1118706 300045 642809 1129141 300431 165 618062 643698 598661
544847 545261 597933 643848 599035 544907 544849 176169 1118705 545157 545158 598789 176438
641967 153 832706 300049 642099 1118641 599914 643056
1118192 643176 832359 832721 832546 598632 832541 300836 598027 641882 599216 599557 1064681 522927 643001 643140 643086 643221 642115 832272 643222 832670 599721 642099 599839 642473 184139 599215 301171 599383 643831 643832 642289 176305 643651 598462 183495 644024 183790 599627 183149 598961
544842 598142 545093 545157 145243 641849 1137947 303884 492
544962 104522 545479 304062 545477 492 545147 544908 971661 621652 484695 642839 832186 544952 544836 545529 545409 770707 545400 623204 856176 1118522 832481
598723 1118631 623204 545494 643190 300037 545479 621421 950636 644056 544849 643999 492
2246 597937 104522 545479 545471 545439 598142 751990 544907 544803 303971 303976 544754 545039 643999 545230 176169 599719 599718 643190 598781 751611 303880
544849 545405 598069 545370 176295 299354 545372 545280 643848 599647 545494 642539 599661 950636 95404 301165 140792 643120 544836 545441 544754 599384 299787 300277 599383 1118705 545529 643190 599659 643379
643660 545261 303901 832721 304103 300830 183567 643221 121 642818 545171 598462 545100 643505 1065076
1118198 642017 642471 599601 641946 832546 642473 832541 599150 176308 299353
183467 1118567 299397 599627 598350
599935 642653 299936 643336 599215 599296 751990 770707 642819
643086 545303 533946 300836 598587 492 1118678 641882 176159 299423 644054 642038 486 832546 299694 600011
643083 1118707 299951 23682 599750 599124 25814 599627 95404
1064740 598790 984188 176293 545261 3146 598241 544809 599035 2176 1118705 1118137 938902 487 176169 1113546 599718 770707 643505 2154 832481
643122 545301 545303 545305 545307 950882 545186 533946 545311 642038 1118136 544992 675796
598298 1118319 642781 950683 544904 544905 545492 644056 675785 599699 599260 545528 1118521 1118520 770707 1118631 599257
643120 545301 545307 598853 643848 599557 545280 545311 643264 642447 599383 176455 598849 176154
643121 545305 299694 597965 545303 644054 545155
598069 301013 299775 545479 300275 301431 176438 545405 545400 600011 832546 642539 950636 643531 545493 299580 303971 299788 26426 300277 642327 1118705 599718 176308 598686 599124 304062 643999 751990 832272 140792 545441 545370 598684 176169 599383 544836 545529 856176 832481 176293 176295 299354 301172 301443 544907 599693 300037
544836 545479 299354 492 950636 971661 140792 1118705 545529 600011 675796
599938 643140 949785 1118735 770707 621421 492 644056 544972 643001 153
299451 598628 1118651 599875 299532 300328 598027 545347 1118706
121 1064681 599627 183560 183567 832272 832654 544896 545171 545159 599998 643505 832481
125 832359 833140 300121 675802 599150 644054 643849 597923 832654 2499 545159 140587 832481
599839 832721 1118678 599637 599914 599652 642429 643615 599999 1065076
299459 176157 832706 641945 1128009 299348 642974
545039 303971 545043 888313 545408 104522 751990 544803 2259 545471 605422 545439
832721 301017 770707 832546 598261 1118678 1128009 642974 599999 545171 598462 643505 1065076
300748 545150 598121 599213 599225 844342 599438 641882
599833 598853 1113546 642289 642471 832546 643207 599627 301171 599150 521198
642839 301443 599624 600011 304062 299354 26455 950636 26426 300277 176308 770707 832481
1118567 643176 140523 598027 598587 599628 599721 599551 597923 643222 545283 642977 598666 598350 643710 643651
642781 1118314 1118520 770707 1196191 621422 599257 544905 599699 1118252
299788 951783 301013 299775 642840 856176 642847 599624 300277 597992
176432 95488 1118511 545009 545007 642922 598935 599056 165 598628 598629 599652 643698
642429 642115 182819 642500 770707 832272 301172 301176
299694 1064719 545303 545305 598121 599627 642845 598587 176159 644054 643001 545311 621652 597965 1118170 300902 598781
176438 1118705 598849 642251 599124 486 176295 599627
545171 1118314 597933 598462 299549 545100 304103 304100 300803 598414 2154 641981 300804 643221 545261 1059416 832654 641944 176169 642445 643056 642818 598398 545157 770707 599774 183495 545478 598789 598788 183391
95201 643832 643548 599627 642845 487 176295 598666 299353
546062 492 892868 751990 544907 544803 621652 1196193 599719 599718 642503 770707 623204 484695 544976
183147 1118671 599617 299868 642482 183149
300013 642471 599601 832546 599627 642216 1118651 642760
545482 598628 153 599652 599650 95488 618062 643698 642922 545007
598789 545267 1059416 598462 598385 1118137 486 1118350
300017 598123 832546 599627 642845 643430 845115 598417 599877 643264 176455 599659
300151 642017 522378 42 522927 299348 1112422 521198
300153 642807 642479 599601 643961 642982
641981 971271 675802 599034 304105 1118678 522580 299397 544902 641849 2500 643221 597921 299951 2499 140523 643615 599999 599712 544876
183149 598226 184139 300830 1118678 183567 598947 184025 1196193 770707 183495 183391 183790
599587 643221 545159 183936 184150 770707 1196191 832359 675767 598808 598140
598781 598121 533946 176296 598416 598415 642038 597965 1118136 1118170 599385 299787 545155 605422
598780 1118319 176155 770707 621421 643176 301588 598666 1118263
545093 545478 1118350 598415 598142 598261 641889 544973 303986 545157 545158 1137947 544878 303884
643961 832546 599601 642479 642112 642471 643542 643543
675767 598398 833140 840457 1065712 642482 183479 599774 599216 641835 598808 599260 492
599661 642482 300974 599627 545432 300043 1118671 643579 599617 642447 643751
643336 642653 299936 892868 643831 599296 675802 751990 642819 642451 2499 1118350
642451 1118314 641882 599998 1196193 599825 1196191 642500
301165 26455 300047 642539 598462 643848
140949 153 1118320 544874 643440 740420 545346
598226 643140 545159 1064681 184025 832546 1118678 183790 598660 598686 176169
599627 642949 599601 301431 599637 598700 598666 598350 643710 598355 300319 598462 643651 544972 598961 844404 832541 598027 599628 545283 643430 598417 176154 95963 299397 643222 643207 643908 598849 599659 598686 599750 599124 642447 642109 598123 300321 300836 598853 642743 140523 599225 301588 599384 599387 599383 832546 770707 599774 643195 643194 832481 642488 643176 642845 598632 301171 642842 598587 140996 642473 642471 599493 599557 1118735 599551 299353 832823 544907 599150 140442 300043 642251 597965 599753 1118678 545042 598922 643832 598881 176159 740420 642977
299690 183864 1065712 1118671 769446 642262 1113546
599624 598456 642847 301172 641785 598956 950636 643531 544908 832272 643848 642695 642791 299787 300277 642877 1118705 597992 299775 642840
545100 598398 545267 641946 770707 643221 545159 304103 544907 598788 598414
598587 1118735 642108 300836 1118678 641882 301099 176159 892868 644054 599637 643908 890415 643651 642977
599628 643430 643222 1118735 643195 844404 643651 598027
2165 522378 599044 599216 17459 599036 642973 1128009 599004
597923 776156 892868 1196193 642447 544972 598961
643849 1118620 598462 938902 971271 598632 486 1137947 304103 492 643505
643848 328617 643548 299775 643379
599056 599652 95488 642922 832546 740420 165 643698 300381
545042 545150 599551 599225 599750 599124 492
545043 545408 303976 751990 303971 545471 605422 545439 598142
301172 599866 599215 598462 300121 1118651 301171 301176
1118350 545267 641877 303901 299549 304100 598934 176157 641889 599036 183366 832272 832654 832301 598660 176169 545157 643615 183495 598947 545159 183790 300049 545432
95488 1118511 300221 545009 300024 545007 642922 618062 598935 165 599652 642809 643698
299397 641877 1118678 522580 42 544902 597921 598705 140523 598947 140587 300049 521198
299394 598628 598935 545009 598936 545007 599455 165 1129141
300381 301017 300043 599216 740420 642482 299869 643698
599296 642653 642500 299936 299423 599031 642819
522927 2499 42 832654 599999 641877 675802 642099 2177 521198
643531 1118706 642017 597992 599712 599150 832546 492
492 545477 599721 598956 621421 544905 600011 643651 642845 545492 644056 299580 832654 832301 599718 599899 545267 642108 545186 545185 545432 304062 304103 833140 183567 544801 599136 832272 301588 642877 544834 832481 599866 299354 599090 301443 544903 544904 300804 176454 545157 545159 544754 599999
598872 642112 643542 643543 643832 598700 643194 643271 95404
521246 300803 643615 832546 183368 304103 642097 598414 2500
832654 641877 1118314 299936 598790 642099 1118172 598660 2499 544878 832706 832546 1118678 176157 545493 643221 832301 176305 599711 644024 545267 599435 304105 833140 892868 675802 183368 183366 642918 832272 1118137 303901 971271 176169 303889 300354 599866 184139 598934 545160 183872 599914 545157 545158 545159 599999 1137947
303901 1118137 1137947 1059558 971271 299549
643440 153 643686 1118320 300328 643687 740420 544874 545346 304086
642112 643271 832546 642479 120 598700 1118707 643543 598881 23682 643194 642982
300848 176589 642109 1118735 599753 642447 486 599557
642115 1118706 642017 599215 599712 599711 1118651
597921 145065 597937 545155 597933 597965 544809 599034 2176 145090 2154 522580 641849
303972 545409 621652 545479 545370 545372 599647
183936 545159 832301 183049 183391
303971 544754 2259 544803 545230 545439
303976 623204 2259 26427 832481
832301 832546 1118252 176155 643300 486 545160 545155 140587
643908 545303 545305 598261 599036 644054 643300 642038 621652 1118136 1118706 599711 1112422 890415 521198
938902 597933 832546 176293 545478 304103 545470 304105 598261 183567 2154 599034 183368 598414 300803 599877 643207 641944 642694 300275 176169 183366 643056 642818 598462 599774 545472 183391 642760 300354
304103 1118314 545478 598414 304105 599877 641946 486 1118620
299936 598934 832272 599999 1118641 599435
299787 545280 299775 598686 950636 642840 642847 643379 300277 599383
300277 301013 642840 642847 299354 300047 641785 599693 642792 951783 176308
832481 26455 1118314 832546 642840 1118290 304062 299354 1118678 892868 950636 642539 832272 621652 1196193 1118520 26427 486 642877 26426 643190 770707 300037 598684 300047 642977
1118263 642488 643176 598380 832546 598300 301099 599721 176155 598956 832823 544972 642791 301588 598350 545155 599659 642445 598961
303986 888313 545267 545157 623204 545158 303889 304100 303884 1137947
599652 545009 300044 545007 642922 300024 643686 566599 599650 599999 740420 643698
599650 598935 598602 642922 844404 165 643698
599718 950880 544907 544801 971661 545230 888313 599719 545158 545405 623204 1137947 2259 544803
1065076 300044 599455 300024 643686 165
599712 598123 832546 1118651 598261 642760 1118706 599999 598686 25814
599711 598261 599999 1118677 643615 642099 300275 2500 598121 521198 599877
599659 544973 950880 643264 1118397 642845 599384 599383
545147 832186 1118522 675796 484695 2253
599124 597933 145090 2154 299951 1118706 521198
544896 1118520 621422 184139 1118314 598140
304086 300046 300162 300044 643687 545347 545346 643686
544897 545262 1118314 545180 184139 598140 598956 599136 759 1196193 599998
545262 545180 759 1196193 598140
545261 545267 597933 2154 950636 545496 544907 599873 544809 176169 545159 545157
545267 597933 304100 545160 598241 2154 545496 599035 183366 2177 1059416 598788 641944 176169 545158 545159 545157 770707 545478 544876 303889 544878
104522 3146 545477 751990 2259 621652 545496 176169 1059601 888313 623204 1137947 675796 971280 2253 751611
598121 299423 533946 176296 598416 301176 641882 301099 176159 1118735 598415 643001 642038 1118170 599385 597992 545155 486 544992
184150 833140 599090 182819 183560 1196191 1118314 1118252
545186 545301 328617 545307 950882 545185 544803 621652 759 545230 888313 832186 176455 770707 623204
545185 328617 545307 950880 950882 545280 971661 165 545230 888313 770707 623204 1137947 740420 971280
533946 545303 1118136 300902
598456 1118705 545529 623204 621652 598790 950636 642695 299775 544908 597992
304108 984188 599035 2176 641944 1137947
545432 642262 642482 300974 1118678 599216 643579 950880 598398 183479 939019 599999 770707 599774 95240 599617 643751
1059416 545159 598385 1118137
300275 598261 643615 1118677 42
300836 890415 1118735 770707 1118678 599825
545344 153 300221 545347 545346 598935 545009 300162 599455 643687 643686 1118320 300559 1065257 544874 618193 740420
545347 301017 300046 643686 1118320 643687 740420 544874 545346
545346 300046 300162 643687 643686 1118320 740420
300830 183872 183567 184025 1196193 183391 544973
304105 145065 597933 598261 522580 641944 300354
2154 597937 598385 522580 598241 1118137 544809 544902 599035 2177 2176 641849 599873 599877 544801 1059558 545230 176169 832186 545155 642503 751990 770707 545158 545478 545496 145243 544803 544976
522580 145065 145243 641944 2177
300024 300046 300162 300431 642922 643698
643999 301443 642840 299354 892868 598956 950636 759 301431 26427 1118705
183560 833140 770707 183049 1196191 1118314 1118252 598140
183567 1118678 183391 643505
1128009 641835 643056 176157 832706 642973 299348
1118397 598853 140996 545283 300319 598849 844404
544809 597933 544902 599035 183368 642503 598462 598790
597933 597937 598385 300354 598261 545160 598241 1118137 544902 545496 545493 299951 641849 599873 599877 832272 145090 544801 1059558 545230 176169 832186 544952 545155 642503 770707 545158 545478 544803 544876 303889 544878 303884 544976
751990 597937 3146 545471 598241 545494 487 545234 545230 971280 888313 642503 545159 770707 623204 675796 544803 544976
3146 545280 598241 642792 642791
599750 95404 140996 642216 545283 598881 643194
544801 545160 544907 544803 1059558 486 599719 545157 1118520 770707
544803 544907 1059558 545230 545155 599719 642503 545157 545158
183366 1118137 544878 183391
1129141 598936 299532 599455 1065257 642695 300431 618193 95240
599873 971661 623204 599034 545496 599435 145243 599035 176169
300559 598628 598936 566599 1118511 643687 300221
598398 840457 642482 183479 300974 641835 599216 950880 642099 598808 770707 599774 183495 299869 832872 599617 643751
599877 145065 598123 599999 832546 641889 598261 545048 643579 598788 770707 599774 1137947 832872 544973
832272 984188 545478 599435 1118678 642099 176274 183368 832670 1118641 1118172 642097 832546 770707
140523 643615
598797 545150 598922 153 599225 844342 832823 598355
95240 145065 300044 643698 165 1118344 1118671
599225 598380 642949 844342 599493 599551 832823 140442 642017 599387 545150 598922 598355
1118137 599435 304100 598934 545160 183368 545157 544976
1118130 642473 25814 643196 300319 856176 599150 140442
301588 598380 176155 598956 642977 598574 642445
642974 17459 599044 641945 598705 599004
971271 176454 642818 545478 176169 183368
599384 1064719 328617 545280 599557 642447 487 599383 176455 643548
599385 176296 1118170 598415 641882
599387 598355 642842 599493 599551 120 642949 844342 598922 832823 545007
642877 184025 1196193 950636 599825 1118641 544908 300047
300037 1118705 642840 641785 642847 950636 1118136 545479 26426 597992
176169 598241 545496 598684 1137947
599383 328617 950636 545280 599557 641889 642447 176455 598849 545290 176154
598628 301017 300046 300162 642922 642156 643687 1118320 598629 544874
598629 1118511 643687 740420 165 643698
888313 303966 545472 484695 544907 545234 545230 832186 545408 642503 544876 303884
643056 641945 599044 598462 643505
599719 545158 545405 2259 487 545471 751611 545230
599548 832186 770707 300044 42 1112422 740420 165 1118511 643698 521198
642503 623204 544907 545472 971280 544976
1118522 545477 544903 544904 544905 544907 176454 545528 599899 484695
1118521 544903 599256 599257 545492 599260
642500 643001 770707 832359 1196193 832541 598808
643196 1118707 599601 598881 643429 1118651 642216 643194
643195 643430 1118651 642845 598417
643194 643430 599601 642743 642982 1118707 643832 598881 23682
856176 1118707 642479 950636 599601 487
1118314 183049 598140 833140 621422 621421 544905 545493 644056 300804 643221 599699 599136 675785 544834 176454 599998
675796 545301 545307 545479 599647 598956 544907 545443 544992 545234 544952 1118705 545409 545405 600011 484695
598790 642695 644024 1137947 598660 299549 544976
643698 301017 844404 545007 844342 300221 300046 300162 642809 642922 642156 643686 618062 1065257 598935 599455 566599 300431 598936 598661 300044 598602
300354 598261 641877 599036 599035
643751 301017 300974 845115 599216 599774 599617
643429 643832 642471 643543 599601 642479 832546 1118651 642982
599257 949785 1118319 599256 950683 1118252 621421 544903 544904 545492 644056 675785 599699 599260 176454 545528 1118631 1118520
642488 1118735 643176 1118678 598574 832546
643176 643430 1118735 598853 598574 598300 642447
642482 599216 1118671 1118344 599617 183495 299868 299869 300974
598602 1118511 598935 545009 598936 844342 300221 642922
643270 643271 642289 643543 1118651 642216 598700 598666
643271 643542 643543 644011 25814 598700 642216
183049 833140 182819 770707 1196191 1118290 598140
176293 1118620 598462 1118705 598241
598300 642445 17459 1196193 1118641 544972 1118735 598961
176295 1118705 545405 950636 487
950683 545477 599090 544903 544904 545492 599136 544905 599699 644056 599260 176454 545528 599899
176296 545409 1118136 598415 545155
299354 599693 1196193 544908 486
545290 545529 643379 545443
299353 120 832546 844342 642845 598666 598417
545493 1118319 545479 1118252 1118631 544902 486 1118705 598261 770707 544878 605422
598934 597992 643615 984188 486 2500
598935 844342 300221 545009 599455 642922 1118320 1065257 618193
598936 832546 618193 300221 643687
545009 642922
642473 1118678 599866 1118735 17459 642017 832546 153
545160 145065 544902 599035 621652 544876
642471 832546 1118678 599601 642479 642743 300321 642982 642571 1118707 642017 642327 643832 1064949 25814
642809 300045 740420 618062 598661
599090 598350 1118631 1118319 1118520 770707 599998 1118252 675785 599699
642807 642479 832546 599601 25814 642982
299423 832546 598416 641882 1118677 599213 644054 1118136 1118706 153
545007 300221 844404 618062 120 165
642479 599438 599601 598574 643542 643543 844342 642982 25814
643579 598261 1118671 599617 641944 545048 145090 598788 618193 832872 303884
300121 598261 522378 642099 599426
598947 599866 544973 598660
832823 598666 598380 844342 642842 599493 599551 140442 120 832546 598922 598355
545311 545303 176455 544902 1137947 642447 950882 621652
145065 597965 545155 641849
299951 598261 598686 599034 599035 95404
1059601 544952 303966 545472 545470 751611 303880
642571 643832 599601 642017 832546 759
643307 301171 599557
1065257 599455 832546 566599 1118511
643300 545155 545159 1059558 184139
598261 950880 599999 301171 641889 545048 300049 1118677 544902 176274 1118678 599426 642097 643615 522378 598462 598686 642694 299348
1196191 832359 184139 832541 598027 598140 599216 643221 598701 599998 643505 598808
642251 598853 1118705 545405 598849 599031 487 597965
597965 642038 641849 1118136 300902 598355
598574 1118678 599721 176155 770707 832359 832541 832546 599825 642445 1118735
618193 153 642694 165
300431 1118706 300044 643686 165 618062 598661
544754 545408 545441 2259
1118707 599601 599150 140442 642982 599875 300319 176308 25814
301099 641882 599213 1118170 599825
769446 95963 300043 301150
598123 598417 845115 42 643264 598686 521198
642653 642819 598241 642017 642099
643831 1118678 892868 1196193 299549 598660
643832 642845 832546 642216 598666 1118706 598881 23682 643615 2500
176589 643430 599557 598849 832546
597992 642327 301013 641785 642840 642791 642847
1064949 642216 642743
300044 301017 832546 300046 642922 566599 740420
599999 599866 641877 832546 1118678 675802 599034 642097 643140 183872 643207 184025 599637 299576 599426 176305 643615 300049
599998 545180 599699 832546
643371 642017 1118678 598661 1118651 832546 642982 642760
599637 1118678 599866 1118735 599825
644024 299549
1112422 95963 832546
598808 183479 832359 184139 643001 182819 643710 770707
740420 832546 844342 300046 643687 183368 618062 599875 544874
643379 328617 621652 545405 545443 545479
599004 832706 642973 642099 299348 176157 641945
599557 176154 598853 599753 1118678 176455 598849 642447 545280
599438 545150 153 1118320 845115 844342
301017 1113546 1118671 1118511 300221
545303 545305 176159 644054 621652 300902 545155
301443 950636 26455 1118705 301431 623204 600011 26426
301013 176308 299775 642840 642847
598701 153 599721 621652 770707 832359 1196193 832541 598027 598961 642977
840457 1065712 770707 183479 939019 1118344
949785 544834 600011 545283 544905 599136 300804 176454
599551 598380 642842 642949 301171 599493 140442 120 598922 598355 844342 643651
598700 643543 598881 644011 23682 642216
641877 300049
832359 890415 776156 643221 1064681 770707 1196193 832541 599825
300974 832546 300043 845115 599216 599617 299869
299775 951783 642840 642847 642695 641785
545479 599647 950636 544907 621652 544992 545370 1118705 545409 1118520 605422
641835 183479 599617 599216 641882
599753 643430 598849 832546
1118290 176454 182819 641946 545159
300221 642922 599455
545472 641944 545478 1137947 599435 145243 623204 545470
545471 545439 544876 487 545230 2259 605422 751611 303880
545470 545157 545478 1137947
598417 643430 845115 642845 832546 598666
598416 599213 1118170 598415 641882
598415 641882 599213 545155
598414 598462 545478 300803 300049 643221 641946 770707 643505 598788
641882 17459 832541 1118678 176159 599213 642038 643615
845115 300043 599617 832546
599721 1118735 176155 598956 1118678 642977 832541 486
598660 770707 299549
832541 1118735 599825 1118678 892868 643001 776156 643222 1196193 1118170 890415 770707
544902 675802 621652 145090 2499 1137947
641889 545280 1118678 950880 770707 832546 544973
598661 1118651 300045 599455 618062 642760
621422 621652 599699 770707 621421 1118252
621421 1118520 770707 599136 545492 644056 1118252 598140
545439 545408 545441 544992 2259 605422
642099 17459 832546 599435 1118678 599215 642097 95963 643207 642289 599044 643548 299348
545301 545280 545307 484695
939019 599774 832872
832872 950880 183479 832546 599216 1118671 776156 486 1118344 770707
642097 2499 675802 301171
544905 1118252 544904 644056 599699 486 1118631 1118520 599899
598350 1118735 770707 832546
545180 621652 1118520 770707 598956 599136
299580 642327 1118706 1118705 599031
140792 599693 950636 642847
182819 183495
621652 545305 545477 599647 484695 544907 545370 545372 300902 770707 623204 776156 545409
1118520 545477 544903 544904 599136 599699 644056 176454 545528 599899
598705 522378 17459 641945 599036
140996 545283 643207 1118735 598849 301171
1059558 642918 545157 303889 545155
599774 598462 599216 1118671 1118344 1118620 770707 599617
1118170 642038 643001 301176
545234 971661 623204 484695 751611
598666 598380 832546 642845 1118735
599260 183872 1118631 599699 544903 599256 644056 675785 176454
300902 644054
545230 544907 971661 545158 623204 605422 751611
598355 545150 598922 599493 598380 642842 844342
2499 641944 599035
643710 598380 176305 1118735 120 140442
300321 1118706 300319 641944 521198
545408 971661 623204 605422 303880
545409 599647 545370 545372 484695 2253
300319 1118706 642017 1118735
545405 1118705
598462 832546 599216 892868 183368 300804 300803 643207 1118678 176274 642818 643615
183495 183479 1118678 1118671 770707 599617 299868
600011 26455 950636 1118705 26426 623204
544874 153 599875 1118320
183391 642109 950880 184025 486
2259 597937 599035 545441
544878 544876 1137947 303889 487 303884 544976
643651 890415 1118678 643222 776156 642977
544973 184025 642445 642447
642760 1118651 300045 42 1118706 1118620
2253 832186 544952 545529 545400 544907 545370 545372
544976 545157 544876 304100 971280
971661 642108 303966 304062 304100 545496 544907 832670 544952 545157 598788 303880
176155 599825 598632
176308 641785 950636 642327 1118705
950880 642109 832546 184025 544952
598961 598027 1118735 770707 1196193 1118641 642447 544972
950882 545305 545307
599435 641944 545478 1118641
183479 599216 770707 599617
642017 95404 644011 1118678 641785 176159 599601 140442 642289 23682
643687 642156 643686
642842 598922 599493 598380 120 844342
642840 642847 304062 641785 950636 301431 642791 642792 1118705 545529
183872 1118678 833140 599866 184025 599035
566599 1118511 165
23682 599601 598881 642792 642216 644011
844342 153 1118511 599493 545150 598922
642845 1118651
599825 642108 301176 643001 1196193 832546 176305 770707 1064681 642977
545400 487 304062
545478 145243 641849 641944 1118620 545157 1137947
304100 545496 545158 545159 545157 770707 623204
165 642922 642156
95404 599601 642216
545280 328617 545307 545494 1118705 642447
299576 599875 770707 301171
545283 1118735 643430 599699
643430 832546 1118735 643264
484695 303966 598956 950636 545370 1118705 623204
300162 832546 643686
176159 598853 1118706 1118678 599213
599216 770707 1065712 299869 599617
176157 522378 832706
1118671 642262 300043 183864 299869
599215 642262 1118678 643207 642694 1118706
1118677 642038
599213 642038
545305 545307 644054 545155
642922 1118511
598881 599601 642216
545494 1118705 328617 545443 545441
545496 598788 623204 544907 545157
2176 522378 599034 984188 1137947
2177 642918 598241 599035
1118651 832546 599150 642982 598849
545492 1118319 1118252 1118678 1118735 544903 644056 599699 675785 176454 545528 1118631 770707
644056 1118319 1118252 545477 544903 544904 675785 599699 545528 544834 770707 599899
644054 1064719 832546 642038 486
643001 1118678
751611 759 643548 623204 487 971280 303880
545477 304062 599699 486 1118631 770707
598853 844404 2500 643207 643264 545150 176455 643615 598849 642447 521198
643221 1118678 300804 300803 642818 770707 643505 598788
544876 623204 545158 544907 487 971280
643222 890415 1118735 770707 776156
301176 17459 1118705 301171 1118172
643207 1118678 301171
642695 544952 642694
642694 598632 301171 642918
184025
26427 643190 304062 544908
26426 300047 642539 598684
95963 1118706 42 521198
642038 1064719 832546 544992 486
642327 599601 642792 642847 641785
1118706 183368 832546 300045
1118705 304062 300047 642539 599693 301431 545370 643190
544972 1118735 892868 1118641 1118172 1196193 642447
642289 832546 1118678
176305 599866 1118641 599426
599044 17459
599899 1118631 599699 486 675785 1118252
545307 599647 176455
522378 300049 599036 176274 642973
598849 176455
598686 42 641944 599150 599034
299869 1118344 599617 299868
598684 643190 950636 642539 544908
643505 300803 642818
599601 832546 642216 642982 643542 25814
642447 1064719 598632 1118735 643264 1196193 176455 770707 176154
642445 770707 1196193
300804 1118678 770707 176454
544992 1118136
597937 598241 984188 599035
1064681 832670 770707 1118641
642262 183864 599617 1113546
642109 1196193 486
642108 759 770707 1196193 1118641
1118319 599256 599699 599136 176454 544834
17459 599036 643140 641945
951783 545529 641785 300047 642847
303966 759 623204 544907 486
984188 599035
145243 641849 303884
486 832546 833140 544903 183368 642918 176454 642818 545157
1118252 598140 833140 599699 544834
300803 770707 641946 832546 598788 1118620
599647 545370 545372
1118344
833140 832546 770707
598241 487 642819 971280
892868 299549 599256 544907 832670
675802 599035 641944
599036 299348
599034 545155 598385 599035
599035 770707 1137947
642216 832546 642743
642743
599031 643548 487 301171
544952 598385
599136 599699 675785
1118511 832546
176274 1118641
183368 1118620 1137947
545150
776156 598027 832546
1118172 832546 299549 545159
25814 643543 832546 153
120 599493 598922
759
641946 642818
641944 300049 545158 545159 770707 521198
641945 300047
545443 328617 545441
545441 643548 328617
832706 832546
598956 1118735 1118678 300047 26455 950636 301431 1118641 642977
599426 599866 1118641 153
545370 599693 950636 545372
642819 623204 1118641 971280
545372
183790 1118678 770707 1118641 599914 184139
641849 598385 145090 303884
545155 545159
544834 598140
832546 1118735 598027 642982 832670 1118320 1118136 1113546 153 599866 300049 599150 300043 1065712 1118620 643543 299532 521198
1113546 300045 618062
642156 299532 599455
545529 642847 641785 950636 599693
545528 1118631 599699 675785
1118631 544904 176454
643615 183864 301171 299348 770707 300049
643543 643542 644011
770707 598788 598027 545048 642918 304062 832670 599256 598140 300049 544903 544907 643140 599699 300047 184139 545158 545159
26455 300047
304062 950636 544907 623204
642982
140587
301150 300043 1065712
303889
303884 623204 545157 545048 545158 1137947
971280 303880
1118735 598027 301431
303880 643548 623204 487
642847 641785 642791
1064719 1118136 176154
153 599150 599875
328617
844404 642949
183864 599617
599866 1118678 300049
642949
643548 487
598380 598922
642918 545159
598385 145090 1137947
545048 145090
299549
599256 1118678 544903
598632
301171 1118678 1118320
599455 300046
599150 644011 1118320
598140 599699
598142 545157 1137947 605422
300043 599617
1065712
644011 643542 642792 642791
643190 950636 605422
300047 950636
300046 643686
300045 299532 618062
599493 598922
598027 1118678 1196193
599617
300049 1196193
599875 1118320 300328
42
301431 950636
832670 1196193 623204 1118641 1118678
300328
544903 675785 599699
544904 599699 675785
643686 1118320
544907 605422 545157 623204
544908 545157 642539 623204
618062
675785 599699
140442
2500
643140
599693 950636
642539 950636
599699
643264
1118320
642792 642791
642791
890415
299348
145090
1118678 599914
487
599914 1196193 1118641
184139
299868
641785
832186 623204 1137947
598922
176455
176454
1118620 642818
642818
643542
545157 545158 623204 1137947 598788
545158 1137947 598788
545159
299532
1118136
623204
642973
1118641
1137947 598788
1196193
598788
950636
605422
176154
521198
642977
