613058 418667 772814
643311 950485 771238 642237 775651
642223 598879 643878 598297 525639 775974 525642 599554 775996 1196191 599777 598637 1196194 183459 598696 832950 642788 599400 598699 599327 599299
642226 1118497 832415 833147 642243 738950 1118427 643838 770707 28939 599340 390 598439 642331
28995 1080026 775594 772960
28996 832935
950822 833011
389067 391232 951858
546832 484223 770738 546215 361308 949828 776808
546836 951453 950498 769452 484242 776805 546238
571069 832981
949868 621589
776843 832808
361628 772813 1128210 1075116
775781 832841
1299267 28599
262293 643854
598204 1118668 1118641 833138 1118559
262296 28707 546212 229828 387530 363365 832606 1078282 832575 28673
949587 613329 363161 1066712
599078 1118668 1118657 776166 183645
1127372 361797 361755 361359
1066450 1066670 1066194 1066546 613118 772814 772895 1066351
770294 28424 832849 29007 622188
740792 598897 643666 642195
597413 949717 28430
600785 771296 777050 546285
1014852 553000
613057 770161 28665
622730 378072 832490 950098
776661 833058
771891 832841
546237 623142 772996 773889 600866 546614 600845 772410 546176 600827 777054 770813 951835 832594 773112
546232 484149 387736 1067720 772812 773579 951441 949828 546541
546238 546443 546668 621107 546669 774988 951689 546415 546373 546054 546694 950612 623129 546427 772812 546693 600877 546014 546187 546670 546185
951713 594981
797264 797544
389664 268641 389663
889805 599974
613183 362779 832776 361284 773618 28985 774915 832421 832437
613182 773575 773577 777035 773616
613187 771201 1066712 613079 773957 771622
613186 613322 775652 773618 771244 772338 775432
599103 153 933631 1118489 740714 71 740420 774845 740422
362289 775612 770618
389467 949828 950534 376204 387736
389465 388881 391172
623197 622308 623196 621767 622087 622089
951890 623131
1005599 622845 623122 832993
1066702 833190 643756 951849
623095 949989 623093 950738
776062 833091
623099 950350 2614 622087
184065 182872 642500
951540 832284 418737
613232 361665 613361 1066177 613234 775432 773565 1066144
1082348 1066712
613226 361897
613234 361665 613048 418814 1066267 1066576 613225 1066750 1066141 832437 1066413 1066144
832789 833242 553015 772813 832542 362121 362566 29033 832791
28462 553045 1299317 740984 772813 376748 776804 832490
508500 622587
268012 598226
623142 546176
376880 643703 642963 643701 642201 643914
622949 545921 951452 950447 949716 949909 774130 951441
623144 771702
28999 807845
623148 600880 267870 483827 623148 621901 950447 599292 546539 598450 772512 642472
773122 641922 599654
622940 622113 622940 621767 622732 950943 934287 621153
744498 389188 387820 387821
774254 832841
951438 29007
1066638 1066576 1066349 1066292
545963 523666 361563 772812 600852 1066268
63026 642022 642242 641930
362929 773320 772812 832490 832650 376748
418766 599096 770257
774398 600829 546310
1079328 418554
951766 623194 623234 832594
418763 777038 832645 777035 613197 772814 775432
546042 1127483 268171 771510 642725 774 643063 1118548 493282 642500 770707 211630 599423 741308 211828 1118641 28820 890306 598402
546040 3224 772812 362843
1066141 361665 613228
599813 598073 643838 771109 770707 832359 774071 832541 599405
546049 546300 951796 546068 546054 546443 546694 772812 546731 773233 775864
1066144 1066266 1066177
626718 553000
951302 832850
185665 832719
771879 832415
773238 832841
773239 832841
389842 387789 390167
21296 1118658
890253 1066712
622995 622930 546273 622732 546671 622113
951380 390212 390211 390618
28412 949717 523665 950039 950751 950041
622167 950422 949585 833190 950416
622163 773889 951783 771399
390281 950117 951607 376204 951845 951441 949509
484088 78960 198143 1059050 546289 773811 1067720 267872 546539
791834 833063
643861 1118678 641805 643833 599862 467153 1118192 1118658
600854 773864 774253
643867 1118252 641996 770707 1196191
467152 643895
600851 769770 600896 773864 769452 546482 776321
21550 777157
418963 418783 418811 419243 774916 419621 28977 832239 418480
791838 643427
418965 832766 773674
418907 2595 769774 772574 772815 773320 771299
597337 643218 1118519 772520 771795
419561 770425 539130
1121255 622845
211552 546607 931586
28419 121 642342
390842 391234
598696 595739 833096 595898 599973 641876 599777 598637 832743
773833 595492
622548 771399
772526 642468 833063 623081
598699 769587 170029 525639 775974 770707 598480 183459 643878 117 1118219 599400 598297 599587
772520 613351 599170 418783 613202 613197 29019 832642 599242 418822 832417 28642 613105 832430 598309
210317 622606 622672 621645 621651
772522 362065 613286 362473 1066216 361284 613225 832421 28397
891672 1066278
769587 641915 832898 643833 599982 642726 641947 642012 643793 642919 598720 643289 642801 643503 643669 832359 832541 643896 642741 363193 598805
642318 642320
419214 419349
1118320 643084 832452 599200 643161
418587 418876 1062955 419079 418657 1062788
418584 571053 1299348
774963 419246
621774 950117 622073 621767 951441 621770 621818
363389 363390 1127906 1129648
892782 832599
363385 553090 17577 553115 773130 771597 230563
949660 832796
833078 642735 1078282
621496 210815 950520
939046 833096 643815 184063 642320 643988 643438 643787 183481 599200 642203 183954 183164 183039 599005 642952
599678 642148 599614 832845 642270
744848 390644 389562 387944 774020 390362 389491 390830
106623 773275
553017 363373 361218
388816 388266
553015
419361 2585 419123
419360 418970
390698 949914 951827 949906
768188 643084 643161
931699 950302 950463
419367 418896 418651 832719 832975
775663 546115
772742 832841
1129349 28965
1118189 621926
641813 209858 1118614 1196191 598271 1196193 642781 1118314 375954 1118252 598140 375453
209858 643139 643630 598104 643372 643780 643438 643481 643956 643279 643399 641996 598590
892251 832450 833063
769769 28555
769768 546375
774365 389759 833011 391216
1123256 484208 484151
771399 390185 546395 797650 1063000 546356 546472 595360 546541 832209 20751 832594
769762 833208
643989 1118668 600880 1067720 1118662 773811 770707 1118582 1118641 777037 770474
775744 832365
622617 622992 621143 621354 622701
744810 389558 388522
622610 622538 950283 622900 622610 622889 622445
160673 182872 184063
28552 771748 211740
622619 622710 622594 951883 949776 623017
28569 28609 28518 1299290 771698 28694
1118436 598755 642799 641947 642813
553127 362201 29025 361564 599139 600793
390265 388313 389492 389781
268032 951121 832594 770257
950160 833058
1064540 833096
268038 546272
269033 208759 951452 951551 776518 268920 951427 546693
269039 546054
419186 22311 1078062 775594 418948
546555 28732 772225
598071 1118427 770707 1118212
598073 598847 599933 377314 598482 770707 769666 599742 832359 833137 599640 598572 598406 1196190 598689
775553 832204
950348 622034
388072 772812 774020 951441 268621
388073 622854
643780 599609 1118668 643641 770707 1196193 598590 1118314 599143 598808 375954 1118252 599395 776166
643781 183827
643787 1118219 641929 643854 183954 642950 599587
950341 832841
950612 621107 622013 546427 832575 622641
949716
949717 832200 833230 28964 597522 361526 833006 597600 597096 740855 28716 741506 643489 832365 832435 597109 598927 613269 597511 613247 28346 832834 597102 419551
1118507 641805 599614
1118506 599292 840529
28696 775432 771543
28697 28580 1299307
28694 28483
949711 833008
774290 598574 643609 613361 613107 642488 613270 1066752 613230 832482 418866 613031
28698 775432 28572 770161
160710 832359 832541
375857 598280
28362 28608 418578 642243 28710
28360 738877
29021 531034 772812 531042
28366 644057 598805 599808
950297 832841
595064 950697
950298 832841 595939
183083 598493 1519734 739430 1118219 770707 377261 182872 641929 892661 598035 160569 160774 832599 377274 598482 119 599587 598403
886889 642195 642831 599974
11162 28259
29027 600880 642725 17459 1067720 643275 362125 599825 28675 642451
774562 832808
774560 28732
774566 832953 613205 613361 833085 832437
643670 1118611 643609 1118641 771510 1118236
375453 643799 598218 643630 598048 599697 622686 642119 643438 832359 599511 643372 599423 643279 643399 598588 642019 641996 642451 598140 598590
777038 418383 613390 419157 418822 418864 832421 613066 546245 361897 613332 642434 613044 642741 832776 363117 28397 613049 418814 613289 361284 613225 600809 1066349 362864 418957 613286 613229 613269 613048
777039 184092 419246 418671
1123677 546370
771510 642242 595681 28931 642786 641876 643277 643357 641930 598897 643593 613158 832541 832359 599097 643958 643683 642725 613270 1066752 642668 642625 642622 643575 613107 613303 643051 17736 599386 642148 598927 642936 642425 832979 642500 599201 643549 183164
777035 832284 419349
777037 28715 229828 29025 546216 362872 600847 643988 832283 361564 363373 363316 832766 600809 599393 833242 599391 388880 361608 833223 484247
642781 598104 1118314 1118614 26446 770707 1196191 1118248 1118520 621422 1118157 1118252 1058539 494437
642780 739060 1118345 738950
949909 484223 484149 744977 643708 387836 362537 182850 546482 361218 546541 546120
642786 184044 1118678 1118192 643914
642788 833096 1118678 1118563 598297 525639 599312 599973 1118662 775974 769452 598879 599327 599400 643878 643750
950903 361526
949906 623151 621634
949905 832695
1075460 641922 599664 643991
418461 832645 832415 390
108226 108053
1118614 643481 643630 598104 599707 642019 643438 598280 621422 642508 643399 641996 598140 598590
642417 775920
1118616 643609 598927 642270 642936 642425 28931 642242 641930 641988
28969 29033 29012 1128016 1128879
229885 418579
267870 621901 642472
832808 771669 832417 770382 832284 771100 774903 774707 772938 773227
28962 773359
28963 770813
28964 832935
28965 361564
28967 1067720 22231
770336 28469 363255
387574 890756
776983 388134 106780
642237 773926 643794 599808 1118656 599274 1118219 1118252 599821 776166 643433 938912 644057 643666 183039 951394 807836 890962 182872 1118156 1196191 643308 1118582 938960 776016 951014 643201 598987 375772 1118177 1118668 1118566 775048 642524 772104 598276 1118667 1128176 741551 598805 1118314 770473 599581 770474
776452 642468
950835 623019 622573
28987 777257 1118329 21997 28573 642763 770707 832359 22324 1118248 1129303 22928 1118252 22823 1118658 599787
949874 545918 545916 546636 546349 621119 622312
28982 950621 775594
949872 545918 621119 546636 545916 622926 418682
28383 771526 775193 28663 832639 28642 28613
1077826 28472 28959 28647
622561 622586 949973 622715
28988 28354 418819 419326 1080387 1082303 28922 29032
949878 210214 930793 622729 623077 210212
598218 1118668 772104 1553714 600898 1196191 643308 642812 1550089 598987 833138
62969 641876
493004 642875
598211 642432
361632 362291
1299217 28599
776527 597512 833231 643427 833063
642304 642148 641876 643369 642270 643903
378072 622731
832333 832335
832335 832869 832204 832904
832336 776384 17447
771883 832850 832993
832338 840657 840591 840587 28577 775676 642201 833125 642574 28949
771881 832417
771887 545916 600896
622037 772604 741061 622187
546223 949593 545914 621119 600836 769533 17701 600812 600877
390 832366 599274 613170 418867 832981 833147 419505 832961 833063 642801 418567 832417 740852 418783 613289 1066712 832419 28537 613027 832421 597283 613247 596898 28267 613320 418552
777215 832421 362023 599614
546229 770169 774915 1067720 950463 775552 774916 553024 17512 613197 28597
389663 389491
377364 184092 643991 644061
1299327 28687
361524 950249
361527 1129271
361526 950888 950889 740855 643218 613132 1118656 951362 539130 1118519 597522 950389 613359 950041 770425 773957 596941 950039 951172 2585 773930 771201 596865 596962 770831 776238 951354 775490 597109 775308 597511 597267 773351 774207 950743 770474
480961 546382 546022
598500 376027 1118219 598297 182872 769666 28448 770707 770254 642990 376395
1066444 775432 773275 1066522
741308
776292 832757
776291 28435 832757
623089 621107
623087 622756 418472 622964 361374 951083 832490
951556 546443 545918 545916 546636 546349 600837 623116 622926 621119 622312
951551 546115 623191
832841 776757 950440 951040 771692 773397 775995 769860 774013 771699 770823 776380 951237 773145 949724 949821 774932 775334 771481 772773 775844 775317 771841 775393 775882 774992 770131 770132 772917 770549 950753 774411 772149 770199 770126 950320 771703 771545 776011 776013 774071 772321 776081 769443 775325 950999 833122 772034 772222 772223 772220 772221 950644 950645 772808 772533 773986 773387
951881 106835
622038 621588 832197 623135
776275 832599 599933 599742
776277 418897
740873 599005 643899
832795 833208
832792 770440 419338 776318 28255 775539 28577 769707 833006 28653 776809 774707 832482 772938 773227 776931
832791
643189 153 598482 770707 1196191 375954 938945
622978 622073 1093910
622979 622833
613082 775432 613346
744484 642098
623155 951032 950943 621767
832845 833170 599618 770457 125 1118580 755788 598560 598764 1062788 832427 598898
622598 623019 832935 951244 950852 951468
623159 623029 621767
28255 28384 28386 28375 28338
622974 771160 950952 951460
622587 2595 950222 621924 622900 772815 771294 771266 546671 773602
622976 211304 950518
546310 546443 950498 769452 546694 950806
951423 832284
951422 613771
951425 599574
82529 418774 418460
951427
546483 546731 598558 771599 771400
28258 832639
599756 599734 1118563 598049 775974 598879 598637 599327
418808 418807 418394 419246 832981
418774 769900 418811
774906 832639
387910 772516
418770 832239 832935
599809 642990 833137
599808 1118566 599684 833138 832541 833063 644057 832599 599274 184063 770473 643666 599326 770474
832249 832834 832435
1066159 1066546
623093 622369 951668 949989 621775 777052 950301 621997 951130 623077
211304 621105 833190 623146 772995 545914 390188 546344 621143 546431 622233 546637 832209 622701 622304
211307 622089 621767
621771 951669 623168 621549 621591
546038 484159 387736 774017 268621 772812 949828 774425
391033 775227 777157 390399
391035 777157 770707
832209 949589 545914 546614 546758 28414 108122 950301 600834 777054 773437 771597 951835 771162
832246 389628 599654 28703 595940 797193 770159 546373 391262 770167 770166 390422 1063000 748159 390141 28691 771599 183312 387772 388535 832434
597522 833006 28346
621648 621652 770707
1129648 642879 363186
388879 388402 389825 951292 388880
772609 595681 595276
387264 949828 387736
772604
3691 546443 972145 418635 361646 389492 594714 28407 1063000 28629 546176 622622 600853 832594 546014 600798
20477 108122 797301 797643 20344 20475 797345 20664
389853 389852 832587
389852 774533 951567
21932 832757
21933 599654 600769
389855 951441 951845 949509 951844
951393 832284 390832
484274 773575 576994 576990
745511 642940
773227
951394 598395 596962 832743
951172 613034
772996 546176 388070 832594
951177 832587
418970 776156 418578
622112 621769 950222 621924 759 950690 268563 623059 951324 623077
622113 623055 949776 621153
362642 643503 770707 598297
892661 833096 182904 183459 182872 833063 184036 833137 832541 832599
892660 183039 184142
892663 832599 833096 833137 833063 832541
892662 832599 833096 833137 833063 832541
376543 642732
775770 833062 832849
951376 642936 643051 642022 599097 641930
600826 770799 772848
600827 769533 545914 546614 2599 772343 546176
600825 598297 770707 1067720 362125 599825 599005 28672
643896 890415 776156 770707 546262 599627
546785 775827 775475 546789 771259
622280 951576
643895 1118678 770707 599862 1118192 775432 1118650
546781 949828
643890 642547 598297 892868 770707 770254 1075316 643503 1129303 775940 644095
419513 419163 769798 419076 419621 419506
210897 621549
419514 419163 419415
1129012 362686
546146 622834 772812
546142 950185 622560 949828 772812 387736
773355 833091
773822 833170
418579 832645 418394 418682
587911 546201
773351 28609 28518
390856 773579 770159 774130 770338 772516
790194 644016
772511 642170 643988 642472
772512 546407 546595 546549 362843
773359 832757
418576 419163 774348
772516
622573 622309 951662
622755 777052 771441 621997
390185 773532 772426 390188
1128996 643052 361863
419220 419233 832975
419222 28354 419621
419225 419415 419383 1080387 419165
390188 777207 950248
622596 832850 832993
622594 621243 949776 951883 622710 212053 623017
622595 621803 622306 623131
774916 361863 613297 1066216 613390 1066374 832421 1066295 28469 362872 362201 613351 643991 613332 28407 361564 28350 362473 28481 484302 28488 29025 363117 28397 832776 613289 613225 600809 362864 361794 28578 832850 362311 833242 644061 643694 600793 546541 600847
539130 832365 642270 419551
539132 832435
390673 950302 950463
20462 107162 772238 776038
594981 832262 773922 950463 832455 775636 771398
892797 832450
390676 890756
769973 832197 643856 598897 598315 594753 622777
769971 1066657 613281 613322 613332 613201 1066712 28642
769974 832197
772773
939075 643988
599664 643991 1118678 598480 1065760 467210 642170 1118735 599658 600819 1118641 598804 643583 599825 1118192 773811 642451 598229
211839 622906
597989 182736 182850 361218
1129820 643221 832359
775379 613279
776101 387811 390394 390416 388695 388878 391012
1129352 184092 642879 643988
484302 1067720 773811 600809
419026 419581 418811 833012
185499 418667
774358 833137 832359
363117 613197 772814 774915
793852 832541
775193 1066262 28535 28634 833085
641805 833170 1118667 1118192 1118659
387799 949828 387736
387781 388478
28511 28447
622621 623285 623016
28513 775432
28512 774280
840529 769474 833137 772104 833155
28517 28675 594628 770707 598297
769482 832587 833011
28518 28483 28713 28572 28550 28502 28510 28590
769480 840257
160668 642990 600819 833137 642329
20067 108244
950117 623061 390646 622073 621767 623010 832490 389239
774827 833058
208716 546737
774821 832415
1068013 553000
1128176
1128172 599120 598309 642270
546760 546759
1063098 595560 595241 1062973
387791 951441
775515 833238
622947 950416 950601
769800 418819 418783
775516 546694 600829 546693 600877
643799 642451 1118210 491 492
598048 642508 833138 770707 1196191 832359 643613 643481 598808 211714 643909 1065422 642565 641996 642950 599587
598049 28656 643609 599239 641928 599554 775996 641876 599777 598637 599745 598640 643878 599327 28441 643381
23049 108244
775995
950621
643793 1118678 770707 599605 599599 777257 1118192 599825 643369 598402
775996 599239 599312 643609 598130 28706 599734 641928 641876 643703 28661 599684 599823 599742 832599 833096 600861 599327 599405 643381
598041 833170 790379 525635 642500 599341 599825 63004 598810
771698 623303
771699
1118512 833170 642270 643277 599614 832541 183696 643575 643958
1118599 595243
108101 17702
621223 623129 773864
599274 774741 891741 1118636 642821 599599 774081 643666 832415 1118582 642879 776016 642045 833138 1118177 1118529 769646 833063 642639 770474
182904 643703 183462 938289 182872 938268 160519 938192 643369 1118219
1118519 643609 642270 599120 28959 643903
387819 745409 376204 951441
595174 595788 1063000 28588 771599 777157 389187
599478 643991 642472 641876 770707 642990 642098 740942 642451
744977 362076 390139 388697 388699 361213
28424 833062 832849 774411 769865
28427 770707
28354 418482
28420 833122 776387 1198609
28350 832733
951736 622188 832849 599989
775204 833091
888940 643956
643669 599779 643703 525617 599862 597896 642524 598297 525638 770707 769666 832359 740420 643909 598701 832541 183696 525624 643903
643666 950255 773922 790034 1118656 791638 60387 1118274 1118636 950162 833063 938912 890438 644057 1118177 890962 599364 1118582 775920 938960 775923 951014 832455 599261 599005 642524 1118566 1118529 1118702 790803 1118667 769646 598805 642777 643201 770473 599581 642639 770474 790193
950751 832834 833011
1118198 832541
950753 832796 598525
361288 643609 613205 642270 613107 643958
643084 599049 643160 643161
950245 546668
950931 622309 832695
771526 28634 833085 1066262 832953 28535 832437
1123668 600834
361284 613048 771539 613289 613390 613042 613335 773618 772814 771203 773565
950248 389089 546770
950249 546443 418949
483822 1066670
1060380 545920
770382
28502 28713 28572 28483 28510 28590
642428 832541 770707 832359 598297 771295
600853 770799 832766 770813 951835 772410
107162 775617
642936 211116 1127484 642425 17459 211999 951588 211828 832430 491 492
642425 833170 17459 790558 642427 832214 642668 1118192 375878 598480 598406 642500 170029
642934 17459 71 62902
642427 525659 598480 170029 1196193 598572 598406
792525 598808
832879 832450 643226 598701
774130 484257 484224 388151 621762 832733 545882 622964 832638 545986 832766 546541 622818
771452 622900 622445
774133 832415 832417 832961
771296 268621 833238 28344 28432 832733 375465 622553 588147 832766 622266 484328 419400 833242 28603 28732 390090 28597 1059472
28733 832952
594753
594754 1118634 1118746 951875
599587 598280 183459 182860 642508 832359 642963 598564 183827 598140 643914 643063 28355 642098 1196191 184150 643221 182872 641929 183936 598847 598808 833155 643909 598987 375954 642950 598403 642342 598482 770707 642329 643613 643503 642565 599005 641996 29026 600773
832874 832417 950052 950920 951571 613078 771201 950874 418481 832743
170041 832594
546815 376748 740984 772813 772812 951441 772809
777116 595241 595681 1062973
776460 28642
622731 951568 17503
951768 623195 623194 622905 418819 418554
1078276 387944 388402 770159 950463 950302 771608 745409
598226 1118668 599310 598297 642119 769674 28935 1118678 773575 599005 598229
949801 930118 933347 622502
949806 595681
950806 622013 546694 546668 546693 546670
391216 388286 387338
22390 28985 600769
28578 773618 1299189 28985
361608 484223 362843 17347 1067720 951010 776228 361374 546482 774915 600880
598229 770707 1118641
361359 833242
950888 597277 832365 28577 642270
832836 832834 832435
28509 832766 773394
770447 833219 833091
599058 595384
28953 770439 832747 833149
622632 772426
418814 774417 832776 775432 546539 832421 773565 772521 552984
28647
776518 484257 546469 832833 832463 832831 546737 832754
28643 28481
777020 546667 183312
642331 1118497 1118427 2585 642243 642801 642991 738857 1074469
1118353 642022
362023
599298 28939
599299 832599
776884 594720 598396 832455 389427 361911
807836 642644
832309 833190 775267 774178 775676 773577 950174 949822
832656 771244 772814
642119 1118668 1118219 1118657 599729 776166
950573 840257
390242 777157 773664
1066541 1066129
418811 419602
890494 1066712
777206 595428
28676 771201 28356
388572 950302
183696 1118222 160519 182872 160773 1118192 938769 160572 1118219
494437 641996 643279 598104 598590
598539 643445 642508 1118219 598297 1118578 1118580 419418 642990 1118271
890306 182921 832541
1127720 598315
599120 643218 774408 485 598309 376157
642205 182988
642753 643991 773811 1067720 1118641 1128249 772814
642750 832599 643187 770457 642801
642203 1118668 1118219 641929 643613 641996
1066438 1066576
951568
1066761 1066179
17639 600880
1066342 362864 418957
776081 930857
622966 622968
622964 545921 623191 951222 546759 623146 622990 622818
598450
599729
376157 642270
744344 643639
623168 268748 623166 622606 268978 951783
623169 623170
613097 771109 950133 771244 771608 771201 773616
623166 623323 268748 929561 622345 622606 621630 950690 951330 546723 622890
623167 773784 622087
81198 81471
951415 833196
951416 832950 362517
951417 832950
832490 951487 622695 622694 832283 613351 951844 772812 774020 376748 229828 832650 949509 951592 832979 951084 951083 951441 832606 951607 622497 28673
362121
622369 623061 621769 623077 546371 621766 621767 623029 622560 622305
1066163 1066546 1066712 1066609
951796 644061
806948 28959
622367 622088 622089 833196 621767
622366 210212 949879
418744 832525 419383 832239
418747 1067720 771297
621852 773808
546022 777050 268930 268621
598987 833138 642201 643201 1065068 182872 950162 28355 183490 599407 1196191 643308 642812 182988 642777 598035 183039 184036 598403
211740 950309 419439
28720 418426 418930 738877
419551 775594 776630
546471 546469 772812
773210 832450
523666 546589 361563 1066268 600852 546118 546534 361316 613118
772612 613112 1066546 1066260 613344 832437
523665
772340 361226 28603
772343 600866 546614 600845 546176 832594
890475 1066712
389537 389491 376204 951424 951441 951006 951002
484242 418667 418651 769674 418466
744585 599338
484244 388151 484151 484098
484247 3446 770167
362076 387461 388697 390139 361213 546518
387872 775227
376748 389982 387736 229828 833242 546215 546640 361374 546789 361368 832606 622497 389169 28396
418908 598882 598098
600831 1067720
376204 388265 388266 388522 745409
600834 771162
600837 3349 776321
600836
600839 613080 613290 773811 600885 775776
20655 777157
21258 20135
546795 553024
198143
621926 951494 1118314 1118520 1196191 599511 599423 623021
621924 623077 622249 621767 623029 622993 623059
419506 419554 418404 419246
28577 613078 28422 776238
595913 594838 1121280
775844
1299189 28642
546331 622305 546328
773363 833011
950320
390866 832587
622560 623077 621652 621901 621767 622586 546115 621629
770070 613289 28957 832417
390644 387800 390357 389832 388404 387619 388858
622034 950362 622777 950789
622741 622900 772139 622899 771294
418635 776428
622744 622930
596865 772845
739656 1066687
774903
622586 622588 621767
833057 832455 833010
546482 484223 362053 776808 773600 600877 546694 546215 571063 361308 832766 546693 776804
553032 195189 546201 418651 363373 418667 418665 832575
773233 546097 361762 546216 388145 546789
388878 389424
833058 776143 773711 773031 832920 832766 770274 771381 775831 775482 776019 775389
622588 951525 621767 623077 622672
20475 20664
769961 833217
643481 642508 641996 1118248 951154 930817 643399 1118290 1118314 949725 1118252 598140
599618 1062788
949848 621569
599612 153 1060052 1118240 1060289 741597 832452 740420 211809 598750
3224 621762 832831 832833 832463 622846 832754
1128508 832437
597998 771599
362676 643052
419439 950314 2585 775432 775436
419343 419089 419621 418737 832239 598155 419344
419437 770820
623246 951576 1015563 950174
26454 599574 642393
419344 419076 419089
621105 621103 950301 622848 773437 771162
641878 642003
621107 546443 622013 546427 832575
621103 622848 773437
641876 643187 62912 62936 643357 832642 643489 642243 1118650 63033 63004 1118497 643609 641880 1118735 62962 62960 642622 62967 790179 643369 599597 1118611 776156 375916 641929 938268 598640 598701 772845 832430 772894 599405 643052 599734 770457 613202 770707 643549 642329 644028 183164 643391
769707
361564 483833 1067720 771297 774915 832482
769499 546443
643489 643052 613202 643838 832642 28685 375954 643391 643903
770820 28576
28501 28687
1118290 183913 599697 599707 599511 643591 623021
622639 740897 771244 622899 546109 772521 622494
599262 642963 117
28508 1299361
160695 183039 184063 183481
160693 184150 833137
622631 613107
160691 832898 183936 833137 832359
546572 950507 934241
771669
388276 951567
546578 375465
771664 832950
621588 950178 949914 971846 950176
621589 622187
596008 833063 950046 212341 772111
1128167 600885 600894 600809 600793
419233
546770 546472 772151 770737
388478 951592
419230 599996 951218 769531 598098 770257 418578 595490
388476 776038 772238 390470
1066349 613225 773565 832776
621587 776721
1123473 546737
28348 600902 770799 777054 833131
1060265 598897 598315 643856 642195 598319
597318 950875 949630 951014 770474 949545
160606 833137
797234 777157 642763 775673 1118329
797643 1118329 108122 777157 642763 20664
1075207 599883
184044 1118668 643609 1118219 182872 770707 599863 160669 643914
599261
949614 833011
28991 833131
183552 643139 1118219 182872 770707 28448 1118314 641996 119 598403
183551 182872 1118219
28436 832284 770425
28341 28267 28397
28435 1299233
28344 770174 774988
791836 833063
28346 770425
28347 840156
643658 599862 643765
770624 1066712
775232 832757
950748 1066712
774343 643991 642813
183392 182872
771201 613170 613351 28356 362685 1066657 832415 613060 832417 613289 1066712 613386 597029 597283 613263 598842 597124 613201 363161 741551 28957 418559
951362
771203 613112 642432 832421 642741 613038 613307 1066546 546674 845188 832437
950740 833196
771204 832437
600852 361563 1067720 772812 772814 771294 772521 613118
950255 622080 833196 623131
950920
622080 951689 60387
771539 613080 613017 418383 613049 361897 613390 613345 613042 832437 1066576 613225 418474 832776 832421 832953 613216 641990
771538 832421 832979 832776
774017 546300 389982 387736 545914 268621 546212 623232 361374 621786
28432 770174 775612 28603
774013
28433 775432
775837 613282 613351 613048 613332 840257 28642 613216 418850 832776 832421 1066657 832437
599463 642432 641947 832359 832541
775831
1060391 546089
595664 949996 951513 949813 951514
376497 971740 621764
1059832 642270
775230 832950
1118678 642488 599847 599627 832541 598755 643609 599982 641882 641880 598027 642434 642625 598496 643221 643201 598574 598230 599914 643903 642919 643833 598842 643583 643503 643391 644069
212341 642831
643433 598395 1118219 643854
642432 598483 525638 770707 773618 599338 642741 770809 375878 1118192 1118414 598581
643438 597979 776156 641996 598297 643583 951783 598271 1196191 599682 71 1118314 1118159 1118252
642923 62935 598230 938775 63029
642434 613322 775652 17704 775432 775433 774312
770138 642732
771441
775233 832738
950631 621768 622888 621773 621765 622889
595619 949813
28722 951222
28723 781
770132
951000 623010
28727 418704 1198609
599597 598637 28632 938922 832743
599596 595490 595263 595384 28413
950425 210703
1198609 832282
950743
949813 595241 1062973 595243
598230 62935 63029 21441 117
740587 1066712
1299233
740585 1066712
228866 599789 21371
599040 642763 184139 20201 1118329 598061
160519 833155 182872 183936 183421 183645 833137 184139 183999
1118702 833096
642320 643233 643235 938375 599790 467162 643779 938270 598572 642451 599156
165743 950714
599049 598525 643161
642329 599742 598297 770707 840156 28448 599825
777052 833190 623279 388851 621997 832442
28657 1081799 832284 1078199 28587
777050 741569
643503 1118735 1118219 1118658 545920 939057 467175 493282 892868 26453 642451 598297 770254 525645 26425 1196193 598402 938475 643833 26448 1118548 467162 467163 643613 643063 1129303
28652 775617
28653 832284
777054 546726 388851
599282 595490
546637 833034 950301 773664 951222
950032 641977
599288 62962 1127483 643609 1118695 63004
28659 777257 28573 770707 121 644095 28530
643139 642508 770707 1196191 931443 643221 1118314 375954 641996 598140 598403
1299281 28544
832645 419137 833238 771294 832421 771100 362990 772139 772521 770799 773616 832417 770370 773390 28470 546589 613346 832959 771244 363019 840311
775317
613390 771100 361665 418782 613289 613042 771244 772814 774915 772338 1066413
832642 599170 643694 832430 773616
776231 832950
613158 17459 1118695 613279
361688 483832 832979 772258 613319
182736 1118668 1118219 182872 119 643613 228654 599407
613152 832530 622646
28430 770425 951047 597124 832628 596941 949510 28336 597096 597317 950876
539319 1066712
738878 642799
362259 2595 642530 772815 362106
950429 622304
1299307
890312 183484 832359
598525 773930 790793 153
738877
738876 599096
389188
642210 153
642741 1118414 770707 770254 642800 845188 770809 642799 832639
622932 623195 623151 621769
599139 1118668 1118657 773811 598808
740457 643856
1082151 28959 28939
389187 950912 951441 776028 1081919 642940
376929 642565 642963 643914
740855 770425 833006
740852 775323 775319 769891 832415 951840 1066712 950054 418552
771996 623135 623299
741506
622912 621153 621818 622692
598420 598464 833137
622911 621651 621645
773112 832594
183954 182872 1118219
598429 1118497 1118668 598428 770457 599121
418567 832415
546371 949989 546435 622306 623077
772521 546300 28624 613107 832284 832602 613346 546464 28464
546373 484257 546443 546054 773664 595940 770167 546375 546427 773356 1067720 546415 3284
623170 832743
546375 484257 483824 770668 769727 546415
419375 845063 418482
623055 621525
546300 1006864 774417 773579 951292 388881
832482 613080 832262 2585 613361 772564 613107 1118695 775394 613270 833125 832606 832935 643910 832757 832743
151 832450 833063 833155
790379 644012 644015 832359 643275 599423 643593 832541 599825
599863
623196 622308 622641 951330
623191 951005 951452 546636
154 597870 598897 642732
210927 949776
387641 951609 950534
387642 951441
1066179 613017
1128016
1066374 772573 1066687 1067720 600885 772814 774915 832421 774924
832463 832421 832833 832776
832833 833190 773671 770170 832831 951083 773577 950174 771056 832754
546014 950498
1118329 598855 183459 599789 832362 595675 21536 643639 599847 108122 20493 108244 644014 106669 107178 20798
17514 600793
484257 387736 949828
613377 28985
791884 1066712
598025 833096 643369
613370 832709 832530 622249 613273 621767 622089 623116 832719
377522 642270
771845 1066712
771844 1066712
523671 832979 599883 419022 363429 361311 613318 28673
771841
951576 971740 621446 621759 971538 623057 621764 833190
951571
107274 777157
776731 361655 418897
362065 361897 600894 362106 600847 600793 1509565
773978 833091
833190 772995 599654 949857 772813 951083 622968 771593
833196 623194 950372 613135 621767 930118 832378 950943 60387 950785 771706 622309 771703 623122 597001 622188 833242 951500 623016
390471 770 890756
390470 390499 387893 777157 776038 390480
642530 505
951158 833217
1127710 642270
599919 1118668
600809 361863 774417 832776 774915 1128804 363373 771297 546539 776806 362864 230862
362885 363035 774858 772895 772814
599915 599914
600805 362370
951354
22823
20664 108122 21536 107615
772572 484208
772573 832602 546682
890123 1066712
419539 950855
772574 419544 613205 484328
938960
598882 1062788
890697 833170
597619 28447
362404 361797
950463 832434
745409 774020 387736 390362 772812 951441 388695 951592 391012
597870 832450 741597 2032 740420 740422 210840
949656 832284
627523 600863
390656 951222
387736 387737 740984 387836 361218 484159 389638 545986 387639 776804 623240 832606 391246 390620 389982 546212
387737 775469 949828
622008 951689 950644 623299
22457 832757
790793
553024 483820 546694 361226 546427 832766 546693 362685 28597 361213
774932
599609 1118668 641929 599143 1118252 493282
599599 833096 770707 643703
467210 642170
599605 643701 770707 770473
467217 643836
597277 597102 833230 950389
622819 600885 553000 951884 622371 776806 1091841 621819
951735 210701
484328 1006864 546080 774417 951222 773575 773579 772814
419400 770174
1091841 622371
775683 832415 1066712
28338 28384 28431 28375
108053 772238 776038
390646 951607 951441 951844
621446 951775 950174 950091
268981 622538
840500 832757
419668 539354 832935
1118449 599310 183645
621119 949763 545918 774524 600877 546636 622926 773275 623236 775390 621767 546349 622312 418682
388592 388420
388595 361213
793834 832541
1066191 771244 1066266 1066177
770831 642270 613079 597029 832176 832834 832365 832435
774080 833096 599326
1118280 832452
622649 621153 621767
951203 622905
770131
419398 28977 419243 776555
28536 598558 771400 1067720 1128804
28535 771965
622641 774988 770174 622553 832766 949873
28533 832766
390090 387348
28531 770707 598297 598689
28530
599734 833096 643609 599327 598482 641928 770707 28632 599777 643750 598637 598640 28656 599554 643369 28441 643381
599736 643369 832359
621591 623077
546589 622846 773808 770707 950427 832935 210703
775539
775538 832284 28376
107615 777157 21536 19941 21260
388266 771408 951606
388265
950133 419093 832415 832417 613351 28642 832541
388810 387338
772258 832979 644061
419246 776796 776555 418671 22895
773390 546240 613346 622900 622445 832284
600793 17577 546089 1067720 17702
600798 547012 776428 770566
621847 950697 621767
773387
641915 153 598297 770707 1196193 598689
950485 643427
641917 949991 770361 770707 951095 1196193 599338 375954 1196191
388286 391081
390839 770167
144755 833138 182988 183459
792632 643391
792630 182872 183827 182875
792634 643391
740984 622834 361419 832606
185639 600863
833217 776796 419137 772370 833013 833238 950434 832952 774139 776549 832378
833219 774411 770163 774533 770707 773516 833011 775827 773381 771599 832455 775449 775552 773958
949725
388817 777157 774323 771599
938327 182872 183936 643275 598808 642986 183645
643641 1118668 182872 598646 183936 598590
363250 643201
28407 28579
771239 1066712
938329 641933
950008 387338 621767
774333 184063
774330 642472
144625 106991 21260
144624 833138
775227 390499 387800 106780 595460 389903 390509 595545 390559 390624 388418
363255 17702
1066351 1066194 772814
775222 622845
772065 184092
595739 598637 598640 599777
361975 361976 769595 769695
28397 28267 1067720
28396
28394 832239
267201 546636
771543 28599 595334 613319
771540 1066712
28398 832743
390617 387944 388823 390620
771545
775827 832455
588147 773391 832766 773674 29025
375954 832359 184139 598564 599825 642725 642098 642451 621652 599692 643221 642019 598590 642508 598480 643945 643613 643399 642565 641996
375480 362686
1065663 833137 833155 832359
28716 121
28715
832850 774521 621503 770406 773850 770707 775008 951465 623122 832587 776732 774280 774431 485 951153 770814
774139 833013
770121 832434
28710
1118661 598804
1118662 643052 833096 643609 641928 643988 643201 840525 643878 643381
951095 595560 1062973 595243
1078201 418559
642917 642990 642397 642963 643391
950314 643427 598144
771303 546109
950644 833062 622802 595232
950645
183164 1118219 144692 182872 773608 63018 28448
267843 623323
170065 832757
1060481 642499
621243 622710 210395 949776
595428 776028
643357 1118668 1118734 643593 1118414
770300 546443 545916 623116 546115
361374 17478 362843 774414 17347 17461 772812 182850 1509565 771299
361376 777157 362291 362854 832650
1299229 28705
949821
949822
949823 832594
483832 833170 832979
483833 362370 546066 833242 600769 546682
483830 832542
483831 553070
419137 832417 833013 772814
1066750 613044 776759 613228 1066413
1127338 643591
950440
28661 599341 772338 641990 597895
1065068 117
28665 770161 28580
774364 832587 833011
770549
938493 643160 643161
951514 595051 1063000
950191 833010
377314 833137 643988 832359
776318 28585
531034
642170 600880 1118668
613386 1066712
776311 832365
773575 546240 546201 832720 268621 622712 832766 546682 388851 388880
1094101 643956
598558 1067720 1063000 833011 546407
776796 419410 419581 833013 28555 419009 418682
26448 599423 643399
389424
1299317
26446
1299312 28459
642773 598297 1196191 546262 1118192 1196193 598402
17830 545916 546636
776407 600877
642777 643922 598809
599143 1118668 599310 642725 642500 770707 1196191 183645 362125 777157 1196193 643878
594394 770707 125 598297
929561 622345
1066413 833369 1066687 772109 772814 613228 1066229
108008 777157 773532
642003 642499 641880 338683 642497 642625 147597 147605 642622 63018 147601 147633
17347 362843
546344 949989
622900 771294 770363 773602 622671 622899 622445
598433 28939
622905 951330
890584 832541
622906 622606 949989 950690
598439 832359
790558 833137
776721 623323 622438
28576 769695 772142
546349 771504 949593 545918 949595 545916 546636 775432 546737
377403 184092
545921 546289 268806 951452
545920 643630 1058395 933261 892868 770707 776156 1196193 643956 117 71 621652
595334 777157 951835 643683
390416 951612 951605
366353 1066712
1127329 362020 361416 361399
185721 951726 950174 951487
211116
28441 775974 598879 598637 28656 832599 599327 598638
389089
230860 643836 643837
230862 362779
376860 184063
418930 832284
951218 418991
741151 546176
951217 832284 832530 613263 613273 613135
832450 153 1118238 598126 744401 741597 160728 210840 833062 832849 740418 774081 930210 933631 1118240 643161 1058706 1060289 774149 71 772676 622187 950397 775574 1060052 740420 740422
832452 599172 643160
3349
832455 833063 832262 642247 774411 599326 773380 1063000 840790 595056 642991 833137 832359 775552 644057 599926
546003 546212 772813 951835 832650 772070
950162 833063 595358 643922 598809 599326
484222 484222 2599
484223 833034 769677 951010
951691 623135 546668 546670
613361 774149 613270 775439
832754 832421 832776
484224
390559 775964 388856
597512 833062 598144 770474
597511 770425 775308
1121175 418948
622833 623077
951500
951506 622931 622494
832587 774280 774696 950714 773516 951463 775008 28582 889270 776415 770262 951464 833010 951153
1073331 641922
773565 613080 361897 1066576 613225 832776 832421 613048 418957
389887 767
387811 773757
773784
362053 951010
418385 833013
387816 390167
62935
62936 643609
772960 641922 418709 418682
598897 153 1118734 642500 621767 1118192 643593 63004
546176 773889 770813 772410
600819 1067720 599310 770707
539354
951322 387639 388942
600812 774202
595939
3345 546511 546607 622721 546671
362872 361863 832979 419022 362473 1129289 774915
599925 777123 599926
599926
598898
771946 833122
772560 362370
362186 1129312 1128879
772564 643910 183421 598804 29006
597600
21260 777157 776038
621901 622670 600880 267872 267871
363454 770813
623230 623232
362473 772109 773811 362864
623232 621762 832720
775509 623026 623146
362476 553070 362370 772109
769900 418460
623236 621769 623116 621775
623238 951222 771297
362478 774 772814
484132 598280 771100 598663
419621 419326
419093
597301 770425 1066712 769890
210840
1079299 28447
1129780 389611
951006 390211 21371 390167
418651 418737 419558 598155
622013 741462
418657 419079 776759 418578 28922 29032
771160 1015906
774741
613771 1118300
951032
951033 622889
467201 642952
106669 121 642763
388857 777157
772895 362223 642625 363035 1066546 622846
772894 613080 642622
774924 362864 832380 643694
775323 832415 832417 419492 418783
419415 419463 419413 571047 419165 418442 419383
419413 419463 571053 571047 1081921 28323
419410
391262
972328 622672
419418 599996 362364 1118578 1118580 418578 832541
597267
772149
772415 931167 546089
772411 418897
772410 832442
889803 642831 599974
552984
833369 1067720
621475 949776 623077 621761 621763 623229 621308
1078186 28377
1118470 643051 599097
892564 1066278
28528 28687
770809 832898 28642 845188 642813 832776 28675 1066260 598581 832437
28520 28687
1118274 832541
419383 419243
622654 622710 949776
1118271 599310 184092 184150 599847 28935 183645 643366 21371
774818 832284
71081 832993
938919 642990 641933
599707 183827 183913 1118219
20054 20344 20493
771274 595460
938912 643833 598805 832541 599581
771747 419325 388420 28624 419299 613044
478429 795562
1128782 598319
600782 546443 546279 546089
775785 833091
546759 951452 546539
546758 771162 622848 546356 268810
623116 949763 375912 950702 622089 774524 773864 775390 770409 621767 622890
388070 776607
361308 387528 546731 832766 775864
28553 774707 2585 832628
641922 598480 170029 1074397 772109 773811 1129264 1118641 1118192 741559 775997
1060289
184063 1118219 182872 769646 160669 770473
623229 949776 951883 622710 210395 212053
641928 1118563 525639 598879 599554 599777 598637 598640 775432 599327
641929 1118219 183459 182872 770707 183645 642963 183481 642098 182988 598808 598037
950498 546670 600877 546054 546669 546694 546668 546693 546415
144764 106716
774253
28414 28674 775432
1523068 546737
28411 775432 773275
840156 840591 833155 1065760 598482 599790 28355 28448 599789 833137 28476 832359 598564 832599 643381
28413 770707 28323 1299286
108462 599880
833223 772812 833242 28682 771297 28597
643630 597979 525652 621767 1118314 598140 1058391 1058395 1118735 599338 621652 776156 1118157 759 1118159 1196193 71 598402 890415 770707
771226 546674 613307 832437
643639 546271 643837 642051 643613 833034 642574 642763
643988 1129857 892868 1118219 932905 1127906 643991 1118735 741569 773811 1067720 938268 1118582 1118641 1118668 770707 1127461 643613 1129303 770474
949714 598367 642488
390139
211714
599242 599386 2585 375878 211782
769727 361655 418897 484098
362843 773320 774915 782 832606 1067720 531049
622890 623194 621769 622888 546723
493282 642508 643063 182860 599423 643399 641996 598590 183999
773926 599326 833138
773380
28384 28384 1299205 28375
28386 1078093
771555 546443 832284 545916
1065273 599787
1075316
1118657 642790 28935 183645 599005
1118656 598842
1118650 833170 833096 595681 641882 599847 833063 599614 599883 598755 643878 598639 642270
950789
622232 949776
362634 29012
950785
1118659
1118658 361412 108122
621308 949776
621309 951832 951831
1118497 643262 642272 643838 643204 642801 643445 832541 832599 182860 643109 642714
594720 771609 598396
28702 1299290
28703 388537
170073 595681
28705 28264 28626 770161
28706 1065028 770707 598879 121 598640
28707 387530
832849 774411 773930 773894 832963 769455 774100 773059 769899 773924 773928 833062 29007 599424 769914 951374 769865
28259 832766
595384 598096 776030 775632
170079 182872 833138
775864
950302 389825 106780 546213 622696 362546 832434 28597
950301 545914 623279 621997
950655 832950
938775 643836
643748 1129303 642735
950658 546054 546272 546511 546737
950309 1066712
770799 546240 362546 545914 622896 28597
1118192 642242 595681 641951 832541 832359 184139 643591 598027 598755 599982 641882 641880 28355 642801 643593 643575 363193 643221 184142 598315 845188 1066129 599386 642951 598590 833170 643833 1065760 642732 1066687 643583 642990 644028 598804 644061 599627 643391 643708 642714
643160 153 643161 769865 773924 951462 775920 71 776235 949744
643161 153 773924 775920 338683 951462 71 769865 776235 949744
770370
209746 623301 950392
773928
361368 229828 772812
950875 613034
950874 832284
950876
483820 599914
642342 598493 598297 613322 775652 644028 599825 599581 643391
483824
483827
598098 418449 595490 595263 1062788
483829 613303 1066546 832979 1066585 643958
598096
775574
108319 390800
774787 1066712
183024 182872
28679 832952
772142
28674 775432 28671
28675 642725 770707 121 599825 598581
832935 17434 2585 546669 832284 361248 768 643591 1066546 773268 832719 774348
28671 28422 832743
28672 642725
28673 553997
777257 595732 29006 643187 598720 832359 28941 598804 644095
833125 776496 833138 840205
62994 643838
642164 770707 832359 755788 832541
738857 642272
613170 832415
777098 598809 599982 599535 599989
28599
776785 1066712
26457 183651
361563
26455 642393
26452 599511
26453
268641
389558
643366 598480 170029 1118559 773811 183312 599880 1118641 643934 598808
776415
642766 598280
642763 832362 598855 599789 643629 595675 21536 599847 108122 20493 108244 644014 107178
643369 643052 525639 641880 643629 597895 775974 62978
599156 1129303 598402
613282 613280 775152 772338 832421 775432
613280 832421 28375 613066
613281 770167 770161 599883 772109
613286 775432
642012 770707 598402 1196193
613289 832415 613042 773618 1066292
642019 931732 641996 1118314 1196191 621422 1118157 643934 1118252 642451 598140 598590
785976 418704
377438 1066712
776238 28422
546356 771162 773437
771266 546671
598404 183421 642951 183481
598406 769666 832359 594628 642725 28544 1063000 363193 643381 599933 598297 833137 125 28820 599405 598480 598482 1065760 600861 600772
622930 546273 546607 622240 772812 950427 621762 776804 771299 210703
622931 621762 772812 621518
598402 599682 832359 642023 643591 832541 599825 598027 599787 642725 643063 599338 643141 643226 643221 642393 642875 643903 832898 642919 643833 598480 643909
598403 643226 599684 642725 599825 832359 599338 643909 184142 598808 643903 644095 598588
1519734
361416 1067720 1127461 361837 1078282 362686
545918 949763 771504 949593 949595 774524 546636 622926 545916 775390
361412 2595 546066 772815 362864 771299
545914 771597 773275 774308 621997 771162
545916 949593 546636 950702
840790
361419
28594 28687
1066576 613351 832776 613042 1066267 771244 832421
771260 832366
595740 950193 1100140 773757
20848 776038
28713 1299290 28572 28550 28510 28590
17577
391074 771367 390357
832284 775295 951538 950620 771294 418949 28624 949984 363019 832981 772139 951783 773616 832530 769442 769503 771244 832959 950986 840311 776329
832369 775555 840061 833238
599847 1118668 599825 17459 775432 598808 1118219 776166 1118735 598689
951200 484149 621258
832283 832766 774915
832282 833122 29052 770663 770404
774917 546245 1066268
740942 643467
832442 772995 771702 776482 771597
774414 389982 268621
740945 599914 641977
613351 28624 771244 613332 770161 771242 1066292 832776 772338
613356 951815 773664
546198 774202 546279 600877 773864
951689 546668 623299 546670 623135 622438 546729 546115 832594 390611 622854
613359
622802
773770 840205
1066752 613202 1066593
183651 1118749 1118219 1118157 182872 770707 1118751 642565 1118314 182985 119 598140
951513 1063000
363348 775676
773579 484149 546080 832720 545983 832766 546541
832594 775966 832504 1118634 776966 1118499 773812 770257 772656 771115 773889 771131 769531 769414 951842 774300 776739
890448 1066712
832599 642247 769666 769664 599745 117 184139 599743 840069 598005 28379 599988 833012 644057 770457 833096 832417 1196194 773849 598575 598576 125 595788 833138 770744 1118563 1065760 775672 770707 643549 600861 598640 770431 951124 642639 598689
773577
101407 1066712
890440 1066546 1066712
890842 183312
418595 833147 419326 613049 419614
599933 832898 594628 643838 770707 832359 832541 28614
890845 832359
622249 622089 621767 622434
390418 774020 390422
362517 773319 832950 832766
418394 361226
387820 951441
387821
622240 546272 546273 622241 772812 546511 389611
622241 546272 546273 546215 772812 832766 623240
833122 776387
418426
389982
362864 774915
546109 773808 774858 773268
539351 832365 833006 832435
362686 1128024 891949 363138 773812 361399
621913 622825
362198 363390
772225
772222
772223
772220
772221
773319 832950
773318 832950
745468 599338
418737 769674 418667 419558
546370 774 546273
389239 951608 28691 951441
773316 390928
949630
949633 833010
949613 106835 595231 595243 595233
949636 1063000
418645 418867
797416 777157
791407 833170
599627 642499 642488 598027 643878 643583 1118735 770707 121 832541 740420 833138 644095
1121371 361655
833085 774277 950697 775439 832953 832437 832738
419463 418819 571053 571047 419165
775334
362990 771100 773811 772814 774915
546614 600866 600845 771162
772139 613107 363019 613346 388887
773957 596889 1066712
362685 832766 771238
1129312
773958 418991
772426 797301
1118611 598927 643593 832541
388403 770167 773
419602 418783
769442 832719
769443
621461 772809
208759 546737
770813 833242
891719 833170
1118267 642022 642242
797345
160618 832898 833137 832359
1118263 642488
785 595675 747779 20493
833155 740420 1065760 833096 183462 791277 643833 642735 598808 184139 29026
781 390837 28582
621865 621770
739060
599714 599386
599989 774411 951889 833062 775436 1118580 1118582 598574 776016 775565 153 950228 770474
769533
769531
642821 643573 769664 643308
546723 268748 621630 950690 951324
600772 598297 598482 770707 599825 598842 775432 599823
600773 594628 599301 598297 775974 770707
54785 1067720
623195
623194 622345
769666 1065760 598482 28544 1063000 832359 598720 833137 598560 643909 599914
390509 776038
769664 833137 832359
641930 950853 1127483 643051 63018 1127484 1118695 17459 62917 773608 63002 147594 62967 950852 62956 62908 62989
930118 759
28460 1299198 28685 28687
833238 771745 775676 770174
28464 776759
1118265 642022
28469 775676
833231 2585 951889 950528 2032 951125
621262 622665 621767
949744
833235 643445 643187
623190 950853 546855 950986
643992 182872 183827
643991 1129857 1553716 773811 1067720 642472 1553715 770707 644061 599914 1553714
1080410 418554
950065 621799
643629 1196194 643583 598271 643613 184139 598805 599825 390364
950068 361655 832993
643815
595136 1063000 773757
106716 144700
1080387 419165
546435 951726 950792 949973
546431 600863 362287 951468
484098 770668 770167 771259
267872
770814
771143 600763
774312 362779 1066546 613119 28985 613038 546674 1066260 832437
1123537 106760
951611 390750
1123532 546511
361957 362225 769452
106991 144629 770170 777157
338683
598396 771609 770707
267871
183589 182872 599234
1118641 599658 598804 599393 599914 598829
1118645 832437
599386 598927 375878 832430
598155 1118567 1118144 776156 598496 891741 418661 418667 418671
1118480 1066712 598842
782 546216 546789
28269 1067720
28267 832415 418783 832239
770112 546120 832228
361889 643593
1118488 832197
1118489
1060233 621818
950668 622000 833011
938769
182985 182872
771367 390007 390928
950844 833147
525617 832359 832541
1127715 184139
770361 599338
932905 643289
770363
525619 642247
950518 389492 621744 621909 210815
950519 210815
147605
388522
268930 546382
268931 832434
361311 419022 599883 832979 613318
361316 2595 772815 772814
642379 643756
1118739 599974
378080 832359
1118734 643593
1118735 643583 599982 642726 598842 643708 643609 643833 598574 832541 598027 642673 644069 642488 643903
642800 1118668 771965 832776 599825 598755 1118414 641990 776166
642801 832415 1118301 642243 28922 738950 642272 182860 770707 362229 599340 642668 599825 776156 770457
28609 28632 1299290
28608 28939 642243
546729 546731 773862 1123381
595241 950189 595243
832504 595461 777157 20903
595243 950189 951654 595231 1118746 1062973
770566
643573 153 599684 1065485 833062 28355
643575 833170 17459 643277
642397 598465
833208 770286 950132 773622
642393 770707 951441 26427 26431
770569 833011
361226 773674 832733 832766
598575 832359
598576 833137
770338
598572 832898 598480
773608 613303 642242 642270 643609 598574 641988 642148 643958
361796 361797
361797 361797 770457 361755 833242 361471 362590 775432 362588 773275
361794 774915
773757 388537 1063000
792361 621645 546060
546726 949589 623279 773437 771162 951835
772370
599364 642849 833138 183913
28985 775150 613119 613335 773618 775469
776428 613017 832378 418682
1065422 117 598588
546595 950185 951269 1123772
949873 622553 622532 832766 375465
740422
1065429 1065252
622824 622992 622896 950416
642714 28939 642243 770457 771295
776931 832628
776757
642022 1127484 17459 62917 211828 1118695
622825 622896 621354 622723
776753 28629
832728 833013
1066216
622665 622188 950937 623003
832720 770737 773388 28597
776759 28626 28632 613035 598309 28699 28470 418952
622928 622887
623231 951467 950887
773145
484153 770668 770160
622926 771504 949593 546636 774524
623323 268748 775118 951324
418819 419165 28922 419559 832695 28323 418554
745896 642940
418991
361837 262214
642625 774858 770707 643833 772812
642622 642668
949879 210214
772808
28989 28323
49058 1062788
951230 1066712
641933 1118219 1118559 643613 599407 776166
951233 833011
391064 951567
622814 951130
598701 832898 642499 153 599682 599982 642726 643838 770707 621652 1196191 643289 1196193 951040 832359 832541 598027 599326 599424
776118 643922
832430 832417 613105 613297 613107 771244 613197 643694 1066194 28624 599097 775957 613202
375772
832437 1066644 1118315 1118142 17704 17705 613038 832421 598755 1118414 775150 613335 773618 1118300 832776 1066260 832417 832738 613042 613344 771244 775439 418474
832434 773 770167 621767 770479
622818 546289 951452
21983 832993
484208 769674 546289
642732 776156 740420
613346 770081 771294 773616 950960
613345 613080 2599 418671 775432 771594
613344 950956
890438
741551 771238
623036 545983 546382 621786 211342
951525 389283 622434
741559
951832 623060 832695
951833 622309
951831 623060 621569 832695
951726 622306
951654
387529 950892
387528 362106
387299 390596 390930 390336
599945 599554 599327
62912 643052
62917 642242
387800 777157
390422 390420
832542 832393 833250
832541 891741 525638 525635 832359 1118212 641882 598810 598297 525641 525645 1118170 28820 63004 63002 775432 525652 63033 119 642725 1118578 644057 1118301 643262 419079 1196191 951014 599529 26425 890415 598689 1118315 1118414 599640 892868 642668 776156 808135 776016 28477 833170 1118481 28573 642500 770707 418661 892772 776815 770473 642243 599825 644095 599982 62962 525624 1196194 1196197 1118580 1118582 598574 160556 892123 418992 807897 598805 1196193
546118 1066546 268621
362854 832650 361863 362856
362856
494103 643158
773892 546443 623114
938619 182872 642963
833230 832365 832435 832743
773320 621762 361218 362225 546115 391246 832606 361655
771965 642799 641990
773894
599341 599914 642725
571053
571051 832530
571056 418442
773329 832950
748159 767
773878 832757 594814
771297 832733 832766 28597
418709
387639 1128209 949828 951441
770431
951782 418864
1078086 28959 28939
623256 622867
833096 1118219 775974 832359 642963 28448 1118414 119 598638 643703 642799 599554 2032 892685 1118566 775920 643701 938268 599400 643878 1118563 597895 770707 833137
419079 28939 599221 29011 643262 770707 418578 28922 28959
419078 418671 950392 773600
833091 776600 951849 949969 773516 775449 772257
949605 833011
622073 951441 621767
419076 418671
388621 776028
797650 777157
1058395 643279 643593 598590
951010 546694
418896 419544 418667 832719
418897 17454 17461
951014 1063000 595056
391246 949828 546240
845063 598428 613216
775490 1066712
775491 597283 597029 1066712 28957
390336 390689
950067 621799
595585 890756
775308
546640 772812 546066
770439 29011
546607 621518
775652 613066 613332 28642 363429 361665 832776 1066262
775651 613329 613079 1066712 597029 363161
622499 951454 623281 621767
745277 599338
773437 546078 622848
951292
622497 621762
622494 613259 210703 950427
418913 769798
622672 622670 78952 621767
622671 576998
622670 623151 623135 950952
773059 833062 595056
769455
622678 622710 949776 621759
807845 29025
769452 546694
388942 951441
22827 600863
28540 28939 770457
390750 951279 951441
599914 525659 1074443 467195 777041 741569 771599 1118240 773811 1067720 1196193 598480 170029 598804 775432 29025
949510 643427
1118252 598104 184150 643794 598140 183484 621422 642574 622686 183421 642790 183999 833138 598590 643903 642919 642508 1065760 643399 641996
621786 622274
553997 363316
833147 832415 950210 951662 771599 595276 951262 776030 643445 832695
621897 211342
599760 832359
833149 28570 1063000 419338
772056 546443
600769
418671 832602 832239
776670 832950
546731
211809
546737 2599 546693
775017 622502
949776 622673 621759 621761 621394 623103 622710 210395 622720 212053 623017
621525 621523 951883 951454 950694 212053
621523 951454 210815 950418 950520 950416
759 623079 623285 621803
949778 621761 623077
769674 644012 484149 419558 546201 106760 546541
769677 182850
769676 28603 621143 832766 741569
28472
28473 775672
599423 643279 770707 1196191 1196193 599511 643399 1118314 598140
546080 553000 546089 773811 546539 546682
28476 1064641 770707 28448
28477 182860 832359
28474 28447
644086 770707 642098
419299
505
622187 770120
938375
388381 771599
388382 771599
643613 599862 183459 642963 642726 183481 642986 182872 183936 376027 1196191 1196193 642950 770707 598271 643063
546427 546443 770174 546670 832575 600877 185474
774308
950415 623281 621765 210701
388544 777157
774300 600866
797301 777157 772995
950210
28699 775432 771244
950216 622089
642961 777123 770707 775565 938945
642963 598280 599862 1118219 642247 183827 643701 28355 642098 1196191 183039 183462 598297 182872 376027 770254 1196193 643909 840525 1065760 770707 642201 642565
184139 1118668 182872 599310 28820 599407 770707 1196191 598808 2032 643226 598564 642950 1118219
108244 20493
599393 598161 1118559
775873 832365 832435
599391 770707 767
797193 777157 144700 770
775876 546089
598140 1118314 598104 599511 623021 599697 1196191 642508 770707 643372 643399 641996
775874 833062 832963
1064782 599880
771481
1064784 599880
770174 362201 28732 622553 832733 375465 28459 832766 28495 28603 28597
599554 643609 643878
771408
770170 362287 600863
28276 390394
774277 832953 832738
388151 484287
144700
598395 887441 833138
675785 1118314 599699 950185 1118157
23033 29052
643765 643187
770771 832757
950853 546440 832719
643141 153 770707 832359 1196193 599424
950507 934241 546329
525624 832359 643591
934241
950855 600840
183642 182872
771608
933261
774696 832869
774690 107088 388378
887531 642831 599974
183645 1118668 1118219 182872 598564 770707 643456 938945 598808 642951 776166
950694
950697 623118
268920 81471 546456
160556 833170
361521 775940
485 642468
950283 622538 622889 622074 622006
1118749
1118746
642813 1118233 938299 1118300 832776 598755
642812 183459 183490 643201 642045 642790 642849
832959 832602 772814 832417
887441
774050 595492 623081
1065252 1065330 621422
595276 770457 773930 951640 770474 770515
644061 1118219 938641 775469 770707 772812 772817 774915 1127926 740420 1128901
642565 599692 642500 1196191 1118219 643914
832950 773845 771430 774503 770587 774701 775128 773322 770443 770468 951606 776361 775126
832953 1066644 773618 17705 771244 775439 832738 832743
832952 949963 600763 773622
28614 770707 28544
770515 600763
613112 773618
622000 622284
546285 772812 832766 773674
599221
546289 484149 546201 546247 553059 546682 546382 546541
613118 2595 772814 773811 1066194 772815 771299 362223
613119 773618 1066546
598560 832979
28977 419243
598564 1118668 1118219 642451 642500 770707 1196191 2032 598808 599407
419505 832415
1299348
418480 832239
599172 153 1118240 951667 774081 740420
598367 597979 1118622 1118159 1196193 1128366 63033
599170 613202 772845 375878
419082 1078093
949984 613263
949989 621769 622370 621767 622303 622305
740418
950132
951040
770425 598927 833006 597109 613269 832200 597029 832777 597096 832435
106835
643384 598464
643382 1118563 770707 643201 1118561 643381
1075116
643381 775974 599407 598637 599327 599405
183913 1118219 182872 599234 28448 119
419494 418704 419163
832738 775439 622732 623118
772656
832733 832766 28682
419089
644069 63033
950426 210703
643051 17459 599097
1066194 1066670 772814
613027 832415 2585
613022 775432
1118481 643204
1066687 892119 770707 121 772814
951468 623281 622304
389709 773
594714
832602 546669 622846 833131
776321
770148 833062 621634
642148 833170 1127483 643609 17459 642668 938192 63004
642639 772104 643308 598805 644057
776329
951494 643372
28264
595898 418578 595788 950397
832415 951840 772843 832366 832421 418867 376492 775319 832961 950054 833063 771109 418552 949542 770754 832981 832417 769891 769890 418783 771753 1066712 832419 597283 776139 770724 770726 613320 613247 771244 774768 770163 28537 773272 774207 775430 951815 596898
744401
740970 182850
772338 832417 832639 28642
622867 622089
832421 418383 774915 613319 775152 613197 773618 613044 832417 613042 833170 613202 833242 771244 832831 832979
183827 1118668 1118219 182872 182875 28448 598808 144783 776166
776105 391234
776103 390211 389793
832427
362201 774915 362225 1128804
389562 390624 388404
1066609 1064571
21997
613332 362779 613322 613216 773618 1066262
539184 1066712
613335 1066546 773618 775432
17310 832766
951539 419593 595492
951538
623029 623059 621767 621775
951827 390498
623026 950422 268958
623021 599697 1118520 770707 599511 1118314 492 1118157
774520 833010
185474
951647 833011
951884 622371
28257 775432
951640
599959 642499
1066712 361921 771753 891585 891583 890523 771109 770754 596889 832435 1074349 890537 890535 770345 596898 774416 771238 770259 832417 613247 890141 613320 771410 613312 771622 775159 613060 613064 597029 613083 950228 772067 890363 613079 776148 2585 971878 949842 101110 769891 769890 1075402 892120 776139 1299279 598276 363161 774207 890517
387512 771599
622266 622553 775404
387517 951605 833010
29035 28951 29003
832550 641882 643277
546120 770111 832228
268748 622606 622345
613247 2585
769675 833062
108122 774323 20344 771115 775977 22324
773889
597124 770161
391172 389492 391081 389781
20903
771971 546201
643750 643609
772796 832228
2588 641977
951222 390394 832695
1178138 388300 388001
623240 553042 621762 772813 772812 949828 771299
362331 1066546 772814
622311 951244
622312 621767
362444 770707
599121
2614
1058884 643427
790447 599614
772848 1066304
390320 774533 951567
419040 419039 832378 419199
419593 775867
419590 772812
772845 613197
772843
363316 832650
419047 775543
21441
418887 418578 595788 1062788
21330 777157
832796
775482
951005
418888 833013 418482
951002 389741
20135 19941
376492
1128209 387638 229828 28352
775319 596898
3451 546511
772111 642831
772112 642831
772151 546472
889858 642247
599883 1129857 833170 832979 1129289 598764
546636 771504 949593 949595 774524 775390
599880 643158 931443 643934
362537 771299 772812
418404
62902
387789 390973
772938
62908
210703 950422
210701
613080 774417 772814
599861 599200
623146 772995 950422 622992
621634 949914
1118240 598750
933024 950350
622686 770707 125
949509
621799 771702
390212 390211
390211 890756 949948
613083 769890
622445 771294 773602
774845
623154 951262 621569 623079 622089
599779
388420
388422 774533
546703 770707
769865
21536 20344
599772 28931
769860
599777 599312 643609 28632 598879 599973 599239 832743
775008 833010
418661 595788 598496 598842 770707 1118580 418578 28922 770457
418667 419558 419053 418864
892772
387772
772067 613079
598829
949763 832695
949762 622723
840430 832757
641951 740420 1118580
950193
184036 1118668 1118219 144692 182872 599234 28448 144733 144783 119
147601
641957 1118152 1196193
950447 484159
891606 1066278
28448 183459 182872 182860 770707 182988 182875 182858
28447 28555 1081251 776549
28444 28633
599862 642990 643833 1065760 598482 642919 29026 770707 643909 775432 598646 643391
644095 770707 1196191 832359 1196193 598271
643609 525639 775974 598637 63033 63009 598879 62962 211828 62967 938922 938268 598640 63004 643903 599327 1118563 641880
775267
950046
950041 642270
938813 642950
363138 362566
740813 832359
546415 546443 546054 546519
774992
771162 546078 362287 28555 622848
775469 362362
1078199
388881 389749 391343 1006864 388880
388880 546240 390420 390357
771741 840257
375912
771745
375916
771748
388379 391081
388378
1064641 1065760
147597
147594
1118634 833138
770440
642950 643221 642725 1553714 642500 1550088 1118219 183039 938945
642951 1196193 770707
642952
832898 525637 599825 160720 160564 598581 594628 160657 832639 776156 375659 598297 599790 1196193 160662 125 598035 28820 598428 791623 643833 1065760 770707 117 160646 598689
1127483 642242 598927 28931 28935 599097 643903
770169 832766
1066782 773811
170029 1065760 642990
1127484
770163 361646
770161 613066 28626 28551 613290 642458 389498
770160 643226
770167 390168 389825 390141 545992
770166
643779
774202 546443 832520
769646 833063 643922 598809 599326
774207
746106 777157
28590 28572 28510
28595 363161 28685 28683 28687
938704 598315 598319
28597 17432 1067720 772814 546539 776806 832766 773394
622720
643445 362364 1118578 1118580
598280 1118668 598280 598281 1118219 1196194 770707 771599 2032 1118314 598808
598281
950534
262214
525639 183459
643158 1093287 268571 1059493
525637 833137 643833 598480 832359
595460 1063000
525635 644012 644015 832359
388695 949991 951844 951441 951592
525632 643922
643151 776156 832359
28537 28580 28939 28556
740714
160568 832359
643289 890415 776156 525652 770707 891741 1196193 598646
160564 832359
599097 17459 951588 211828
491
492
774425 361762 546272
28626
28624 613202 418783
832961 832763
832963 774411 832520 773930 1063000 776380 770642
1118751
28629
160761 833137
950992 622233 622896
950991 622845
950222
950999
950228
23119 29052
363219 1078282 1127551 125 1128024
28603 774988 29025
78960
613105 613202 950180
933631
613107 17736 773268 642270
418807
390394 774020 951605 951592
362420 362020
390395 774533
1299357 28683
28820 775565 774411 598482 598297 770707 773924 832359 28941 775432 599640
622371 951883 621818 212053
642574 1118219 643837 770707 643591
598590 641996 770707 183481 184142 1196193 598847 643399 1118314
642735
832262 832639
1074349
418665 419559
467153 644028
183039 117 1118219 182872 160774 770707 775432
949973 621761 622197 622715
599340 642243
1334962 833034
599342 741569 1067720 375987
643399 599511 641996 643279 1196191 642508 1118314 599697
770345 832365 832435
951844
776913 361911
643391 643836 643837 63004 643903
553115
776916 641882
832709 832530 769473 832378
28642 775957 771244 832417 832639 771928 773616
1059622 622345
1065330
1014728 553000
642045 772104
546388 1066546
389283
599581 598297 770707 832359 599326 599529
613038 613042 613229 773618 546674
613035 613203
613034
546382 268621
938922
613031
595263 770257
775128
738950 642243 642272 643204 599096 643109
419243 832239
628137 553000
623301
623303
598755 1118233 598297 770707 770254 1118300 1127918 1118414 642799
832638
832639 832417 771244 1066295 1066262
160581 833137
949880 622303
1066157 771109
1066522 775432
1066657 771109
1066304 772814
832417 419492 776384 771294 771928 833008 771109 613259 840257 597283 771242 833012 775676 771244 951815
972145
774323 389492 389781
744470 951441
387260 388858
597001
832386 832362
832380 832981 772812 832766 832378 772815 775543
598764 833170 153 599614 1129289 740420
598766 832359
772321
613329 950054
1550088
890141
891949 362975
1550089 642201
613320 771238 613060
613322 361665 613066 363429 832776 1066262
546258 600880
623018 950957 621767
623019 621629
771056
623010 951441 951607
775475
951814 832176 833006
951815
741572 546089
623017 622710
17434
2595 362311 419544 613205 418864 546671 418952
389825
17432
388858 777157 390499 776038
2599 600848 546453 182988 418682
741597 598750
210395 622710
571071 832239
791638 643922 598809 644016
773864 546443 833242 621192
1299198
950098
613259 740897 613259
623279 771702
890756
494656 622345
622309 949845 951662 418948 1121490
622308
387348
376395 643914
622303 210214 621767 622992 622303 622304
951258 210214
622306 546440 267374 546328 622305
622305 621769 621645 950600 546329 949585 621775 622304
622304 623077 949585 949580 622992 950692 951130
20126 777157
204379 622889
390357 387944 388823
773850 833010
419581 771109 833013 613197 775543
621651 951487 546493
621652 594628 598482 597895 376027 770707 776156 621422 643593
621654 774533
621655 951262 833011 833010
390596 391234 950714
1128210 546212
418876 418784 613049 419614 776809 832239
17512
3284
774503
949991
361762 553045 772117 546216 772812 546789 776804
772104 833138 1064998 599407 642790 833137 832359 642849
772109 362370 419127 599654
3446
228654
775676 28370 840587 28459 361911
62971 643958
772920 546443
363019 951783 774915
622274 546201 268621
362546 600880 773674 773811 545992
418474 832776
62978
210717 211342
387619 776028
361655 770738 770668 776808 770736 951783 1121187
773986
1129857 183312 29025
1129856 832979 613319
1118236 641988
1196189 832359
772995 621143
622695
622694 951083 951084 546273
622696
840205 361399
622692 622196 621767 622732 950943 621153
599745
774858 1066546 363035 546693
599742 642247 182872 28355 770707 600861 833137 771599 832359
599743
931167
951084 418472 268621
1063790 1066278
949724
599982 1118567 525652 598842 891741 770707 776156 1118582 153 598027 833138 770474
890962 598842
790178 599614
643372 770707 1196191 1118314 641996
770126
1063000 777157 776028 594816 594628 599338 595360 595056 772913 773930 598297 949540 771400 773532 776038 770707 951441
599988
1063002 772812
643370 153 598750
419053 1067720
20493 775617
769503
387468 950714 833010
772070
950189 595051 1062973
774 1066546 546534 622846 546693
621503 623122 950932
769891
769890 613079 597029 418552
773 389833
419127 484151
950180
184020 182872
769899 833062
1118580 598496 642272 598842 28959 643109
1118582 599684 833063 833138
599658
951424
931443
71 641996
740420 643703 598805 642253 643683 643226 598750
892123
892120
599400 643878 598297 775974 117
599407 1118668 152 1118219 183459 1118561 182872 29026 642500 643201 642098 1118563 833138
599405 599640 770707 1196191 832359 598637 598640 598689 832743
938289
771176 595461 21371 595374
951374
950052
775295
643945 642790 1196191 1196193
950054 832419
892831 833170
363161
769474
769473 832530 613135
546407 267460 771400
890415 642499 832359
546789 546068 546216 776804 771299
598161 1118668 1118559
613290 775432 613121
361921 1066546 771622
771238 613060 613079 28957
774507 29025
775776 600877
160569 182872 183421 183481
1299361 28732
1118698 641882 643958
642023 642875 1196193
599571 833170
840069
1118161 598315
774348
1118695 642242 28935 641988
840591
600829
106780 776038 106783
613297 613197
390001 777157
183484 642508 1118219 182872 770707 1118248 117
595675
643708 770707 1196191 1196193
183481 1118219 182872 770707 160572
755788 641882
741061
29052
28588 777157 770707 598297 776038
1064571
622284 833011
774216 361218
28582 776387
546511 546265 269007 622722 771299
28580 773602
1066266
770754
28587
770756 361911
950434
771599 643683 832869 595374
375659
183462 1118219 182872 153
268563 622606 621630
598297 832359 598271 599825 1196194 642725 594628 362125 643204 1196191 643201 643922 598646 642497 643903 597896 362364 598482 642500 770707 643063 28499 840265 28494 1065760
950528
525642
525641
950522 391234 391232
525645 599825 643833 832359
775920 599614 599326 644016
144629
775923 833138 832359 833137 644046 833063 599326 595056
389781 389048 388300 391014
413765 107088
774431 833011
160572
147633
147632 643958
774436 388756
1118567 642499 598027 642726
1118566 599326
28632 770707 775432 28422 599327 832743
28633 775432 770707
28634
832975 419148 418948 418947
160774
832979 833170 832606 832575 643958
160773 833137
546518 390800
950982 1066546
950985 28691
644046 599974
950986 833101 832530
771594 362311 418952
771597 832520 621143
775672
771593 621143
361976 769695
643235 599200
643233
613135 2585 613273
613132 418448
598588 770707 1196191 832359 641996
361218 949828 600880
26419 599511
598581 525659 642535 770707 832359 644028 845188
389169
418472 774020 418466
949969
642726 1196193 599338 598808
642725 832359 599825 644012 594628 644015 642098 642451 642270 1067720 1196191 598840 598482 770707 641977 598808 641996
361755
621909 622990
949963
418383 772814 832776
773356
770404
770406
951083 621764 971740 546060
546395 546215
388134 770707
210249 211342
1074397
387461 361213
642051 643583
774149
183936 1118668 160648 182872 599645 642790 598646 1118219 182875 119
1066177
377274
230563
795562 362062
840856 832869 833034
950792
773358 832757
784759 418704
832628
160592 833137 832359
1078282 1067720 361399
790193 643922 598809 644016
949897 832419
1066535 17447
1066644 775439
1118233
951487 621192 546493
1059050 546089
389903 390480
622756
832393 832816
951889
622848
613312 613079
622845 951876 950932 623122
390689 950714
832398 833013
613318 833170
598037
1121187
776166 642790 643878 182988 183459 182872 183421 599998 598808 642799 833138 642098
546245 613202 772812 772814
770587
362229
773532
623003
546240 772814 1006640 772812 771294
362223 1066546 772812 772814
1066268 772814
362225 546212 832650
741569
622345 622606 621769 950690 951330 951324
643593 642500 791504 621767 1091385 63004 1118414
389611 211630 772812 375465 951441
832719 951783
1066229
1118668 182921 599998 599789 599200 642799 183459 641880 833138 388537 643456 642986 599645 643878 182872 183421 642790 28935 183312 182988 598808 641996 595374
2585 1066050 613079 833006 833063 832777 840257 832530 832435 832743
1118238 642799
17447
951668
599973 598637 598640 832743
622887 1093910
951662 832695
774071
1118337 644014
571063
29012 1127732 774988 1129849 1128879
889270 833010
776016 599684 833063 643549 599005 833138 595056
776011
776013
643427 930635 950346
832575
571068 832530
776019
791623 833137
595231 775571
597109 833006
613263
362311 613017 613225 772815
642919 1118314 770707
613269 833101
597102 950389
770120
28352
951244 972244
622992 622990
622993 623059 546671 623077
622990 622701 621143
832606 622834 949828 951798 776804
832525
773622
773845
772869 29010
643583 833034 598271 1196193 1118356
389366 774533
389833
774915 362362 387836 1066295 362779 832776 229828 362106 613229 362370 600880 546212 600847 363373 363359
773849
1118667 642644 598842
599200 598482 833137
771622 613079 613064
1093910
774099 390837
28256 840587
1127906 184092
418867
791442 832359
20798
211630 931586 622722
546097
622196 950739 621767 622197
622197 621767 950739
62962 643052 641880 643838 642488 598574 644028
418460 419376 419492
62960
62967 642270 642242 643958
62964 642488
418466 419558
772917
772913
1118222 642468 643856
419338
1196194 643833 832359 598271 599787
1196197 832359
1196190 644012 642500 599529 644014
419333 418782
1196192 599682 643221
1196193 642247 598720 599825 598027 643063 599338 642875 642451 642499 643226 643204 641947 642497 598646 832359 643833 598480 598271 641977 642673 642500 643909
845188 770707 773618 599338 1118414
775594 418948 418947
598574 642488 770707 832359 599825 63033 63004
388418 390499
951237
938945
600885 774417 600902 1067720 363373 546539
599996
600880 1067720 642472 362106 546089 546549 546539 951798 29025
791840 599326
643836 643837 599395
643837 599694 643591 599395 599787
643838 28939 642243 770707 525652 776156 63033 63004 598689
388402 388756
418993 951260 950392
418992 418578 770707
833116 362062 832743
599998 1118314 938270 599998 1196191 121 642451
388404 387944 774020 390362 389491 390830
419022
363373 546539 1067720 1129271
621645 949580
621644 950416
598804 17459 599310 598808
598805 833138 643833 642524 599326 770707 598809 643922 597896 770474 775565
553000 233588
598808 832359 643275 183459 599310 184092 1118537 362125 2032 1118219 182872 1196191 642508 28935 643878 642500 770707 183312 833137 29026
598809 1118636 1118529 641966 642468 789964 833138
772001 28583
1062788 770457 770707 418578 49009
418682 949593 419123
768 361248
546493 3305
621518
419150 419148
789964
790179
622646 571080
643956 892868 770707 1196191 1118499
622732 621767
622733 621767
771294 832766 1066278
771295 643694 598309
971740 621760
1118356 833138
771299 546272 546273 387836
390420 1006864
643958 1118543 833170 17459 642668 599322
390169 390167
390168
771100 419203 613042 600874
641882 833170 1118157 17459 642451
641880 1118219 770707 63004
769798 418782 28376 418559 832695
771109
390167 951441
621422 1118314 1118159 770707 1118248
775118
775449
546472
211828
832435 832365 832777 833006 832419 832176 832834 832200
363193
184166 182872
950738 621768 623077
950739
594814
950734 418948
774533 833010
419492 418782
1118520 599511 643279 599697
1118178 598315
1118170
387338
595545 776028 595788 950892
621354
1123772
1118177 833138
770744
20201
388756 388856 390399 390362
840587
183490 642508 1118219 144692 182872 144643 144783
1127461 361399
233588
950422
641977 644012 598810 772812 599825
950427
268571
144733 182872 183421 833138 182988
949828 484159 546212 387836 389638 545986
22895
525659 598480 642535 832359
950889 832834 642270
28939 1299286 642272 643187 1081804 418578 770457 807897
361863 1067720 600847
595681 145792 770707 17459 1118248
1299286
1118427 183459
28933 28483
28931
525652 642499 643833 598646 832359 599529
774408 642270 643549 28959 598309 599326
28935 183459
950887 621765
774707
268978
613303 771244 17459
598027 776156 599640 770707 891741 599529 1196191
642849 1118636 643201 643308 467172
770 389744
774100 832520
594628 28573 770707 598271 643909 599825 28544
642535 644028 642799
1118578 642272
419165 1081923 1081921
832981
28483 28572 28550 28510
28481
28339 770707
361911 832189
28485 28687
644057 153 599684 643899 770473 599005 776380
774081
28336
1015906 950952 951460
770259
643226 598484 643703 153 152 598482 770707 1196191 832359 770474
643221 1118219 770707 1196191 832359 833137 598847 1118314
22311 418948
419123
613121
770254 362364 643063 643204 28941 832359 643909 28494 598646
770257
950184 389786
268806
950957
950952
26429 643467
26427
26425
951835 643683 832766
28459 28494
747779 775617
642990 598480 642098 643909 599825
642991 642272
599322
160667 833137
599326 153 773924 598309 775565 773930 642524 770473 770474
599327 770707 598637 832743 28656
613017 613225 613228
1118636
494439 772812 268621
840525 1118301
418822 771244
930793
776482
377261
160669
777041
361665 613048 613228
389759 950714 950715
599338 744852 770707 832359 1196191 598720
107178 770707
553070
642668 599201 832359
770823
28456 28685
776808 361213
776809
776806 361646 600874 600847
776804 546212 546670 546216 388145
776805
642195 153 770388 777123
950892 833010 833011
1066670 772814
776156 832359 599535 642499 598646 643833 599529
791504
770159
376027 642098 643914
211999
791501 599684
387836 774020 211989 183312
745581 390007 950714
597029 775159 1066546 613079 832365 774416
807897
613307 773618 1123264 772812 546674 613229
390930
613304 1066546
832366
832365 950389 833006 832176 597096 832834
832362
622854 546115 546444
546271
546272 546273 772812 268171
546273 622722 622721 931586 546671
1015563
623077 621768 622673 621767 546671 623061 950431 623059 621629
951875 594838
546279 546694 546693
623079 769415
389628
832763 833008
832766 833242 28682 774988 772813 546694 772812 546693 375465 774559 774020 229828 773393 391081 388887 622553 776820
1509565
546115 621629
832768 642201
890363
739430 184092
28523 950714
17454
951612
17459 643277 613270 833170 598842 613205 613203
387530 1127855
598637 599312 107753 598879 599239 28656 832743
599825 525638 832359 643275 599823 644012 599640 388537 362125 642451 642270 375878 642799 643833 644015 770707
951588
1082303
776028 833010
771928
391014 389492
598639
598638 28656 770707 832743
362362 1128804
832419
484159 546549
613279 772814
623299 623135
391012 951441 951607 390620 951592
613273 832530
484151 771259
642799 1118414 832776
613270
773618 28551 613042 832776 613229
389936 770707
951279 642940
741132 643856
623103
773616 613202 833006 419614
599692 598847 599694 770707 546262 1196191 117
599697 643279 1118314 1118157 770707
599694 643727
539180 832176
599699
362106 599645 361490
390800 390800
622502 622089 621767 950372
775612
791277 833137 598464 598465
832214
773891 29007
1127918 641947
775617 642673 595360
418850 772814
772238
773130 623135 362287
598927
773322
832180 833242
622188 769914
546089 600903 600874 773811 600847 772011
832189
390973
773275 546667
773272
643187 770457
62956
362566
772676
642499 891741 642497 26430
930857
597979
771696 546443
891741
1118219 182921 183459 182860 184150 184092 599234 643456 642098 641996 182872 642790 183999 184142 182875 643275 183312 643063 182988 599005
419325
1062955
621744
419326 419148
1118210
1118212
891585
622438
63029
951124
951125
891583
771692
28691
622434 621767
362588
600896
467195
600894 1067720
833101 775090
387893 391123
600898
950620
621630 622606 950690
621631 210815 950520
363365
1129271
419039 418948
1128901
210359 621549
775997
598810 644012 643275
419148
621569 769415
930635
771753
1299255 28687
643794 641996
643922 1118529 641966 833063 770707 642468 833137 770474
418704
390624 390499 951441
596889 613079
622721 622722
388697
390620 774020
622722
28431 28375
388699
622729 950852
28656 598879 598640
390628 777157
389427
833034 107088 777157
107752 107753
107753 599239 598640
771115 936831
1127732 29033
840061
773711
183312 182872 773811 770707 362125 182850 796754 1127394
390399 777157 388856 388535
546469 772812
775439 623118
769415
769414
840265 832757 1118301 770707
775432 599823 29017 546453 832776 1066262 613049 1066546 613225 598842 833242
951876
775430
363186 951783
775436
546464 613197
775126
1128879 29033
1118144
622074 951048
598104 641996 770707 1196191 1118248 1118314
144692 182872 182875 833138
1118142
950091 971538
951798
599511 643279 1118314
797544 19941
951883
594838 770388 1121280
951328 622889
775867
744852
642940 744469 770707 746173 951441 950912
770736
770737
160636 833137
770738 643899
643727 892868 184142
1081804 28959
106760 546541
950431
771609 361646
775543 832378
641988
621677 623122
595051
29033
29032
546519
419077 418482
595056 3373 770474
774411 832520 833062 833063 388688
774417 832776 1067720 613042 546539
774416 597283
643703 643701 643909
1064981 28355
938268 599684
934287
790803
643701 183459
951330 622606 621549
598035 832359 600861 833137
775940
776361
1118543 643277
642524 832359
595232 950397
595233 775571
1118548 183459
106783
599201
770081 613064
832993 770267 770260 71023
643063 1129303
644028 1118414
774524 546443
28499 775565 770707 598482 599640
774521
28356
28494 770707
28495
938192
770642 833062
28355 362364 770707 600861
62989
1081799
643218 642270 28959 643903
78952
772480 546248
22231
770668
949944 642270
268810
950943 621153
26430
26431
1074469
28422
1123264
418957
774701
949948 390618
776966
387638
776235
641966
951154 641996
643456 770707 183459
525665 832359
770468
1100140
642458
28922 419559
642986 770707 546262
418952 772815
642451 642500 1118314 1196191
643109 643262 642243
613060 613079 1060421
613066 775152 770457
642270 950389 1129289 63004 642500 1127709 950039
613064 1066546
642272 770707 892868 28959 1196191
483828 1067720
951460
361471
949542 833008 833012
28583 774178 949857 773664
391081 389268 389498
776496
389749
361670 362020
389741
738964 183459
776228
389744
770267
770260
770262
776815
642673 744991
144723 833138
153 598750 833063 643683 833170 643856 642468
776380 29017 833062
776143
600843 772812
770479
776630
595461 777157
951465 833010
951464
951467
776148
744689 643052
832176
951463 211885 833010
951462
776384
623151
950937
832378 832530 833013 776555
60387 623131
81375 81471
152 642247
623061 621767 623059
623060 951632
950932
772281 833011
3373
546265
1093287
546262 770707 832359
772141 832757
389638
832777 833006
28488 770707
101110
363035 1066546 772814
418554 28323
622622
389637 777157
229828 772809 772813
362779 1066546 363359
951601 833011
951605
17461
951606
418559
598640 599312 598879 599239 832743
1129289 833170 546453 832625
598646 599645 770707 362364 1129303
776038 390832
361287 951441
571080 832530
776030
598484 642098 832359
362370 773811
484149 1123381 773811 493279
598480 770707
773602
598482 832359 28544 642098 833137 1065760 770707 600861
598483 832359
613202 643694
613203
613201 17736
623281 231751 950416
613205 773811 772815 772814 17736
951269
389251 777157 388758 774020 951592
623118
545992
951262 833010 418447 832695
772531 29007
623110 621768
890517
622538 622889
622673 621767
362975
599682 770707 1196191 117 598271 641996
951047
642831 599974 770473
390362
622532 774988
951048
773862 599654
773516 833010
832204 832869 832904
1128249
832200
546674 775150 613229
21371 599789
546670 546443 546188 546668 546187
546671 1118499 1118300 772815
63013 642488 599535
1127926
210214
832197 1121280
546078
599614 2032 643277 1127709
211342
419611 419554 418448
418449
418448
362364 770707
622888
622889
418447
773268 546534 1066546 361248
642547
930210
621759 622710 950174
1553715
1553714
211989
832776 613048 613044 772814 1067720 613042 833170 771244 832831
949545
419614
833137 184142 1065760 160739 160720 160700 117 599425 160657 599790 643308 770457 643467 643833 599301 160701 29026
362590
418482
1118563
833138 773922 833062 833063 144643 773930 599424 144783 599974 1118529 2032 770707 600861 1118314 770474
951130 621997
390499 388406
623016 623135 622501
1121280
775048
1118561
595940
195189
600866 600845
770367 832530
467162
467163
643854 770707
600861 770707
1129264
622089 621767 622088
546188 546187 546185
621997
419009
419558
419559
621629
419554
772809 546066
546187 546443 546668 546185
546185 546443 623129
744991
931732
951231 211885
595358
951608
971538 951775 950174
892119
950185 643934
390143 391232 950714 833010
596898
622712
643934 770707 1196191 1118499 641996
388688
1081921
86 599789
553045
1128024
546456 772812 546539 268621
268171
833006
546453
1127709
17503
390612 1081919 951441
1127855
546694 546443 773674 546054 546693
546693 772812 773674 622846
1128804 362062
621192 623114 774720 770409
229360 832530
595492
1118152
1118499
1118156
1118157
182872 182921 183438 182860 183459 1118537 182850 184150 182988 183421 183999 184142 183189 182875 160648 183046 183995 182858 184092
1118159
598130 770457
950715 390115 391232 29010
184142 832359 119
182875
49009
1078136 28959
599529 525638 770707
832869 832904
832870 832747
939057
938299
28732 773674
770724
770726
28555
771381
950520
950397 833063
28551
28550 28572
28323
771387 832757
775555
833062 773930 833063 771256
576994
1129160 184092
774988
576990 546201
775552
949551 613078
641996 934501 1118248 183999 642508 770707 598271 1118314
29026 770707 2032
641990
576998
29025 1067720 770707
771410
1064998 770707
950372 600840
938270
183459 160726 643878 1196191 643308 770707
774178
268958
1081251
390480
597283
160720
160726
388823
643591 770707 772812
160728
268621 621762 772812
598005 642247
775957 643694 840657
599239 770707
388887
1118559 599789
184092
599234
546443 774720 600903 600877 546054 770409 771504 949540 546668 950702 775390
771256
771706
840311
771700 621143
771702
771703
621773
774559
767 390827
771259
1060052
773606 622899
643204 770457 770707
361248 362062
776555
643201 182921 642201
210815 951454 950416
598315 1127471 775565
951632
951609
950975 600840
949934 833011
642500 832359 643275 644012 644015 770707
553090
1081919
145792
599306 599310
971846
599301 832359
1065485
840257 769595
773600 832695
770388
28951 29003
623285 267257 623131 621767
832834
28955 121
600763 770707 775565 777123 770474
28957
832831
28959 770707 1128366
389048
770473 599684 833063 599005
1128949 643277
770474 599684 833063 599005
951592
774720
642242 62981 63018
642243 595788 770707 1196191 418578 832359
951775
642247 770457 770707 642790
613079
613078
598720 597896 770707
268952 600863
160648 183421
546855
267460
777157 389786 390364 594816 388300 595360 390700 388758 622896
418578 595788 770707 832359
144643 182988
1078093 29003
642644
390928 390007
361646
361213
949844 833012
949845 832695
949842
388758
934501
770272 833131
890625 1066278
770274
776820
1129849
546068 546054 600903
776600
389793 951441
950176
598319 1127471 775565
776607
621258 204237
951452
951453
951454
641947 1118300 1196191 1118414
950039
623114 950702
951324 622606 832228
1066585
832695 951205
390007
951260
951858
623059
933347
546212
546213
623057
546216 772813
28470 771242
546215 389788 772812
493279
776735 623081
950714 387943 29010 833011 388721
1066278
776732
599425
622834 772812
832747 832757
776739
832743
17478
642468 643856
832520 772626
1066050
362291
1299205
1066295
773381
1066292
773388
772257
599684 775974
598493
1058391
773671
598496 29011 772814
773674 28682
890523
775673
832904
546328 950600
546329 949580
545983 769693
623129
775433
545986
389268
599292 773811
623122 622087
418784
387944
387943 391234
418782
418783 419163 832239
773812
773811 833242 642098 546247 599654
28579
390827 951441
121 29017
546669
546668
741462
125 832359
770409
1066129
832239
775636
390364 770707
546667
832920
775632 390618
390115
1128366 642488
1006864 81471
951783
546066 28943
546060 949580
770703 600877
484287
622899
622233
622896
390950 951441
949585
63018
621768
621769 621766 621767 622606 621775
773924
598855
773922
790034
621760 621764
621761 621763 950600 621767 622715
621762 772812 3305
621763 950600
621764
621765 621766
621766
621767 622370 621770 832530 623081 621153 622715
599789
17704
17705
17702
771795
418948 418947
17701
418947
571047
949580
1058539
599787
418864 772815
950346
890535
772034
467175
600874 1067720 546539
600877 949593
28556
1118371 29017
467172 182988
598879 643052
362125 599645 599310 770707
772813 362287
772812 833242 622846 546054 388851 599654
772815 419544
772814 613044 419544 546534 833170 832439 599654 28377 363429 546682
772817
1066546 773808 950956 950915
419544
832650 833242
597317
775090
1118301
1118300
951121
1091385
1067720 643899 546248 28544 599654 613225 29003 771400 600902 363429 600847
20344
643909 770707 1196191
931586
267374
643756
418866
622701 621143
643903 643052 599640 597895 63004
599574
599654 1123381 546539
546440
210212
546444
771131
833014 833013
833013
833012
833011 29010 771400 951153 951567 833010
833010 775971 391232 29010 388721 951151 774117
1062973
546682
951607
775389
212053 769595
419157 613049
598128 832359
183438
182860 770707 1118314
184150 642508 1196191 1118314 599005 599003
598126
211885
777207
1006640
621143
772011
1118414
594816
599535 63033 467203
771398
29017
950389
949593
769693
949595
29011
29010
28544 770707
160657
29019 833170
773031
419163
936831
832439 771244
950418
71023
775565 599640
546539 600902
1121490
623234
1080026
546534
950416
621818 621770 621819
621819 621770
775964
775966
950362
183421 1118314
771400
1123381
642879 1118529
388001
375878 832359
418442
160739 832359
144783 182988
950601
642497
613042 613229 613048
642875 770707
643052 770707
1118529 833063
642508 1196191 642790 1118314
595788 770707 832359
938641
1065760 770707 117 832359
833244 833242
770618
833242 1127551
643694
771244
388300
950702
771242
950690 622606
770663
267257
643279 770707 1118314
231751
643277 833170 63002
643275
774768
598144
598309
418949
1074443
950960 832530
599312 643878
160662
599310 770707 832359
1075402
642472 770707
1118345
770443
971878
375987
642488 63033
160701 832359
28943
28941 770707
599395 643910 182988
1060421
595490
595360
28949
22324
28663
642201 770707
1553716
613048 613228
613049
644012 644015
613044
740897
553059
642253
22928
643308 642790
22691 832757
28585
777123
596962
622723
361490
361897
1299279
598276 770707 832359
949857
28376
598271 770707 1196191 598689
949996
595560
832625
1078062
770286
467203
599005 599003
599003 770707
776549
833131
744469
389788
389786
832359 525638 117 599823 599790 598847 598840 598689 599640 28573 770707 160700 388646 1196191 770457
833250 832816
531049
390700
63009
1066593
950956
388856
531042
388313 388312
951849
951205
388312
546201
951842
951840
613197 28377
951845
388851
389492
389491
621549
642098 770707 1196191
1066262
375465
1066260
389498
832757
1066267 613228
1059472 622553 775404
623081
599821
832530
613230
182988
1059121 623131
390498
545882
643833 599790 1129303
1058706
362287
773391
613225
773393
388145
1059493
773394
773397
19941
595732
951567
613228
613229
598663
623135
183999 1118248 28573 1118314
890537
773664
623131
525638
598464 598465
598465
771430
183995
622370
63004
1127471
951441
770111 832228
773808
81471
1299290
950852
643856
183046
600863
117
972244
832228
63033
20751
119
622846
599823 770707
796754
622088
644015
772626
600903
600902
598750 2032
546054
388721 391232 391234
613319
63002
1118248
598840
598428
930817
622968
597096
363359
773930 29007 833063
892685 833063
599790
363429
546247
1129303
17736 775394
599096 770707
951151
951153
770199
643878 775974
62981
418481
391343
600848
775325
598847
597896 770707
597897 597895
598842
597895 28573
600840 600840
391123
1129487 833170
600845
600847
390837
622553
418552
950392
390832
390830
28510 28572
622006
622087
772533
599424
598689
840657 770707
769595
1118314
1118315
950692
419203
546248
363390
949914
746173
776139
1091158 621803
390618
840381 770707
362020
643910 892868
622777
390611
643914 770707
599645
775150
391234
775152 28375
391232
599640 770707
775404
775159
833063
892868
388537
388535
211782
775393
621775
775390
419376
596941
621770
769914 29007
769770
808135
769774
204237
621394
622606
183189
621153
547012
622710
938475
29003
29006 28573
29007
28573 770707
28572
622501
28570
770707 642790 595374 643262
390141
160646
950178
775394
269007
546549
621803
419199
546541
950174
775571
622715 950600
950350
182921
775971
598061
775977
775974
951669
774117
950600
643549
419349
28683
28682
28685
28687
1081923
160704 833170
774280
160700
388406
1127394
28370
949540
3305
28375
644016
28377
644014
28379
772117
389832
1127551
1118537
643683 1196191
951667
388646
182850
775882
769695
1196191 643262
182858
1065028
771504
776387
774020
643262 595374
833170
642790
613216
28613
950912
599974
950915
770457
1118622
362062
2032
553042
107088
833008
643899
949589
832816
643467
361399
595374
