211995 1118314 950880 1118319 950882 545185 545478 950683 1118631 545007 2154 950636 544902 544907 641849 2261 544849 598917 598915 951497 1118157 621114 643122 621652 1118248 1118136 599750 545110 165 545237 599383 1118705 1118545 888313 1118522 623204 675796 544918 544917 545529 832669
891741 598498 832546 832541 598027 599628 642469 599982 599721 299423 599551 140593 599150 642139 299451 599240 642289 301321 599712 176504 832917 300013 25814 832669 300075
642386 641835 643056 545171 599216 598462 182795 642913 183479 617937 598837 642099 1118191 832872 598398 599783 643660
642381 545303 597933 533946 599627 69 642947 598362 598400 2154 303953 644054 598915 1118157 621652 1118159 597965 643908 300827 300902 304079 1118706 299694 176159 545397 599021 1065090 176368 521198
643310 598261 300655 982300 642733 643615 642913 598462 832546 641967 938902 544772 599525 304105 544811 545352 2500
544769 599849 1118219 597933 598069 1118657 599627 598438 301171 139 643917 545206 598261 544827 643827 1118350 599215 1118677 2154 599035 642099 1118271 641981 642017 832272 832654 1127444 1118668 643615 160032 642775 598655 599140 2500 521198
165 545188 95529 300973 300609 545185 598993 300415 598658 618193 642475 544824 545415 95488 545007 299394 642922 642156 598201 186533 176243 643268 95513 641807 301068 599056 95240 544779 300431 545238 598742 611286 545509 301414 643711 598629 176432 599650 599548 304064 598866 598604 643994 233021 299530 598867 597953 598202 598868 642775 642776 832609 1065076 95910 304055
1118219 599866 599999 183479 832546 598223 598261 833140 642820 182795 643971 641967 183368 544780 545492 183366 643221 832272 545160 832654 832301 599426 299872 545154 833071 545159 299745 183495 183146 598789 832872 544973 641996 832930
544767 642651 303895 299694 598607 544868 770707 599496 598225 545303 544778 986263 641853 494 69 300827 644054 493
176231 832546 1118651 599517 598658 642477 300045 598201 599454 598661 599072 642764 642312 642760 299361 641807 598136 299451 599266 832917 642776 598787 642759
1118649 301101 982312 832780 642288 599668 301095 598852 599566 599634 642948 832687 599838 159909 300637 304022 643886 598917 642563 642889
1064891 545303 545305 303905 598385 545397 598894 598456 643933 304145 545020 598417 599411 832687 599496 300655 301550 544986 176486 986263 643475 544868 303895 641849 642702 544805 303997 599872 643302 641925 643121 597965 643005 598983 598577 300827 545231 598401 544952 644054 545155 598225 299694 299384 544778 641853 642616 643119 642563
598362 643359 304127 643707 598791 1118327 300881 598686 599158 642948 938902 303953 642447 304079 598677 301095 599877
643827 301101 599849 1118678 599652 598438 598498 599056 833028 832546 643832 642099 643937 301171 598787 1118192 300381
599600 301017 643994 599849 545245 611286 301132 140949 832546 304064 300636 844342 833028 300442 300221 545344 301171 301172 545346 545347 598899 1016754 769973 642475 300160 300046 300162 544824 545415 598868 95488 599454 599455 299660 545140 140593 300024 300328 300105 643009 95423 643687 642764 642922 643686 598017 300559 95513 95983 642037 301068 1065361 598936 832450 832609 544779 832197 300415 844431 599387 176228 598628 598629 176432 833031 642731 599548 598993 598606 844457 300044 95119 599002 832917 300431 544874 643440 598787 740420 642759 643698 304086 545348
598201 598608 300973 95119 617988 599455 598993 599517 301234 598658 617736 300045 642809 598202 599454 300169 599266 642156 598602 599072 618062 642760 641824 95513 232911 641807 3480 598136 772026 832609 304055 545358 300415 545344 598661 643711 643713 176432 642731 599650 598868 598442 299532 233021 301546 832917 599365 642775 642776 598787 598866 95910 176243
598577 545189 598225 304145 545020 544889 892868 598522 544986 545375 544868 303895 642702 545499 303997 641925 643263 643121 545254 544892 597965 598401 545155 598607 299384 3092 412864 642563
521220 643097 643157 598655 598791 643937 301172 643849 598261 642475 300121 544809 599158 303951 303953 642097 598917 642556 643207 299897 642694 599525 643832 642733 599580 832930 140546 598632
598957 776156 832857 832272 599048 1118327 1118159 621652 1196193 949714 1118641 643593 832669 300836 1118735 598961
1065431 300043 183479 598398 299869 599216 95781 299337 770707 599617 642482 300974 301383 545026 1118137 545432 544780 1118191 643689 643751 300381 1120035
599072 643711 1118706 599517 598608 598202 599454 95119 643713 1118568 300973 641807 176243 545358 301234 598787 300415 643698 599266 598661
642703 598853 545150 300056 598852 598332 599493 597953 597951 844342 599627 641852 598831 544915 598747 599144 598876
642702 643097 545305 545246 598387 643933 599627 598791 62589 832687 599496 598850 598933 300902 559797 599158 643121 643264 599838 300827 304173 598929 598603 3092 598655 642307 642445 643404
642312 599619 599650 643994 642037 598136 598602 299660 982085 598787 642759 643698 598604 212260
740792 301017 833031 643994 598606 545140 832546 832609 844342 643440 598787 599652 545346 643698 140949 642759
642311 598853 643097 844404 598933 642860 599557 643707 598603 598849 642339 599627 598917 1118651 300017 598673 642309 642307 544915 839624 598655 643036
304014 598858 1118545 1118157 1118631 641996 950683 598298 1118520 770707 1118248 642781 544903 544904 544905 1118522 599825 486 599699 644056 492 544790
303911 545418 545303 303895 303915 494 299694 545098 545397 544986 580431 544778 304145 643522 675796 544889 1065090 493
304017 304145 545303 1118545 1058395 545098 545246 643121 545186 545185 544778 1065090 643908 545492 544889 69 643119 545499 621652
303915 300902 545303 643086 545305 1058395 299694 545069 621652 1118159 545397 643121 1065090 544887 494 644056 644054 545499 304079
642038 95529 1064719 598121 832546 643593 159909 643886 982312 641882 1118677 599018 644054 643086 643122 597965 545110 1118170 486 599208 642651 96032 643908 643119 598781
301383 145065 642482 599617 1118657 598654 598438 599783 522478 545206 598261 299872 160032 1118671 299397 599661 642459 1120083 643689 598398 95240 1120035 599774 299869 1137947 599140 544811
301068 769973 598936 598608 641824 642037 598136 1138180 598602 95119 1118568 1118511 643713 599517 598658 598787 300415 643698 212260
642139 643211 642123 642017 832546 599570 644096 598852 598851 598497 642471 599601 299423 599158 599150 642982 1118198 642760 642112 599240 599750 1118707 301321 176569 643196 642469 832917 300013 642981 153
1025151 832546 300637 599570 644096 642477 598497 642471 599601 598498 643371 642479 140593 176250 642982 642981 598661 642731 301321 176569 643196 642469 832917 300013 643429
160127 545254 299894 303905 643846 598522 598386 544892 303895 599411 544868 982128 303897 300826 301550 303997
644056 1118314 1118319 545243 599257 1118252 545477 492 1058395 545069 598858 544903 544904 544905 545492 675785 544788 951497 1118157 642172 598298 599699 1118248 545528 643630 1118159 599733 599899 1118520 770707 598723 950683
643056 938902 300655 545171 643157 598462 643931 598837 641967 643505 643937 544772 545352 599020
1129141 300973 299883 1064773 299394 599517 617736 598936 300484 642514 599455 599456 642339 643691 641807 95240 300431 598742 643711 599619 299532 176243 618193
300394 1064719 545303 96032 299694 598724 598121 545397 844628 642781 1118136 600024 176296 599385 69 598781 493
1073689 642477 643268 598497 642471 642123 642469 599601 522371 300075 643931 522927 598653 599014 642479 643937 642099 599580 642571 642289
833031 153 299883 832546 545348 300221 545344 545346 769973 832197 300044 599454 599455 643686 643161 1118320 832450 95240 1121280 71 772026 598606 1118568 832609
599733 301101 599208 301099 299694 598724 598121 299423 598781 600024 597965 844628 949714 642189 71 1118319 599385 300748 598416 598415
95138 642112 643738 642642 1112850 599601 598916 598929 598498 832546 598791 300017 598666 598417 642742
1118169 643095 643157 599435 597938 599740 598223 300526 545223 304105 544809 643579 675802 176274 832718 832272 832670 832654 832301 301009 599426 599140 2499 545158 643505 599580
304145 545303 545305 950882 544889 545020 544887 494 62589 545237 493 545418 545069 544986 303895 644054 545499 643122 621652 643121 544892 300827 96032 545155 299694 598607 545409 544838 545397 544778 544917
176243 300973 599517 598658 642475 300045 642809 95488 599456 598661 300328 186533 95513 641807 3480 598136 299451 545358 599266 1118706 1118568 597953 598868 598787 643698
643192 140881 642477 300043 299872 300484 642482 598498 599617 832450 1118651 598654 618300 643117 844431 1118344 95910
832609 300973 832721 1118511 300221 598658 598899 832197 598202 545140 300024 642156 642037 3480 544779 545238 599266 1065076 643711 300559 1118568 598868 844342 545482 598787 599056 300160 300162 95488 599454 599455 599456 642922 642339 95983 598136 1138180 642694 545355 300609 599652 598606 641796 598442 304086 642759 545188 299883 598993 545348 545344 545347 545346 611286 642514 643161 1118320 304055 844431 598628 598629 643440 642776 643698 617988 301132 300442 769973 545009 300046 300045 300044 545007 643687 643686 642764 642016 598935 832450 599619 95119 299530 740420
1113376 982312 642651 176628 598724 598781 844628 599634 600024 304070 599385 643886 300586 598416 598415
140546 599849 643221 545171 160032 643615 1118677 1064773 599845 598655 598787 642099 599140 643698 1120035
95529 599056 599652 299883 598136 95488 833028 1118136 545432 598787 598121 643698 1118671
623204 104522 545186 545185 598456 598893 304062 544889 545472 304100 545223 599099 642820 545069 544949 545099 751990 484695 544907 544962 545499 599873 544919 621114 832670 621652 545254 544908 544778 545503 545237 545230 545170 599718 642503 544959 545157 598723 546062 544795 600011 545496 544876 544917 303884
599774 598462 599627 598654 598438 139 299930 599216 1118671 522371 642459 1118191 598398 599877 938902 1118344 1118620 545171 770707 599617 643751 545432
832780 3092 807888 545155 833071 598401 832546 982128 598894 125 599825 1120083 300826 300827 303895 643475
598777 643807 643086 545305 299694 643120 544838 643354 844628 545397 599634 545303 545110 494 643908 644054 598781 493
599517 300973 599841 617988 599455 599456 301234 599519 598658 1118568 642860 644096 769973 300045 642809 598202 617736 599454 300169 642479 845037 300328 618062 186533 642760 232911 641807 3480 598136 642475 299451 300415 545344 599266 545509 1118706 643713 642731 598608 598606 95119 598661 301546 599365 642776 598787 95910
599519 642475 176432 599650 598933 642807 598136 598653 642479 1112670 599266 598983 642981 598787 598742 771165 643961 642860 598442 599841
598677 643359 1064719 599627 1118271 545280 1118678 301481 599557 599661 598791 1118192 643120 300848 1118327 643264 599384 599383 176455 300985 599566 642309 642447 544915 176154
1112670 599943 1064859 643271 642178 832546 598653 300637 643946 598673 643961 643270 642477 642475 300655 642642 642807 642479 176250 643516 598872 599154 642571 642112 644011 598850 598700 643713 176432 299701 599706 598881 856014 23682 643194 300013 643117 642216 643677 643404
545206 545267 597933 643354 493 544827 545160 598241 642820 544924 522371 544809 599034 599035 303951 545493 597921 759 176282 145034 1118620 599204 1137947 598788 599140 544811
641925 545189 303895 1118620 642820 832654 643121 176486 598225 599034 986263 544792 643005 62589 412864 69 642563
544945 642688 599634 643630 951497 299694 545098 621652 1118159 159909 643807 544892 580431 545303 643522 176159 544918 544889 1065090 545237 644054 493
580431 300056 96032 299694 643807 544986 544778 1065090 641852 300022 599385 304022 598831 304024
300609 598935 300056 642731 300045 300973 598498 1118320 1118568 832546 642037 832917 1118511 545344 598787
545418 545303 597931 545307 545479 545160 1058395 544986 598956 544907 643122 1118705 544778 545110 545359 544952 544836 984268 545409 544795 600011 544919 544917
545415 1118511 545188 300044 545245 544824 770707 545186 545185 1118568 832450 544779 599454 545509 598787 740420 545140 643698
599454 300973 299883 599841 617988 599455 598993 599456 599624 545344 1118568 599266 598935 545009 300160 300046 300045 642809 95488 545007 299394 642922 300024 598837 643009 643686 618062 642218 642016 232911 769973 641807 641806 832197 618193 544779 304055 545358 844457 844431 611286 301171 598629 772026 176432 598608 599548 598606 1065076 598604 598602 301546 598202 544874 643698 95910 545348
599455 300221 599456 301234 598658 598935 300046 642514 299394 642156 769973 641807 598787 300415 545344 598661 1065076 299530 1118568 598868 643698
599456 299883 1118511 598658 545344 1118568 642860 545009 643268 642016 641807 598661 300559 598602 301546 599365 598787 643698
544780 642129 1118657 139 1118350 1118271 599238 1118559 2154 832718 1064740 545099 832654 832301 641944 1118137 599525 176169 1118668 545159 598785 544976
544868 545189 303905 642129 598225 545020 544889 62589 599411 832687 598400 643846 599034 986263 643475 303895 641849 303997 643263 62371 544892 300827 545231 545375 545155 598607 1064556 3092 641853 642616
1120083 597933 597938 299291 643937 301172 301590 599238 598261 300049 299423 641889 544809 300121 544902 183366 641981 545093 597921 641800 599752 599750 176274 176569
544866 303967 299494 300636 598936 545009 544824 642514 299660 617565 300105 982133 598017 598012 299361 642037 3480 598136 982085 304055 1121280 599619 599486 599650 641796 643994 176228 176188 643691
2261 545307 104522 545020 950636 544907 544962 1118705 2246 951497 544919 643122 621652 950184 304074 545110 545469 544836 545409 598723 544795 675796 544917 643119
544788 597900 599699 1118545 675805 1118631 598298 1118520 544790 642781 544796 544905 1118522 675785 545477 950683
642775 1112455 642471 232911 598606 598136 299532 832450 598993 598868 598435 642776 598787 617736 1064859
183495 1118678 299872 545171 642482 183479 1118671 770707 599617 183146 1118192 598654 598398 1118350
1138180 642043 303967 844342 95423 643994 299660 300105 642620 982133 598017 95513 598012 642037 300415 176228 301414 599486 95119 176188 599002 642759
545117 545267 597933 598456 1118657 598893 494 176397 493 2154 544809 599035 544803 303896 1064740 832654 145090 145034 2246 176169 1137947 544876 598788 544878 598785 832930 544976
545110 545305 950882 545185 951497 545020 544887 494 493 642189 545246 545311 643122 621652 1118136 545237 643630 545397 844628 675796 544917
299578 598069 643220 643082 160032 176438 1118735 145090 1118397 643931 599750 599627 643036 303953 494 598915 642947 832669 641981
1118668 545261 599866 599839 598223 598438 643917 644094 599238 299872 182795 522927 641967 183366 2500 832930 832272 641996 832654 832301 618300 599426 300275 833140 642445 643615 599999 599617 183146 545159 300354 599257
832857 642488 1118319 832546 599627 598632 492 599748 777098 544823 1118735 832687 1118198 1118327 598574 949714 125 1118263 833071 176569 770707 598961
1118545 599899 598858 545492 597900 544796 544904 599257 545493 545511 545477 544903 544905
599208 643814 982300 545155 545186 642189 597965 598781 1118136 599845 176296 62371 641849 598416 844628 599385 598823
598608 599627 301234 598658 642477 599889 545007 643003 1118247 642016 641807 545358 300415 599266 643711 300045 598604 545482
643424 545150 642477 153 845115 641799 300748 844312 642479 599225 844342 598797 644023 599438 598747 299353 777098
598606 299883 598658 598899 769973 300046 300162 300044 545007 300024 643687 643686 618062 642764 643268 642016 95983 598787 599652 598661 1118568 176188 598868 545482 642776 740420 643698
599204 599873 597933 642820 544924 545291 544809 544847 599035 2154 618193 2246 145034 304105 176169 832718
598604 299394 300221 598936 642514 95488 833028 642339 643009 212260 641824 642016 598136 982085 300415 301414 643713 599619 599486 641796 844457 1118568 176188 643691 598787 643698
642913 599783 599216 183479 1118671 598462 300974 642459 938902 1118191 643751 1118344 1064642
598602 1118511 300221 598935 598936 545009 598202 642922 212260 642037 598136 772026 599619 599650 95119 1118568 844342 598787 643698
1127444 544823 643097 299361 643849 832654 599215 1064773 300881 597938 832546 522927 599158 599580 598785 599631
545291 643095 545267 597933 544811 544809 301009 1120035 1137947 643937 544878 183366 599140 176274 139 304105
617988 1118706 300045 300973 3480 599841 598136 299451 598787 832917 300431 598658 598661
3092 599872 544778 299694 643121 544838 299384 544986 597965 303895 643933 643475 982128 643119 644054 598401
598202 300221 299532 301234 598935 300045 643994 300169 617937 642339 642156 3480 598136 598787 643698 844457 300044 299530 599002 832917 599365 643691 642776 598866 95910 642759
618193 598935 832197 769973 299883 598936 1118568 643579 642694 641806 153 545344
644023 642477 300043 1112813 598123 643751 1064642 599617 617937 832546 598791 617986 618300 300017 300974 643689 599783 598417 599438
300160 153 545346 300162 643161 301132 1118568 642156 545348 545344 642764 304086 598899
643036 599943 643159 832546 599627 643946 844404 856187 644094 598853 140996 598850 643430 598325 1118397 598918 598917 598915 300043 643083 643082 599752 599750 545283 304173 643817 1118705 176438 598849 23682 599659 643194 832481
300075 1118706 642123 598069 642017 950636 600011 599637 599627 832669 642840 1118705 832481 492
643359 1064719 176455 300848 1118327 598123 643120 643264 642309 599384 642447 544915 176154
643211 643097 642488 643176 642123 599627 856187 832687 598791 599158 832823 598916 1118198 598915 599872 1118567 598574 599240 949714 598666 1118263 1118707 568142 642469 832917 642447 544915 176368
545358 642809 3480 598442 599266 832546 598993 598918 545482 598787 598658 545355 301234 598136
1065403 1064719 599889 599493 642516 599068 599287 844342 598831 618215 641852 300022 643517 599385 642862
299883 545009 598787 599652 844431 643698 598661
643354 545261 950880 494 493 545280 599557 641889 544847 1118192 2246 303896 544849 545093 643814 599384 599383 545174 982300 984268 598724 544918 544813
62589 545189 598225 545020 598522 544986 598401 303895 545499 303997 643263 643121 545254 544892 597965 545375 545155 598607 299384 642563
522478 597933 597938 301590 598261 598791 300049 300121 544902 599035 545493 303953 642097 176274 643263 303893 641981 832272 832654 641944 641800 599426 599580 300354
598853 599849 643176 599841 1065524 598603 1112850 599627 844404 494 642860 598852 176159 599557 598325 598324 1118397 642339 642072 642889 643207 643120 643264 642307 545150 643817 176455 643615 598933 598849 599022 642447 544915 2500 521198 642759
176628 1118624 598724 598121 299423 642189 600024 844628 300017 1118170 599385 598415 598781 598823
598851 533960 844342 642846 618215 642688 598852 599889 598747 176154 598498 300022 839624 642218 598876 599627 598763 844921 545150 300985 95977 642426 599566 599659 597951 641852 644049 598866
598850 599872 1118678 598929 598498 598653 1118397 533960 598983 598603 844342 642845 982128 839624 598417
299872 642238 642482 599783 1118671 183479 599617 299869 183146 642459 598654 1118191 598398 1118344 1118350
599889 599493 186533 642516 598831 598763 95977 599287 844342 599627 641852 300022 643517 643516 642218 598747 598867
521263 598261 522927 643157 176569 599215 597938 299394 643207 599158 598653 642694 643097 598791 598632 599525 599580 641889 642097 642556 599020
545069 300902 104522 1118319 621652 759 494 486 545499 69 493
598858 642781 950683 492 1058395 545511 544903 675805 675785 544905 1118157 599699 1118248 486 1118631 599899 1118520 770707 544790 1118522 641996
598325 598265 599650 839624 642105 559797 1064773 599144 1118397 176504 599627 844404 599022 598787 545007 544915 599628 643698 598136 832687
598324 643307 643707 643207 641806 599845 598603 598385 598791 642948 598655 62371 598673 599627 642307 641849 1118263
522371 597933 599866 597938 643931 598438 139 304045 598261 642820 299291 643579 544924 599035 301590 545493 1118191 183366 641981 832272 1064740 832654 641944 544809 301009 300275 545171 1118522 770707 2154 599140 300354 544976
598918 492 643738 643083 643493 598881 598915 643195 1118397 598917 599752 599627 643946 642845 832687 856187 599629 832669 642216
300105 95423 769973 299660 617565 643687 642764 642037 598136 301414 598628 1121280 300559 599650 176228 1118568 176188 598787 643698 599002
1196257 642105 642842 844342 598655 618215 642862 597953 643430 599493 599014 832823 643517 598915 643205 599225 832546 844921 598922 643195 642583 597951 642846
675805 597900 545511 621652 599699 599899 545255 545243 544796 544904 492 1118319 544903 950683
643517 642583 642105 642842 844342 599627 618215 599748 642862 598935 599493 599551 642922 642218 1118247 120 599225 599387 844921 598922 95977 598763 597953 599287 642846 544915 599144
643516 642842 1112850 844342 1118651 1112455 642642 599493 599601 642807 599551 642479 845037 598916 642982 1118247 120 599387 598922 599706 642471 643961 642583
982133 598017 769973 545009 300559 598012 598935 642037 598136 176228 300636 1118568 617565 643994 598787 301414 599002 641824 598867
598917 300637 599627 618215 642845 856187 492 176421 599493 832669 599158 598915 599872 643082 643264 599752 599750 304173 599266 299694 643195 643194 832917 642309 642568
642981 153 1118678 642731 598498 643371 832546 642469 832917 300013 1118651 176250 642982 598661 642760
598915 643159 598069 643493 642840 642948 643593 642845 301172 856187 599629 140996 176421 1058395 301095 1118735 1118192 304097 599872 643082 598574 599240 599750 1118678 71 544813 304173 1118263 599752 176438 176569 770707 832669 599627 832481
597900 303893 599699 1118631 1058395 492 950683 1118522 1118159 544796 544790 598298 486 675785 1118520 545477
1118247 598922 642016 642583 598916 642516 598380 545007 642842 545283 832823 832546 599748 598417
642178 568142 1112455 642289 598797 643270 598498 642845 771165 1112850 598435 533848 644096 598666
642172 545280 776156 545188 599652 1118192 545307 3480 950882 1118735 545186 545325 301546 599240 599627 545185 598787 643698 832718
1118327 1064719 643176 643597 545432 545280 599566 301481 643999 599661 598956 598791 303953 642889 300848 643120 643264 599384 599383 176455 300985 642288 642733 642189 599557 642309 642447 544915 544972 176154 832669
1118320 299337 642129 832546 545348 301171 545344 545347 545346 599438 598899 598935 140593 643686 599150 643161 598628 544874 643440 140949 300442
1118248 176589 545511 544958 599699 642781 599753 545255 545493 599899 641996 545477
618300 641835 299337 183479 300974 598654 599783 300043 299930 845115 300484 599216 1118671 599661 643689 598398 1064642 140881 599304 299745 599617 617986 643751 545432
844431 301132 769973 300162 300024 643687 643686 642764 598136 300559 598628 599652 1065076 1118568 598868 598787 643698 140949
1120035 643095 597933 95781 597938 598893 643937 301590 598261 300121 299397 299291 544809 522927 642097 176274 641981 599877 597921 641800 301009 300275 2154 599140 300354 176368
643817 643307 598852 598123 598400 643120 599022 598849 599158 642948 598655 598791 300017 599627 1118263 642947 832669 598632
643814 807888 982300 494 600024 533946 1118170 642189 176296 599825 643886 844628 598781 493
833071 833140 832654 832930 642129 832301 597965 832546 1118657 125 303895 642445 832687 545155
643661 642688 96032 176159 642889 759 598849 844628 533946 599068 642289 598435 598831 643886 832687 844964
176569 599849 642123 598380 1118735 599551 642017 599240 598655 598632 599627 832669 1118263
233021 176432 599652 599650 300044 598136 545007 642922 598993 642016 545482 95488 598787 598658 545355 643698 771165 304055
642189 96032 598121 599845 533946 598894 599825 304024 598415 982312 598416 751990 300586 300848 600024 597965 599634 304070 599385 300748 545174 982300 545155 299694 598724 844628 598781
299494 598017 598936 599619 598012 599650 642037 3480 598136 95513 299530 982085 300636 599365 304055 617565
1065361 598261 643207 1064773 641944 1118657 641967 599627 642694 599839 301171 599580 642097 642556
599021 598261 176421 599548 1118706 1118677 598386 599711 643931 642948 643908 777098 300017 599018 832546 642947 521198 644036
599020 599849 1118678 643157 599999 545171 598462 832721 300121 598837 641967 303951 599839 598438 139 643660 521198 643505
642776 772026 300045 232911 598136 642475 832450 598868 642156 598787 598658 300973 599841 642760
599022 643082 598123 598400 598852 599158 643307 642948 598655 598791 844404 300017 599627 599629 642947 832669 598632
599140 643095 545267 597933 597938 598893 521724 598438 304045 139 598261 598241 300049 544809 300121 599035 301590 641800 301009 599426 300354 544811
176368 643221 642947 598386 299397 598686 176486 599627 642568 544772 598400 832687 641981
599144 598017 598922 642016 598355 545355 599493 642037 844404 642842 598763 832823 642218 599748 642862 212260
304127 971661 598618 545170 303953 642129 544949 598225 545478 938902 599435 545472 304079 545223 545379 1137947
545245 611286 545188 599548 153 545007 304064 544779 1118511 598787 545140 643698 642016 642759
641953 982312 300056 545098 159909 600024 599634 599068 598831 599067 641852 300022 304022 304024 642563
545243 1118520 545528 1058395 1118252 598298 1118159 599699 545492 545255 950683 1118319 486 675785 492 1118157
533960 599943 598265 598881 598929 644011 23682 832546 642216 839624 598866 599154 832687
598435 643961 643542 642471 1064859 644011 845037 832546 643677 598872 832687 642571
598438 599849 598223 597938 599740 521724 599435 139 599783 304045 1118271 598261 1118559 299397 522927 675802 642099 303951 642097 176274 641981 832272 641800 1118641 599631 300275 598666 599580 545158 643615 598655 832930
304045 598618 597933 160032 544809 1118137 642099 641944 599435 486 492 545267
807888 301101 982300 844964 301099 176159 1065524 598823 304070 599385 300586 598416 598415 642407
644096 568142 1118707 643543 599601 643270 598498 642017 642469 643371 1118651 832917 832546
644094 545920 971661 599631 599866 176438 598069 599999 641944 1196193 598956 950636 544847 642556 300275 643931 304097 643917 832481 642889
544823 1118706 1118735 599999 1064773 949714 300121 1118678 599627 125 1118192 1118263 598655 598632
545920 545261 299336 304062 597938 598456 642840 545100 599740 599624 300526 299354 1058395 643999 892868 303951 545493 544907 544962 544803 304097 303893 544801 545310 598069 832272 832670 621652 598788 643630 299897 1196193 176282 544908 304074 599637 545503 71 545154 545230 544952 544836 545529 545170 545379 642503 545159 544959 545157 770707 598723 546062 544919 176438 544917 832481 776156
544827 545261 599877 545170 597921 160032 545160 545186 544809 597933 599035 938902 599435 1137947 545267
299361 832450 641799 599650 643207 599215 642759 597953 642339 617565 844342 1118192 598787 301171 839624 599387 299353 599627 301414
544824 545509 611286 598136 544779 1118568 832450 642037 598868 1118511 545238 598787 740420 642922 643698 186533
545511 1118157 1118631 950683 1118522 599699 599899 486 675785 492 544905
182795 1118271 599849 599216 1064642 1118191 183479 643931 598837 641835 642099 643505 599839 599783 643751 599999 1118350
1064740 545261 599845 643095 643917 2154 598241 642820 544809 544924 599035 303893 643220 938902 145034 176169 1118705 599718 770707 1118137 643505 832481
643971 833140 950880 599999 832654 770707 832301 1196193 301009 1118657 1118137 521200 301171 642445 1118271 832930
599287 545509 599387 599493 3480 599551 598763 545325 642583 95977 599225 599627 618215 598797 642218 598747 598867 643003 186533
544986 545303 545305 545246 544889 1065090 494 493 599496 598522 644054 545499 545098 621652 643121 544892 300902 299694 545409 544838 545397 544778 643522 675796
599411 545189 303895 892868 598522 643846 598225 494 642616 493 69 545375 303997
140593 598628 642731 598498 1118568 299451 300328 1118651 643440 544874 140949 545348
303955 643302 598387 598401 643121 559797 598522 598385 545254 598225 986263 982128 642616 300827 303997 544805 545375 303897
303951 599849 545261 545267 950880 598462 598069 545479 643917 544809 544847 492 545493 544907 2246 544849 950764 971661 643221 599099 598241 938902 599525 176169 544952 1118705 544811 1118620 984268 545157 643615 545171 770707 1137947 642447 544972
303953 145065 545478 598655 598632 493 598261 176421 598618 1118677 299397 176486 641849 642889 643307 545093 599877 641944 1118641 598400 304079 1118706 544902 598686 1118137 642447
303895 545189 597933 303905 598386 544889 544792 598225 545020 544887 69 494 176397 598401 832687 493 1118559 892868 559797 643846 2154 599034 599035 986263 643475 643005 303897 544805 303997 643302 643263 643121 299894 544892 1118137 598385 599838 300827 641849 545155 545375 598607 1064556 641853
303897 643302 597933 642820 642129 559797 598385 598401 2154 544847 1137947 598789 598607 599035 641849 300826 300827
303896 544952 545261 599718 950880 299336 545230 1137947 599624 494 643917 759 493
771165 1064719 599943 642105 643271 832546 643946 642860 832687 642642 598933 617736 642479 642216 642742 599154 232911 598700 642288 643542 643543 598881 856014 23682 643404
303893 545432 493 1118559 545230 544809 1118191 544801 544803 832718 971660 643220 486 2246 984268 598241 770707 544796 832481
545093 598261 971660 545157 545099 598724 641889 544949 545379 545478 1137947 521200 544878 545158 544973 1118350 303884 598415
1016754 598628 598629 545009 599650 598935 598136 642922 545007 1118568 1118511 643687 598787 545344 545346 545355
599099 1118271 545154 545267 545159 832654 770707 641944 1118657 545493 304100 641996 1118350 492 950764
545099 545261 545267 597933 545478 545472 304100 2154 544847 1137947 971660 545379 1118137 938902 1118620 888313 545157 545158 544795 950764 303884
545098 1064719 545303 1065090 69 304022 304024 643807 598831 300022 675796 643121 544778 599385 300902 300056 96032 299694 545409 643522 641852
544792 144 303905 544949 598385 598225 176486 643005 641849 412864 545231 545223 303884
1064642 642238 299930 598398 845115 299337 183479 599617 300974 641835 545432 299852 643751 1118271 598654
642475 599849 642043 599841 598935 1118678 643707 160032 95488 845037 300024 642097 642016 598136 599999 598661 176432 598442 299532 1118568 597953 598787 643698
832450 153 545188 642482 545185 832546 844342 545344 617937 598498 299397 545140 642339 643686 599150 183368 598017 643268 643161 544779 545238 71 300559 598629 599548 300044 299869 545482 598787 740420 598866 598867 642759
599240 643176 642123 1064859 642488 599627 642845 598498 832823 643689 598916 599872 598574 598666 1118263 1118567 642289 599712 642469 642447 544915 1118735
949714 642488 642123 642445 600011 643946 599266 599158 832917 545283 832669 642447 544972 140949 598961 599383
300655 598261 597921 643157 642860 599557 598462 641877 844628 1112850 1112813 641967 643505 599383 599034 300586 938902
120 642842 642846 299353 642862 597953 599493 599551 545007 176250 832823 598916 642112 642016 598983 599387 598922 301321 642426 844312 642583 598332
544811 545261 597931 597933 643931 643095 598223 304100 643917 598261 2154 544924 545496 599035 642556 599525 641944 176282 301009 544772 545352 176169 545171 545158 545159 545157 598785 545379
599486 1121280 642016 598012 599650 642037 598136 545007 642922 598993 599841 545482 304055 545355 598787 599002 643698 599266 301414
301321 1118707 643542 642471 643543 599601 643205 153 642479 643961 642469 642216 643946 25814 832546 845037 176250
598724 950880 598121 598894 159909 599825 643886 598416 598415 493 982312 641889 643846 300586 599634 304070 1118170 599385 642651 545155 844628 599068 598781 641853 544878 599067
642809 95488 300973 1118568 300045 300169 599266 618062 95513 232911 641807 598136 598661 643698 95119 301546 598787 740420 598866 95910
545397 545303 545246 544889 643933 494 545305 493 644054 545499 950882 951497 643122 621652 643121 544892 544778 300827 300902 598603 844628 642307 412864
599566 598852 300985 643430 642289 1112813 599668 598849 599753 644049 599627 642288 642447 176589 839624 599557 642563
600024 1064719 96032 176296 1065524 598894 159909 304022 304024 598415 643807 643886 301099 598416 598121 301101 599496 304070 599385 982300 545155 844628 598823 598781
950764 545154 545267 545157 641944 545496 544907 545100 832481 304100 176169 832718
643678 599215 1118620 1118157 1058395 544772 1118735 598462 832546 545379 641967 1118192 643505 643937 599525 486 304105 598414 304103 492 938902
544918 643630 951497 950882 1058395 621652 1118159 643807 545478 599627 832669 494 544973 599335 759 545311 493
544917 545303 545246 598069 545020 544887 494 493 544962 971661 971660 545311 544919 544778 643119 984268 888313 545409 546062 675796 545503 484695
643677 599943 642123 1064859 545325 832546 598653 300637 643195 643961 832687 598497 599706 599601 598498 598791 642216 643270 598872 599154 642760 642017 643083 599225 598666 643738 299701 642471 643542 598881 23682 643194 642469 832917 300013 25814 1118651 643404
544915 1064719 599551 642845 642842 598655 844404 533848 598587 643807 643430 644054 598791 599557 599158 300022 599383 643003 642688 599627 643120 544813 599753 644049 599384 598666 599387 1118263 832546 300985 176589 299694 598332 599493 598849 599659 642583 642309 300017 642447 176154
643097 599849 176421 643430 301095 599215 299897 599158 598655 598791 300017 599525 599627 598632
643095 598261 597933 832272 597921 521724 544809 599034 1118657 1137947 2154 176274 139 301590 832718
643159 545150 545529 641799 598797 643205 598380 599551 599225 545325 599752 642840 599624 599438 300748
643157 599849 1064773 643931 301171 300526 643849 599216 599215 1118677 598837 2500 1118641 938902 599839 599525 642733 643615 1118559 598462 643505
1065524 598121 176296 599825 598587 641882 176159 1118192 300022 642889 643086 844964 599631 1118624 1118706 300056 599652 598355 1118623 598823
642781 1118314 1118157 598298 1118520 770707 545255 832917 599257 544905 599699 1118252 544790
1112850 301017 643430 598933 643270 1064773 299897 599712 832546 300985 599014 300881 599384 545280 599557 599659
545026 299930 599216 1118522 299337 770707 299745 299852 486 545432 95781 832872 1118191 1118344 492 598654
598894 642651 982300 545155 598121 159909 598781 176296 599385 598416 598415
598893 1118657 521724 599624 304100 493 642503 544803 971661 971660 144 759 145090 888313 545157 545158 546062 1118137 544878
494 545307 643933 643886 140996 599496 545160 300826 598522 641889 643475 641849 545499 599877 643120 642651 597965 544778 599384 598742 545237 300902 304079 544952 176455 304173 299694 1064556 844628 544795 544919 832872 545529 598781
1118314 643630 544958 643221 833140 545171 832654 599699 544905 545493 304103 832481 641996 545352 675785 832930
139 597933 299291 2154 642820 299397 544809 675802 176274 832272 832654 641944 641800 599426 598666 2499 521724
617937 643268 153 599216 1118671 299337 642482 300974 598654 598787 643689 643698 300381 642759
304103 643849 1118620 1118157 1058395 545171 599525 598414 304105 545379 545478 938902 486 545100 544772 545352 643660 492 599877
95423 598628 769973 300559 599650 598136 1118568 617565 642043 598787 643698 301414
493 544919 545307 104522 642307 545280 599496 545283 545160 300045 643994 642820 484695 598522 641889 2154 642072 544902 751990 832687 832872 641849 545499 183368 599873 300848 982300 621114 643122 643120 299897 176282 982128 62371 545359 599384 598742 545237 300826 304173 303884 544952 176455 545529 545155 301590 545409 1064556 598849 544795 597933 832917 544778 643522 598789 544878 643908 643119 832718 598241 598781
299930 183479 545432 599783 492 599216 1118671 599661 1118191 299852 642238 598398 95240 486 1118344 599304 770707 599617 832872 598654
176421 643082 301095 299897 598686 1118657 599750 598632 598655 643931 642947 521198
642072 642477 300848 301481 300484 1118671 598498 598849 832546 643117 545432 832872 1118344
642820 145065 597931 545267 597933 1118657 599238 545160 301550 544924 2154 544902 545496 643475 544801 2246 832654 971660 621652 1118137 176169 1118620 545155 599718 544876 544878 544803
301550 597921 176486 844628 643846 598225 599034 986263 643475 641853 643005 300827 598400
545140 153 545188 304064 1118511 301234 598935 611286 643994 545007 833028 642620 186533 642016 544779 545355 545509 1118568 642514 844342 598787 740420 643698 642759
2154 545267 598385 598225 545478 1118271 598241 544809 544902 751990 599035 641849 832718 599873 599877 597921 544801 621114 62371 643005 938902 145034 545230 176169 545154 545155 545171 642503 770707 545158 1118137 545261 545496 544803 544976
598791 599849 643176 1064773 643597 598655 598632 599624 642860 832687 304105 545280 1118678 845115 95488 599158 675802 1118192 641806 643307 599627 599215 599721 299897 598386 599753 599838 544813 599525 598666 599383 2499 832546 1118705 176589 300881 642568 598787 642447 598785 299423
598797 153 642105 545325 844342 599748 642862 832823 598876 844964 599225 545150 598922 598355 95977 844312 598763 598332 832669
186533 641807 642043 598136 95488 176228 300024 3480 598787 95977 642922 643698 545509
299336 545529 950880 643999 598069 770707 597938 1196193 598956 950636 599624 544908 486 832481 299354 492 599383
642556 643220 599866 770707 599999 1064773 643931 1118271 938902 598787 301171 769973
642238 641835 598398 642482 643751 1118671 299337 599849 599617 599216 183146 642459 545432 1118191 599783 641877
545150 598852 844964 598355 641799 598332 599748 597951 545325 599225 844342 642477 300748 839624 599438 598876
599634 545303 844628 159909 643886 304024 642688 304022 301481 301099 599668 544849 598121 982312 599838 545155 299694 300017 598781
544779 611286 545188 1118511 598787 740420 1118568 643698
544778 545303 545305 544838 545246 544889 1065090 69 644054 545499 950882 621652 1118159 544892 545237 643630 1058395 299694 1064556 643121 951497 643522 675796 545311
599631 599849 598121 598069 832546 642840 599627 599825 599629 598587 492 1118678 641882 176159 1118735 598956 642099 642889 643086 599637 599839 1118170 642289 1118623 599999 599711 643593
544772 545171 1118319 599525 545352 770707 641981 545100 643221 643505 598789 545159 486 643660 492 598414
1121280 598017 832197 599619 599650 643994 176228 176188 304055 301414 598012
545348 598628 769973 643161 643440 545344 545347 545346 140949
598355 598380 642842 844342 599627 599748 832687 599493 642516 599551 832823 598916 643003 844964 643205 597965 599225 599387 598922 597953 597951 642846
642733 599849 982300 599215 598462 643505 598837 641967 1118192 938902 599525 598632
1118657 545157 597931 599866 599624 641877 832721 832546 598223 304100 599238 300049 641889 522927 641967 642099 642459 642097 183366 299291 832718 599873 832272 598261 832670 832654 832301 641944 641800 301009 599426 544973 176169 832872 642445 545154 95240 643615 642447 599999 599712 598686 643505 598789 545159 598655 599740 544972 832930
844628 545303 96032 598121 544887 176296 643886 304024 598415 642688 598852 598416 844964 643122 641853 1118136 304070 1118170 1118624 545174 299694 300586 304022 598781
599068 1118624 545174 643886 599652 642407 176159 300056 533946 598831 599067 641852 300022 599385 304022 598781
598868 832546 545344 300024 642156 643268 641807 598136 545238 299530 1118568 598787
545100 971660 598398 545267 545171 545159 598788 770707 544907 643221 545352 643660 598414
643522 642688 599496 643908 950882 643121 621652 299694 544892 598831 599335 1065090 644054 300902 545246
599580 599849 832546 598653 599740 301171 598261 300121 675802 642099 521200 599014 1118641 598666 2499 642289 599999 598655 832930
643593 643086 844964 1058395 598121 621652 598956 304074 643117 300836 1118192 545237 644054 598587 832669
642307 176589 643707 299694 641806 599557 598849 599845 1064773 545478 599158 598603 598655 597965 598673 599627
598866 300973 598658 598265 300045 300328 617565 643687 618062 598136 299451 643713 300559 599650 598442 599365 598787
598867 642688 832197 95977 598136 300056 644049 642309 641852 300022 598831
599067 1118706 545174 545009 599652 1118623 300056 598831 641852 300022 598787 599385 304022 598781
145065 545160 597921 62371 597965 304105 642459 299291 95240 545155 641849 599877
642123 1118567 642488 599982 643271 643196 832917 599627 599570 643689 642017 776156 1118735 492
642043 599652 176228 598136 95488 95119 833028 643687 3480 598787 598658 642764 599266 545509 642759
303905 971660 545189 544805 299894 598385 545186 643005 69 544803 176397 545231 545230 599496
642129 598618 598387 832301 598225 643371 1118137 599435 598027 300827 545155
144 544836 304062 545359 545375 544962 544919 544889 642616 641849 176397 544805 304100
545325 544836 641799 598332 643205 598380 599551 597951 300748 599225 599627 95977 643917
643931 599627 777098 598498 598837 183368 642017 643908 300275 1118706 598686 642469 832917 832669
643933 545303 545305 545409 304173 643121 598603 599035 1065090 69 300902
521724 598261 599849 522927 176274 832654 597938 641800 300121 301590 643937 599740 642097 300354 598400 641981
844404 599650 839624 559797 642105 1064773 1118397 176504 599627 598787 545007 599628 643698 598136 832687
159909 642688 304022 96032 301099 643122 1118623 982312 1118136 598831 176296 598121 643886 304024
301171 599849 1064773 599627 300526 642860 301172 598261 1118678 643707 598933 599551 642339 1118192 642097 643307 643161 643207 643205 642694 140996 643615 598787 642759
301172 599849 599215 599866 598069 598462 300121 1118651 599624 598787 598223
856187 643082 1064859 1118397 832546 599752 599750 300017 598673 598666 643194
1118271 641835 545267 597933 599866 183479 641877 832721 643597 304100 599783 599216 599215 544902 675802 641967 642459 832718 832930 598398 832272 598261 832654 599699 642694 599426 598837 545159 544958 599999 832917 643505 598789 642447 832481 642445 545432
301481 642688 982312 643807 300848 176589 644049 599048 300881 599753 642309 642447 642288 176154
599706 568142 642112 599601 642807 643429 856014 299532 643196 642479 642982 598574 642469 643961 642571
300484 299337 300974 832546 599627 599783 300381 492 300043 599721 599216 1118671 1118191 643689 776156 598398 1118344 643832 299745 599617 643117 643751
160032 598241 641800 832917 545478 642459 599018 642097 598400 545223 301590
559797 643302 598265 598387 598401 643475 642097 300826 599335 832687 545155
183146 599783 642482 183479 1118671 299745 599617 299869 598654 1118191 598398 1118344 1118350
986263 545189 598387 545020 544889 544805 176397 598522 598401 545499 643263 544892 545375 598607 1064556 299384 641853 642616
642862 598922 599493 642426 599551 598763 642583 599225 618215 832823 642842 844921 643003
839624 598852 641799 643207 642426 598498 1118192 598831 832546 598747 642105 521198 598876
304097 1118705 545529 176438 643999 598069 950184 598723 950636 545469 544908 544813 544849 492
545154 641996 545155 545159 1118559 492 544801 486 544803 1118252 599335 1118350
303997 545189 598386 598385 598225 599496 643846 643005 545311 299894 545254 544892 300827 545375 544952 545155 598607 641853 642616
951497 545303 104522 545246 533946 545479 643086 545020 544887 545477 599496 598956 544902 545492 544962 545311 598298 176282 300902 644054 545528 544790 544919 643119 832669
1118157 599257 545477 545283 641882 544903 544904 544905 545492 675785 598298 599699 545255 304079 643630 599899 832917 544790 832669
598136 844342 598658 833028 598661 300024 642156 642620 642037 545238 300415 599266 643711 176432 304064 1118568 545482 832546 301546 599056 95488 300169 299394 642922 643009 643691 95983 598787 545355 301414 599652 599650 641796 598442 597953 95910 642759 598993 300636 643994 642514 598017 641824 598012 95240 304055 598742 153 299532 301234 598935 545007 643687 643686 618062 643268 95513 642016 641807 176228 545509 844457 95119 299530 599365 599002
1118159 598121 598456 599257 544887 598587 545477 598956 545492 832670 598298 599699 545255 545503 300902 544973 643630 545528 643119 544972 832669
832872 950880 770707 183479 832546 598654 599783 599216 1118671 643579 521200 1118191 776156 598398 599877 486 1118344 1118624 299745 598823
304074 545280 598069 301095 1118735 950184 643999 950636 545479 545469 544908 544813 299354 832481 492
304070 545174 301099 598121 598781 176296 598416 598415 598823
545359 545310 597931 984268 1118522 598069 950636 544919 545503 675796 1118705 484695 545477
599525 597938 598414 598498 598837 641967 642099 1118192 304105 643660 521200 176282 545379 938902 598462 1118568 598787
545355 301234 300162 545007 643687 618062 642764 642016 304055 598628 1118568 176188 545482 598787 642759
844921 598922 642583 599493 95977 759 599551 597953 597951 642846 618215 300022 598831
598785 599849 642764 599877 598456 642694 598655 1137947 599435 642860 304105
304079 1058395 598400 621652 1118520 545311 544887 486 69 598618
140881 300043 599783 599216 1118671 299337 299745 599617 300974 617986 643689 1118344 300381
544952 971661 950880 544805 598385 544892 598225 597933 984268 675796 544962 176397 643917 545375
643630 545479 545020 544887 599496 1058395 1118735 598956 544902 545492 544962 644054 621652 776156 643086 598298 759 1196193 71 545528 770707 544919 643119 832669
643738 642112 643430 1064859 856014 598498 643196 643195 598872 642469 598653 599627 642216 533848 598673 1118651 643404 642742
299701 1118707 599943 643832 643430 643542 598881 643271 153 643946 642469 300637 599627 23682 599750 598700 599570 599154 642216
598442 599650 3480 303967 599266 304055 301234 598787 599841
544958 1118678 641996 832654 892868 770707 1196193 1118192 492 545492 1118520 759 125
844312 641799 299353 599753 176504 599225 300013 599627 844342 599438 598916 598666 1118198
982085 598017 176432 598012 642339 642037 641796 176228 303967 176188 599619 643009 643691 642620 844457 642016 301414
643404 599943 1112813 643271 643493 533848 598673 643194 643430 642642 598933 599158 300022 599154 642112 643083 643264 23682
544795 971660 597931 888313 546062 545479 751990 675796 544876 643220 176397
544796 1118631 1058395 492 1118522 1118520 950683 486 675785 544790
544790 950683 545477 492 1118631 544903 544904 544905 545492 598298 486 599899 1118520 1118522 599257
641852 832546 598831 300022 95977 759 599385
641853 598823 598121 598386 598385 598415 643846 844964 597921 299894 643005 300827 300826 1064556 642568 642616 598781
544813 545261 598069 598456 545479 304062 299354 643917 492 545280 643999 544847 544805 545310 643220 643120 1118705 299897 545469 642840 599384 486 176169 599383 544836 545529 545409 544849 598849 598723 599659 600011 176438
641996 833140 599899 770707 832301 71 545492 1118252 545352
1112813 643307 845115 598123 643270 832546 598653 300637 300881 25814 598666 300013
95781 300043 598398 599216 299745 183479 599617 299869 545432 1118191 643689 643751 300381 598654
1064859 642477 1112455 643832 598497 642471 599601 832917 598653 599627 598673 598666 642982 832669 642571
299337 642482 300974 545432 599783 777098 1118678 599216 642459 299852 598398 643161 545171 1118568 299869 643751
533848 599943 643542 643083 598881 598929 642845 598849 643946 832546 23682 642742 598673 598872 598417 642216
1064773 643615 599215 643207 642099 521200 598655 2500
598522 545303 759 598385 598225 643908 300827 643886 643475
643597 776156 643176 544972 642445 832917 617986 599627 599825 642447 643689 599628
598993 1118511 598935 599056 545009 642471 643268 232911 769973 641806 598787 772026 176432 599652 643698
300636 598017 598936 598012 642037 176228 303967 1118568 643687 642620 598787 740420
300637 1112455 643832 642469 643270 598498 845037 599752 642216 598587 642571
1118651 643270 643196 832546 642845 642642 643371 599712 642982 642760 599872 299451 599150 598661 568142 643429 598849 643195 832917 300013 642426
642860 598852 643707 598933 832546 599158 599825
301590 641877 641944 145090 832546 299397 1137947 521200 641981 598414
599238 545160 599866 832654 1118559 641800 642503 486 183366 492
611286 770707 300044 304064 1118511 545238 598787 1118568 643698
598618 599877 545170 598462 598400 598401 1137947 544973 1118344 642947
1118559 599866 599740 598223 598261 675802 300121 599034 832718 832272 832670 832654 832301 544801 599426 643615 545159 832930
642514 772026 598936 642016 303967 299394 545344 598787 643698 545007
642516 642688 545174 598922 598831 643807 545482 300022 599627 599387 598747 598781 96032
544924 545261 545160 832718 544847 599035 1137947 598223 145034 545267
300586 545174 641882 301099 598121 832301 545303 176296 759 598781 598823
644036 1118706 599877 300973 598400 599711 832546 301009 176486 300431 599014 777098 642947 521198 642760
232911 176432 300045 299532 643961 598787 598658 617736 642982 598661
643161 153 832546 545344 545347 545346 599438 598935 643686 599150 71 304086 544874 643440 140949 300442
643207 140996 599849 1118678 599999 643205 599215 598462 642339 598852 642099 938902 599627
643205 599849 1118678 599999 599551 153 643961 176504 599225 617986 599748 599627
299894 545303 598069 598387 598386 598385 598225 544889 69 599496 643475 544849 643263 545254 544892 643005 300827 300826 545375 544805 598607
299897 599721 301095 643307 1118678 598655 544849 832669 598632
675785 599699 599899 545492 544904 599257 598298 544903 545528
176282 971661 971660 545158 545157 598462 544847 545261 1137947 598788 304100 145034 2246 300526 938902
568142 598498 1118706 599601 299423 176504 643371 300013 598916 1118198
545174 642651 643122 599661 599385 598121 598781 643807
176274 598261 832272 598462 1118641 643937
545170 971661 597933 971660 545158 545157 545223 544949 546062 545478 1137947 599435 544908 545472 621114 544962 544803
545171 597933 598462 832721 545261 643221 304100 598414 598837 643660 641981 598398 832654 641944 301009 545352 176169 545379 545157 770707 545478 598789 598788 642445
642583 844342 642846 618215 599493 598747 642218 598916 643003 598763 598332 599225 597951 599627
642469 153 599712 643194 642477 1118678 598497 599601 598498 643371 642479 599158 1118192 176250 599150 599154 642760 642017 598661 1118707 832546 643832 642471 598881 643429 1118198 643196 642982 832917 300013 642216 25814
643117 642477 300043 598398 1118671 299745 599617 833028 832546 545432 492 642571
643440 769973 153 1118568 300328 643687 300442 740420 544874 140949 545346 304086 643686
643119 545303 950882 544889 545237 545499 643122 621652 643121 1118136 642651 1058395 544919 412864
1065076 300044 301132 1118568 300024 643686 599839 598787 832721 643660
299423 598121 599849 832546 598416 777098 641882 598498 1118677 644054 643086 1118136 1118706 1118623 598823 153
832930 832546 599740 599783 1118350 833140 300121 183366 599877 832654 125 599426 770707 643751
599048 1118678 1058395 950880 621652 892868 598956 599627 832669 642309 642447 598655 1118735 492 1118192
176228 598936 643994 642922 598017 598012 642037 545509 301414 95119 643691 599002
598223 832272 545159 597938 1118641 1118350
599225 642105 598380 844342 642846 599748 597953 599493 599551 832917 832823 642218 598876 642017 844964 598763 599387 300748 598922 641799 95977 598332 597951 599627
301132 643711 642764 300162 299530 1118568 832546 598899 300431 643686 642694 598787 545346 95910 304086
598673 599627 598417 832687 598265 642642 599601 599661 642742 599872 643083 598700 299694 598881 599659 642309
599740 832272 832654 599215 597938 641877 1118641 300049
300442 301017 642764 642731 300162 1118568 832546 300328 643687 545344 545347 545346 300046 304086 643686
643543 642112 598872 643542 643429 643271 644011 642479 643961 832546 856014 176250 598700 25814 643270
300526 1118705 950636 598069 598462 1196193 545379 598837 1118641 643505 598956 832481 643660 598414
599748 599493 598380 599627 777098 832823 844964 598876 832669 643003
599629 599849 599627 300836 598587 492 1118678 1118735 598956 1118192 644054 643086 759 599637 643908 643832 1118623 599999 598823
777098 598380 642948 643946 599628 599982 300045 599551 832823 301101 642289 301099 643196 599711 599659 617986 642568 832669
598261 597933 950880 599999 832721 598655 641889 642947 304105 300049 1118677 299291 643579 300121 544902 521200 642097 545493 599877 641800 301009 1118678 643908 938902 599426 300275 598400 643615 598462 599712 599711 598686 642694 300354
643807 545303 599845 176296 544889 598587 643886 642688 176159 644054 599335 643120 643121 544892 643908 599838 176455 299694 642309 176154
599628 1118567 643430 1118735 643195 176504 176486 642948 599627 598027 832669
599982 1118567 1118678 598498 770707 776156 1118192 832669 832541 153 598027 1118735
598265 153 642426 599753 599158 599365 598655 642309 176397 642105 599627
642642 642112 643083 598881 598700 644011 832546 599627 642742 598872
599668 300056 644054 176159 299694 300017 300985 599838 1118623 300836 598587 304022
617736 300045 642807 299532 642479 3480 598658 643698 598661
299291 1118620 599877 643615 299397 641944 641877 301009 521200 641981 125 1137947
845037 642477 598933 642807 643271 643832 642479 643961 832546 598872 642982 642571
599158 599849 643176 598386 642948 598655 598632 642947 832687 304105 643430 599215 1118198 643082 643832 599753 642694 598574 644049 599384 599383 1118706 1118705 176589 598933 300017 599627 1118735
598837 598462 832721 675802 641967 1118192 643660 643505 642694 599839 2499 643615 770707 2500
599014 1118706 642017 642471 598123 598400 599712 832546 598653 641967 1118192 300017 598417 598655
521200 832654 597938 300121 642694 642459 641889 598655 300049
599018 641882 598121 1118677 599845 832546 1118136 642948 598823 642099 642947 642889
599150 1118707 598498 598686 832917 125 71 599627 832546 1118198 153 644011
642764 832546 545346 598899 769973 642156 643686 598787 300431 545238 598628 598629 642731 1118568 642694 545482 304086 304055
599154 1112455 642112 598881 856014 643271 643196 643946 832917 643832 642216 598700 598872 642742
545246 545303 950882 1065090 1058395 176159 643122 621652 643121 597965 545237 644054 642407 299694 598929 544838 982128
642760 642477 1118706 1118620 300045 598498 599712 643371 300013 938902 832917 598661
971661 545185 304062 304100 544949 545496 544907 544962 599873 832670 545503 545230 544836 545157 544959 599718 544919 598788 832669
971660 597933 545186 545472 545223 544949 545493 544907 544801 544803 544919 545503 545231 599304 599718 642503 544959 545157 545158 544876 598788 303884 544976
642017 599943 599841 598653 642477 644011 1118678 598497 642471 176159 599601 1118198 642571 642289 23682 643371
545311 545303 950882 598225 545020 544887 69 599496 1058395 544902 621652 643122 643120 545237 176455 299694 642309 1137947 642447
844964 598121 642407 642842 598587 176159 599551 643086 599387 1118624 599652 642289 599627
641807 300973 598658 1118568 300045 599266 300328 3480 299451 598661 1118706 301546 599365 598787 643698
641806 642016 95488 545007 642694 598655 176188 643009 642922 1118735 832669
950184 545261 104522 598069 598723 544809 544962 544847 751990 545469 545479 304062 544908 832481
545255 1118520 1058395 1118319 1118735 770707 950683 599257 1118252 599699 892868
641800 1118620 832272 599999 641944 675802 1118192
301009 597933 598123 598462 832546 300049 299397 643579 599877 641944 125 641981 643615 599999 598686 1137947 300017 300354
545503 104522 598069 545020 545477 598956 950636 544962 545310 621652 984268 1118705 888313 1118522 544959 546062 484695
62371 597921 598400 598385 597965 545478 643005 545231 641981
71 642503 598380 598456 641967 599624 544962 545529
145034 599873 597931 545158 545157 598241 545496 599035
598400 598123 598385 642948 642947 176486 641849 643082 145090 598686 642568 1137947 643707
598401 598387 598225 300826 599034 643475 643302 545254 300827 597965 545375 642616 642563
545509 545188 95488 545186 301546 300024 598787 740420 642922 643698
856014 599943 643271 643961 1112455 599601 642479 642742 598872 642112 643083 598700 1118707 598881 643429 23682 643194 642982
642688 1064719 545303 832546 643886 598831 644054 643086 643264 644049 599385 176455 642288 299694 599557 642309 176154 642447
299745 642482 183479 545432 599783 300043 599216 599661 617986 1118191 643689 599304 598398 299869 598654
643946 599627 643194 1112455 599601 642216 598872 1118198 599752 599750 1118707 598881 832917
176504 832546 176486 599627 642447 599387 598417 299353 599383
642037 95119 304064 844342 301234 95983 598936 300046 299660 643687 642620 212260 598017 95513 598012 598787 300415 301414 599619 599650 643994 1118568 176188 599365 643691 641796 643698 599002
832669 950880 598380 642488 832546 599825 598632 300836 598027 598587 492 643849 832197 1118678 1058395 642947 1118735 598956 950636 832823 544908 642445 25814 598655 642889 1118567 776156 832272 832670 621652 1196193 599753 599752 1118641 598574 599838 740420 486 599266 1118263 1118707 544972 176589 642471 1118623 598462 544907 643660 599750 599627 1118568 598961
643003 598922 599493 598332 598747 598983 598763 844342 832823 642842 598916
599849 599215 599999 599839 599845 832721 598653 598655 599825 304105 140996 1118678 641882 300045 1118677 641981 1118192 642099 642889 643849 832272 832654 599056 642694 599426 1118170 300275 599304 643832 599548 522927 770707 300121 643615 598787 599627 2500 598632
544919 104522 598069 545020 544962 984268 888313 544959 546062 675796 484695
599841 642016 599652 1118568 597953 642156 1118511 598742 598787 618062 643707
299852 599304 641835 598398 599216 183479 770707 599617 545432 1118191 643751 599783
599845 598121 545303 832546 599825 599056 599557 1118677 751990 2500 597965 533946 982300 299694 643615 598462 642889
544949 888313 545157 545158 621114 546062 1137947 598788 303884 545223
643493 598852 643430 643083 598123 176154 598603 599659 599752 598655 300017 304173
598653 832546 832687 642471 642099 598872 1118192 1118678 598666 643832 643542 300881 832917
642948 598386 599627 598632 642947 599551 299397 1118397 643082 643263 300017 598655
598655 950880 832546 599627 642947 832687 304105 642471 643917 301095 1118735 1118192 642099 643307 776156 643082 300017 643264 598386 599753 1118678 643195 176589 598666 643832 599999 300881 642694 642447 598632
598654 642482 300974 545432 599783 1118671 642459 95240 1118344 599304 299869 643751
599570 1118707 643832 545283 642471 598498 643196 643961 832546 832917 642216 153 642289
598658 300973 301234 300045 300169 599266 618062 95119 300431 304055 598661 1118706 299532 1118568 599365 598787 643698 95910
492 597931 545267 599866 642845 545186 545185 545432 304062 546062 545477 833140 544801 598956 544903 544904 545492 544962 299354 643849 643086 643220 832272 599721 832654 832301 545379 545352 544836 545157 599899 599999 598723 599718 600011 545159 544905 832481 832718 545469
642947 598123 832546 599627 598632 643908 1118706 598686 521198 300017
545223 599877 545157 145090 643579 303884 888313
598497 642471 599601 598498 642479 832546 300013 599627 1118678 643961 1118198 642571
643707 599872 643307 598933 301095 300017 643082
1058395 545186 545479 599257 544887 546062 545477 599721 544902 544903 544905 545492 544962 644054 545310 643086 598298 599699 643908 300902 832481 545528 544907 545020 544973
642339 598017 599650 598935 299530 642616 598787 740420 642759
301095 598123 643307 598632 300017 300836
598498 643270 643271 153 642840 599627 642477 598852 545283 642471 642807 643371 300013 832823 642982 644011 125 832546 598661 599753 176589 642731 599752 643196 643195 643961 832917 599750 1118198 599601
545375 598225 545020 599496 643475 643302 759 545254 643005 299384 642616
544847 545261 597931 597933 643917 599035 544907 544849 643220 545379 176169 1118705 984268 545157 545158 598789 176438
641967 153 300049 1118641 642099
1118192 643176 832721 832546 598632 832541 300836 599216 599557 599215 522927 642099 599383 643086 643221 832272 832670 599721 598027 599839 641882 643832 642289 598462 598787 599627 598961
1118191 642482 641835 545432 599783 599216 598398 833140 299869
544962 104522 545310 545479 304062 545477 544908 621652 484695 544836 545529 545409 1118522 544959 770707 832481
598723 643220 1118631 643999 950636 545479 544849
2246 643220 599718 643999 832718 104522 545479 751990 598781 544907 544803 545230 176169
544849 598069 299354 545280 599661 950636 1118705 832718 643120 545469 599384 599383 544836 545529 599659
643660 545261 643221 598462 832721 643505
1118198 642471 599601 832546 832917 832541 299353 832687
599304 599783 770707 1118671 544801 486 1118344 776156 1118350
643086 545303 533946 300836 643886 598587 1118678 641882 176159 644054 486 832546 299694 1118623 600011
643083 1118707 599943 643082 23682 599750 599627 25814 832687
643082 598632 643430 1118397 643307 643264 599752 599750 643195 642568 599627
643122 545303 545305 545307 545186 533946 545020 643886 950882 1118136 545237 96032 675796
598298 1118319 950683 544904 544905 545492 599699 545528 1118631 1118520 770707 599257
643120 545307 599557 545280 643264 599383 176455 598849 300881 642447 176154
643121 545303 545305 1065090 832687 599496 599335 643302 597965 643005 599838 304173 644054 545155 299694 598607 642426 544838 598603 982128 545020 598929
598069 597938 832546 545479 304062 299354 643999 950636 751990 545493 544907 1118705 643220 832272 621114 300275 176169 599383 544836 545529 599718 176438 544959 598686 600011 832481 832718 545469
299451 598628 769973 1118706 299532 1118568 300328 301234 598027 545347
125 643849 833140 300121 545159 832654 675802 832481 644054 2499
599838 545303 598385 599627 598587 304022 599557 1118735 598831 300827 300056 642407 1118623 299694 412864
599839 1118678 599652 643615 599999 832721 599637
300974 642482 832546 599661 599783 300043 845115 599216 833028 642459 643689 598398 599617 1118568 299869 617986 643751 545432
300748 598121 597951 844342 598823 599438 598876 598747 641882
1118567 643176 599721 642105 599551 545283 598027 598666 598587
176432 95488 1118511 598935 545009 545007 642922 769973 599056 598628 598629 772026 599652 1118568 598787 643698
599266 95488 300973 832546 301234 300045 618062 95513 3480 598787 598661 599652 599650 299532
299694 1064719 545303 544838 599627 642845 545305 598587 643886 644054 599335 598121 621652 597965 1118170 300902 1118624 544892 642407 176159 1064556 544889 545020 598781
95977 598747 598831 618215 300022 598763 642846 642218
176438 1118705 598849 599627 486 643917
642426 599872 599493 598332 642105 598763 599365 598916
1118568 301017 300973 598899 300024 642156 643713 300559 642731 545482 140949 832546 300162 299660 544874 95983 642694 301414 643698 95910 545347 545346 643994 183368 598742 599387 599548 643751 598935 545009 300046 300045 545007 300328 643687 643686 618062 300169 598936 300431 300044 844457 299532 299530 304086
300013 642471 599601 832546 642216 598916 599627
545482 153 301234 95488 545007 642922 618062 598787 598763 304055 598628 599652 599650 597953 176188 643698
598789 545267 598462 598385 1118137 486 1118350
300017 598123 832546 599627 642845 598417 832687 982312 643430 845115 599877 643264 176455 599659 642568
598787 301017 95488 300169 844342 300221 300381 833028 642156 545238 300415 643711 300559 642731 304064 301546 832546 599056 300162 599215 299660 642922 643009 598899 95983 832197 598661 301414 599652 599650 641796 597953 642759 643994 642099 641824 95119 95240 304055 598742 599387 598629 599548 643691 643698 642482 300024 301234 598935 300046 300045 545007 300328 643687 643686 618062 643268 95513 642016 769973 598936 844457 300044 299532 299530 599365 299869 599002
644049 1064719 642288 598933 599557 176455 642309 300881 599385 176154
484695 1118705 888313 545409 1118522 544959 545020 546062 598956 675796 950636 621652
641981 299397 599034 304105 1118678 675802 544902 641849 2500 643221 597921 2499 643615 599999 599712 832917 544876
140949 769973 153 544874 740420 545346 95910
598781 598121 533946 176296 643886 598416 598415 597965 1118136 1118170 599385 642651 982300 545155
643961 832546 599601 642479 176250 642112 642471 643542
598666 598380 598386 832546 642845 598417 299353 832687 1118735 832823 643270 598983 643832 599627
544838 533946 545303 545305 544892 1065090 544889 643908 644054 300902
1137947 104522 598385 545478 545472 544902 643849 599035 183368 599877 832654 545185 176169 545157 545158 599718 598788 544878 303884 832718
598225 545189 545020 544889 176397 599496 643846 599034 599035 544805 643302 643263 545254 544892 300827 545231 545499 1064556 299384 598607 642616
599383 599627 545280 598852 599557 641889 950636 599384 176455 300985 598849 300881 599659 642447 176154
599627 832687 599601 598961 599637 598700 300985 598462 642309 544972 599943 832541 1118678 643430 598417 176154 299397 598876 598763 643908 304173 598332 598849 599659 598686 642447 598123 300836 598852 642742 598916 599872 597951 598983 599384 599387 832546 599335 770707 643195 643194 617986 598823 832481 642488 643176 642845 598632 598027 642842 598587 597953 599493 599557 1118735 599551 832917 599661 299353 832823 544907 642889 300043 140996 643263 597965 599753 599752 599750 545283 598922 643832 642471 598881 176159 642568 740420
618215 598922 642218 599493 759 599551 598763 597951 642846 300022 598831 598747
599624 1118705 832272 598956 598456 642840 544908 950636
598587 1118735 300836 1118678 641882 301099 892868 644054 301101 599637 643908 176159
599783 301017 642482 183479 641835 1118350 300043 599216 642099 599617 299869 617986 643751 1118671 545432
643849 1118620 598462 938902 598632 486 643505
599056 599652 3480 95488 642922 832546 833028 740420 643698 300381
598417 598123 642845 832546 299353 832687 643430 598916 599872 598983 845115 598929 643195
95488 1118511 300024 300221 301234 598935 545009 545007 642922 618062 95513 769973 545238 301414 643711 772026 599652 643698 844457 304055
299397 1118678 597921 300049 641877 832917 521198 544902
299394 598628 598935 598936 545009 545007 772026 844457
643846 545303 545305 545155 643005 300827 544805
522927 2499 832654 599999 641877 675802 642099 643937 521198
176486 1118706 1118620 544805 599999 299384
598899 598628 642731 300973 832546 643687 740420 545346 643698 304086
641889 545280 1118678 599877 950880 770707 832546 544973 1118350
598872 642112 643542 643271 643832 642742 598700 643194
598876 641799 598332 599551 844342 599387 599438
642112 599943 643271 832546 1112455 642479 642742 598700 1118707 598881 23682 643194 642982
300848 176589 1118735 599753 300881 642447 486 599557
597921 545155 597933 597965 599034 145090 544809 641849 300826
521198 598852 599548 598123 641944 832546 545188 599711 643937 643908
832654 545267 599866 641877 832546 599435 304105 1118678 545160 1118350 892868 675802 642099 183366 183368 643221 832272 832301 545493 176169 833140 2499 545157 545159 599999 599711 545158 1118137 597931 544878 300354
832197 598628 769973 643994 300221 545344
832301 832546 1118252 1118350 545160 599335 643302 486 300827 300826 545155 982128
544892 545303 598385 598456 1065090 544887 544889 544805 597965 643908 545499 545020 599496
643908 545303 1065090 545305 643886 644054 599335 621652 1118136 1118706 1118623 598603 599711
938902 597933 597938 832546 545478 598414 304105 599034 183366 183368 599877 641944 642694 300275 176169 300354 598462 545472
300275 643615 1118677 599711 642889
300381 301017 300043 599216 833028 617986 740420 642482 642459 299869 643698
832481 832546 642840 304062 643917 299354 1118678 892868 950636 832718 832272 621652 1196193 486 1118520 770707
1118263 642488 643176 642105 598380 832546 832687 301099 599721 598956 832823 544972 304173 545155 599659 598961 642445
304173 642488 643430 759 598603 1118397 599752 599750 412864
96032 1064719 176296 643886 304024 832687 982312 304022 300022 1118136 412864
599650 598935 642922 643009 95513 642016 598012 304055 301414 599619 599652 641796 844457 599365 643691 643698 599002
599718 984268 950880 544803 546062 544907 544801 545158 545230 888313
641796 641824 598936 599619 598012 299530 617565 643009 643691 643698 212260
546062 892868 751990 544907 544803 621114 621652 1196193 642503 544959 770707 544976
599712 1118706 598123 599999 832917 598686 643937 25814 832546 832687
599711 599877 599999 1118677 598823 643615 642099 642889 598121 2500
599659 950880 642845 598852 1118397 643264 599384 300985 598603 544973
597953 599493 599551 642016 598763 641799 597951 643698
597951 599493 598763 844342 642846 642218 598747
642616 643263 892868 545189 545254 643005 300827 599496
304086 300046 300162 300044 643687 545347 545346 643686
642759 153 1118511 598935 598933 545007 643268 844342 643698
545189 544805 299384 598456 545020 643005 300827 545231 621652
545261 597931 545267 597933 643917 950636 545496 544907 832718 599873 544809 545379 545352 176169 545159 545157
545267 597933 545478 1118350 304100 545160 598241 545496 599035 183366 641944 176169 545157 545158 545159 770707 544876 598788 544878
1064719 982312 176154 598831 644054 1118136 599384 300985 642309 642447
104522 888313 544959 621652 751990 675796 545237 545477 545496 176169
598121 1118735 176296 533946 643886 598416 598415 982312 641882 301099 176159 301101 1118170 599385 642651 545155 486 598823
545186 545188 545307 545185 544803 621652 759 598742 545237 545230 176455 888313 950882 770707
545185 545188 545307 950880 950882 69 545280 3480 545237 545230 888313 770707 740420
533946 1118624 642407 545303 1118136 982300 300902 832687 599496
304064 598628 598629 769973 1118511 599002 301414
545432 642482 183479 1118350 1118678 599216 950880 599661 643579 642459 643689 598398 95240 599999 770707 599617 643751
304062 545310 984268 770707 950636 642840 545469 1118705 545477 544907
300836 301101 1118735 770707 1118678 1118623 599825
545344 153 300221 545347 545346 769973 545009 300162 300169 643687 643686 95983 598935 643713 300559 544874 740420
545347 301017 300046 643687 740420 544874 545346 643686
545346 300046 300162 643687 643686 740420
304105 597933 641944 300354
140996 598852 545283 1118735 598849 1118397 599752 599750
300024 300046 300162 299660 642922 643009 95983 300431 599652 643698 599002
643999 1118705 759 892868 598956 950636 642840 299354
617565 598017 599619 598012 643994 599365 643691 176188
1118397 598849 599752 545283
544809 597933 643917 544902 599035 183368 642503 598462
751990 888313 598241 642503 545159 621114 770707 675796 544803 545230 544976
183368 1118706 832272 598462 1118137 740420 486 1118620
544801 545157 545160 597933 1118520 770707 643220 544907 486 544803
641849 597933 598385 545478 145090 597965 643005 545231 303884
183366 1118137 544878 1118350
544805 69 176397 599034 643475 643005 759 545254 300827 544836
832718 643917 545280 675802 599035 598414 643220 1118137 2499 1118620 598241 770707
599872 832546 642845 642097 598929 299353 832687
599873 597933 599034 545496 599435 599035 176169
300559 598628 769973 598936 642731 1118511 643687 300221
598398 642482 183479 641835 599216 770707 950880 642099 642459 643689 617986 299869 599617 643751
599877 597933 598123 599999 832546 643579 598788 770707 544973
832272 597933 597938 832546 545478 599435 1118350 1118678 642099 642097 832670 1118641 770707
300022 832687 599335 599385 300056
95240 300044 642459 1118344 643698 1118671
1118136 176296 643886 982312 597965 832546 642651
1118137 597931 597933 599435 304100 545160 545157 544976
599384 176455 300985 300881 642447 545280 599557
599385 176296 304024 598415 641882 598831 1118170 642309 598823
599387 642105 642842 844342 599493 599551 545007 832823 642016 598763 598922 641799 617986
176169 597933 1118350 598241 545496
984268 544836 544959 598788 544907 545499 545230
1118511 301017 832546 844342 833028 299660 642922 643009 598629 599548 844457 643994
598629 598628 769973 643687 740420 643698 95983
300056 982312 643886 598831 304022 304024 642563
888313 545472 544907 621114 545230 642503 544959 544876 303884
982300 599034 599825
641799 153 599551 844342 642099 598747 299353
599548 545188 300044 770707 740420 643698
642503 597933 621114 544907 545472 544803 544976
1118522 545477 544903 544904 544905 544907 545528 599899 544959
1118520 597931 545479 599257 545477 544903 544904 544905 599699 545528 599899
643196 1118707 599601 598881 643429 832917 642216 643194
643195 643430 599752 642845
643194 599943 1112455 643430 599601 176250 642742 599752 599750 1118707 643832 598881 23682 642982
598017 598936 176188 299660 598012 301414 643691 740420 599002
617986 641835 832546 300043 845115 599216 1118671 599551 599661 643689 599617 643751
643691 641824 598936 599619 598012 176188 643009 643698 212260
675796 545307 545479 598956 544907 1118705 544836 545409 600011
598607 599496 412864 1064556 598386 545020 643475 597965 176397
1065090 599496 644054 599335 621652 642407 642563
300354 597933 641877 599035
643751 301017 599661 845115 599216 833028 599617
643429 643832 642471 599601 642479 832546 176250 642982
599257 545528 1118631 950683 599699 545492 544903 544904 1118319 1118252
642488 1118735 598574 832917 643176 1118678 832546
643176 643430 1118735 598574 642447
642482 599216 1118671 599661 642459 643689 1118344 599617 299869 832917
643270 643271 642289 598983 642216 598700
643271 1112455 643542 644011 176250 25814 598700 642216
598603 598852 643430 598387 982128
950683 545477 544903 544904 545492 544905 599699 545528 599899
176296 643886 598415 982312 545155 642651 545409
299354 545310 544836 1196193 544908 486
643886 545303 304022 304024 982312 301099 598831 644054 1118624 642563
299353 598916 832546 598983 844342 642845
599557 832687 176154 643307 599753 1118678 176455 300985 176589 598849 300881 642309 642447 545280
642477 642105 832546 599438 845115 599601 642479 832917
598935 844342 300221 545009 642922 643009 642218 643711 643713 642407 844457 643698
598936 832546 300221 643687 598012 643009 599619 844457 95119 176188 643698
545009 599652 844457 643009 642922
545352 641944 643221 486
545160 599496 597933 544902 544876 599035 621652
642471 832546 1118678 599601 642479 642982 642571 1118707 643832 25814
598933 598852 642288 643264 832546 642097
642807 1112455 599601 642479 832546 176250 25814 642982
1118735 832546 832541 598027 545283 643430 599721 598956 545492 301101 544972 598574 599637 598983 598961 642447 642889 598929
545007 303967 300221 301234 643994 642620 618062 598916 642016 304055 772026 599652 176188 643698
642479 642105 844342 599438 599601 598574 643542 642982 25814
643579 1118671 599617 641944 145090 599661 598788 303884
300121 642099 599426
643475 598387 545020 599034 545254 300827 300826 982128
832823 598380 642842 844342 599493 599551 598916 832546 598922 642568
642571 643832 599601 832546 832917 759
643307 642568
643302 412864 598385 545254 300827 300826
769973 300221 832546 844342 642922 300328 643009 643686 642731 176188 832917 544874 643698 599002
644011 1112455 599943 643542 598700 23682 642742
597965 544889 832687 300902 598929 598823 642563
599753 643430 598849 300881 832546 642309
599752 599943 642845 545283 643430 599493 599750 832917 23682
300431 1118706 598661 300044 300973 643686 618062 643698
599335 545155 599034 545303 412864 300827
301099 982312 641882 1118170 598823 599825
643832 599943 642845 832546 642216 1118706 643615 23682 598881 2500
599619 643009 212260 641824 598012 3480 304055 301414 599365
176589 643430 598849 832546
599493 642105 642842 844342 599551 642218 598916 598983 598747 598922 598332 598763 642846
599999 599866 641877 832721 832546 1118678 599034 675802 642097 599637 599426 599652 643615 642889 300049
599617 641835 183479 300043 845115 599216 599661 643689 299869
545020 950882 545303 544887 69 599496 621652 545237 412864
643371 598852 1118678 598661 832917 176250 832546 642982
599365 3480 642105 598661 643009
740420 545188 832546 844342 300046 643687 618062 599652 300044 544874
599002 303967 300221 643994 299660 642620 301414 176188 643698
599438 153 845115 844342
301017 598628 300044 1118671 300221 643698 832721
545303 544889 545305 176159 644054 545499 621652 545237 642407 300902 545155 1064556 599496
545305 545307 950882 599496 621652 545237 644054 545155 412864
545307 545280 176455 950882
300973 301234 300045 300169 598661 618062 598628 1118706 643698
641877 1118350 300049
832721 1118678 598462 770707 832546 643505
95513 642922 642156 643698
545479 597931 950636 545493 544907 621652 544836 545469 1118705 545409
545478 597933 599435 545472 598414 641944 1118620 545157
599661 300043 1118671 643689 300985 642447
300221 642922 643009 299530 643698
300415 641824 95119 598661 3480 212260 643698
545472 621114 641944 599435 545379
304022 982312 598831 304024 642563
1118350 597931 304100 545157 643615 545159 300049
304024 982312 1118623 598831 642563
598415 641882 545155 598416 598823
598414 643221 598462 300049 770707 643505 598788
641882 641835 832541 598416 1118678 176159 301101 643615 598823
845115 300043 598123 832546 643689
599721 598574 1118678 598956 832541 486
300902 621652 644054
832541 1118678 892868 770707 776156 1196193 598574 1118170 599825
544902 597933 544887 599496 675802 545493 621652 145090 2499
833028 300044 642922 642099 643689 212260 545238 643698 599216 299869
598661 301234 300045 300169 618062 643713 95119 301546 832917 643698 95910
598123 598386 643264 598686 642568
642156 598628 299532 643687 643698
642099 832546 643937 599435 1118678 599215 642097 643268 642289
642620 642016 598012 643994 303967 212260 301414
598831 832546 832687 982312 642309
642097 675802 2499
544905 1118252 544904 599699 486 1118631 599899
643711 300162 643698 642922
643698 300169 844342 3480 545238 300162 642922 643009 95983 599652 643994 641824 304055 598742 300046 643686 618062 643268 844457 300044 95119
3480 598742 300044 643268 598012 642694 299532 301546
621652 598456 544887 545477 599496 544907 545499 545310 545237 545409 544959 770707 776156
772026 844457 642922 643009
545238 545188 300044
598700 599943 598881 23682 642216 642742
1118170 301101 598416 598823
545237 950882
1064556 770707 599496 642651 69 300827 644054
545231 621114 599496 598385 643005 176397
545230 597933 545158 621114 544907 544803
642731 598628 832917 300328
2499 597938 641944 599035 643263
643713 641824 299532 212260
598456 545529 1118705 950636 545469 544908
545409 545469
598462 832546 643917 599216 892868 545379 1118678 643615
599750 642216 545283 598881
600011 545310 1118705 950636 545469 544836
544874 598628 153
544876 597933 621114 545158 544907 544878 544976
544878 597933 545493 303884 544976
832687 642105 642845 832917 1118707 643263 598983 300827 642407 1118624 832546 598929 642445
642889 599825 176159 1118677 2500 643615 770707 598849
544976 597933 545157 621114 304100
599943 1112455 599601 642216 598881
950880 832546
544959 545310 1118705 950636 545477 544836
950882 544887
599435 641944 1118641
183479 641835 599216 770707
545310 1118705 950636 545477
642842 598922 598380 599551 844342 598747
642651 69 644054
642016 303967 642922 598916 304055 176188
642846 599551 598763 642218 598747
23682 1112455 599601 598881 642216
844342 153 599551 598747 598922 643994
642845 598983 642309
599825 301101 1196193 598574 599637 832546 770707 598823
598027 1118678 770707 776156 1196193 832546 832917 598961
176397 545529 598386 643005 69
304100 545159 545157 770707 545158 545496
545280 1118705 642447
1118678 599866 599215 598956 176159 545492 643221 832670 599637 598574 642289
643430 832546 545283 643264 598983 832917
300162 598628 832546 643686
176159 1118624 1118706 642407 1118623 598823
599216 641835 642459 643689 770707 299869
1118671 300043 642459 643689 299869
599215 642694 1118706
1118677
300169 300045 618062
299660 643994 303967 301414
642922 643009 95983 304055 598628 599652 844457 300044
950636 598956 545469 544836 545529 642840
545496 597933 545157 598788 544907
643009 212260 95119 176188
545493 597933 1118319 1118252 1118631 486 1118705 770707
545492 1118319 1118252 544903 599699 545528 1118631 770707
643005 299384
642309 598387 643264 176455 642288 300881 642447 544973 176154
644054 832546 486 642407 1118623 599496
545499 544889 69 486
545477 599699 486 1118631 770707
212260 641824 844457 176188 303967
1112455 832546 598881 642216
643221 770707 545379 643505 598788
95983 598628 643686 301414
598852 153 598849 832546 300985 642563
643220 1118705 598241 599637
642694 598632 598742
300985 642288 642447
545254 300827
544973 642459 642445 642447
301414 303967 598012 176188
1118707 599601 832917 25814 642982
1118706 300045 832546 832917
1118705 643917 545469 544836 642840
544972 892868 1196193 1118641 642459 642447 598961
642288 598574 832546 642447 642445 176154
642289 832546
598332 598922 599551 598763
599899 1118631 599699 486 1118252
643994 598012 598763 299530 176188
299384 597933 598385 300827 642563
598686 641944 599034
598628 300046 643687 844457
832917 598380 599551 300328 642216 25814 486 832546 1196193 770707 642982 301234 599601
643505 545379
599601 832546 642216 642982 643542 598881 25814
982128 599496 599035 300827 300826 598929
642447 598632 642459 643689 643264 1196193 176455 770707 176154 598961
642445 770707 1196193 598574
95910 300045 643686
598961 770707 1196193 1118641
545469 544908 544836
597931 597933 643917 759
597933 598385 598241 145090 544803 545155 770707 545158 303884
1118319 599699
642105 153 599551
597938 598416 675802 2500 643264 641944 1118641 599426 643615
303967 598012
544887 69 545155
544889 599496
1118252 833140 599699
643917 598956 544907 641944
1118344 299869
833140 770707 832546 486
598241
892868 832670 544907
675802 641944 599035 643263
599034 598386 598385 599035 300827 300826 545155
599035 300826 770707
642216 598983 832546 598881
642742 25814 759
598763 598747
642459 643689 299869
642218 598922 598916 598747
641824 176188
776156 832546
25814 832546 153
598823 832546 598416 301101
545188 770707
759
641944 300049 545158 545159 770707
545379 545157 545158 598788
304055 300044 599652 176188
598956 1118641
599426 599866 1118641 153
598742 770707 832546 598632 145090 301546
300827 599496 598387 643263 300826 1118620
300826 599496
598747 598922
544803 544907 545155 545157 545158
642407 642563
832546 598916 642982 832670 153 599866 598387 300049 643689 300043 643263 598574 486 1118624 1118620 598929 300044 299532
544836 545529
301546 69
545529 642840
545528 1118631 599699
1118631 544904
598916 598983 598922
545157 544907 544908 486 545158 598788 303884
770707 598788 832670 643615 300049 544903 544907 599699 598574 545158 545159
642840
642982 176250
69 545155
598881
598416 1118624
300881 598632
303884 621114 545158
412864 545155
844457 599652
301101
153 176250
643937 145090
599866 599637 300049
95119 299532
598380 598922 599551
598387 643263 598386 598385
598386 643263 598385
598385 145090
641835 643689
598632
301234 300045 299532
599652 300044 643686 643268
598012
300043 643689
982312 1118624 1118623
599496
300046 300044 643686
300045 618062 299532
300044 299530
300049 643615 1196193
599551 643263 598922 642568
621114 545158 544907
832670 1196193 1118641
300328
544903 599699 486
544904 599699
643686 643687 299530
544907
544908
618062
643689 299869
599637 1118623
2500
643268
598849 176455
643263 642568
599699 545283
643264
643615
545283
598574
145090 642568
486
643687 299530
1118624
598922 598983
176455
1118620
545155 545159
643542 176250
1118623
545158 598788
545159
598929 598983
299532
598983
299530
176188
1118641
176250
642568
1196193
598788
299869
176154
642563
