891741 642499 643710 599982 643222 643651 598992 599240 832541 598027 832669
642386 641835 598398 545171 599216 598462 182795 183479 598837 642099 675767 1118191 599783 643660
1118219 183710 598280 642382 183719 599847 182945 598564 183484 183481 183482 641967 642098 182943 643387 643385 183913 183917 182819 183919 642237 599938 598660 183552 643710 183790 183149 642124 184176 183479 184078 301577 183827 599707 183986 544780 183384 643001 643221 182872 641929 183936 832301 544897 544899 643633 183049 544797 643503 641996 182969 545262 618371 183459 184150 300830 833140 299870 599407 183560 183567 183113 182979 183623 184125 182788 299549 182988 641810 641811 599866 183430 642963 184139 599090 182795 182792 300283 183039 643140 184025 183645 642790 642950 183088 301081 545154 545159 183339 599999 545492 183005 183007 598808 183535 183536
642382 1058540 182819 770707 1118248 643201 1118319 644056 951070 492
1118210 641948 545166 545198 642939 641872 544958 545006 545137 183986 545448 643266 641858
598564 1118668 618371 598102 833140 299870 642451 642500 770707 832301 183645 300295 184139 643387 375954 598808 545198 1196191 643385 599407 599587
599609 1118668 642184 598398 641929 643780 599257 599143 1118252 300587 544829
598367 642274 832857 598266 1118159 599938 1128366 949714 301588 63033 1196193 832669 598780
598956 643985 643630 951497 1118159 1118316 492 1118641 599048 544897 1118678 643593 301588 545180 599629 1118263 1118735 832669 642977
598957 890415 776156 832857 599048 621652 1118159 599938 642108 949714 598490 643593 832669 1118641 1196193 642877 1118735 598961
599377 1118668 545154 545159 642790 832301 598226 544780 598808 1118657 776166
643387 544899 833140 599407 299870 182788 641929 770707 832301 643201 121 643385 184139 1118252 1118350 183536 938302
643385 1118668 183710 618371 598102 182910 598403 299870 938302 832301 643201 641813 598987 544899 599407 833140
304014 643093 642781 950683 599825 492 598104 1118631 950226 544903 644056 1118157 598298 599699 642019 1118248 121 486 1118545 1118522 1118520 770707 544790 641996
183913 183710 643633 618371 183917 599707 182872 1118290 300283 28448 183113
183917 1118668 833140 643633 1521328 183936 599707 770707 491 28448 183827 183384
1118449 642124 642184 643078 544780 183719 183986 599310 300360 183645 643001 183535
183919 1118668 643633 599707 1521328 183936 28448 300283 182819 183827
304019 544834 545082 1118520 1118314 494437 949785 1118319 599611 545533 950226 545465 644056 951070 544965 492 1118157
599733 545061 545057 545056 949785 1118319 1118521 949714 643266 950226 621421 71 1058581 644056
642633 643934 643279 1118314 1118290 599825 491 1118271 545920 1118678 621926 642726 1058395 892868 623021 642499 545507 621652 1196193 643481 599423 546042 643985 494437 1118520 770707 643399 832481 375453
598102 1118314 598104 544958 770707 832301 643201 1196191 184139 544897 545431 486 544899 545154 492
598104 209858 643093 642000 642781 599257 545458 1118314 1118252 598140 1118614 599090 642660 641948 599699 832301 545255 1196191 544753 1118248 599891 494437 770707 641996
184176 643831 598280 299589 1118521 184025 183774 182988 182969 492
184078 641835 1521328 182795 182792 1118657 299589 183827 183149 183936
183827 183710 618371 642963 28448 300830 776166 833140 599707 183384 183113 182979 1118668 182872 182819 832301 184125 183088 643633 182788 183049 183005 598808 599587 183536
183986 1118657 599256 598438 1118350 491 1118271 776166 599310 599338 598837 182979 642451 643201 121 642790 599260 642950 1118668 160519 1118521 770707 642963 643613 599587
544780 1118668 1118271 642184 641858 1118559 299549 832301 598226 599310 1118657 545159 544797 184139 1118350 598402
183384 1118668 183936 770707 642549 183113 160519 183536
623021 621926 1118157 1118290 621650 644056 1118520 770707 599511 544896 544897 545500 1118314 832481 598140 492 599697
546042 771510 642725 642500 770707 599423 1118641 675767 832481 598402
375954 183710 643139 641813 832359 184139 599825 833140 642725 642098 642660 642451 643780 643221 621652 642019 598590 642508 300601 643613 643399 641996 599587
1118668 641810 183710 618371 183459 642124 183719 599847 598280 642166 598226 598300 184139 599257 675767 598438 299549 599260 641996 833140 299870 833138 182795 1064681 183567 641967 300283 183113 182979 643001 643780 643140 183623 182910 643633 182872 182819 183936 832301 642237 183645 183790 642790 544896 544794 599839 184125 599407 183088 301081 642184 599866 545136 182945 545159 545162 599999 599998 300601 182988 598808 599143 642445 183149 544829 183536
832857 642488 949785 1118319 598992 598991 599627 63033 491 492 598266 1118735 621421 1058581 642274 1196191 598574 949714 642977 1118263 1128366 545057 545056 770707 598961 598780
1118545 545166 545078 545075 544794 544903 544896 599257 545431 545492 545477
300601 642124 1118316 545006 545384 1196191 1118271 544961 492 375453
183049 1118314 1118290 28448 491 833140 599707 183484 183560 598140 300283 183039 1118157 182819 183936 1196191 183552 770707 182988 183007 641996 375453
182969 182792 1196193 301577 300830 486 183149 1118271 183005
643211 1118567 642274 642488 643176 642123 338696 1128366 599240 949714 599627 598574 598780 1118263
618371 183459 599407 599998 121 1118657 599627 1118290 183710 598808 1118350 1118271 938302
183481 182872 641929 545180 770707 643613 544896 544897 545154 598590
643176 1118567 642488 642274 1118735 338696 1128366 599240 598300 1118192 598574 599627 598780 1118263
545061 545057 545056 1118157 1058395 949785 1118319 759 949714 621421 1058581 644056 545350 544965
299870 1118252 182788 599407 832301 184139 544899 1118350 938302
599338 643630 642726 770707 1196191 832359 832669 832481 1196193 598402 598403
675805 1118319 621652 599699 545255 545243 544903 599256 598590 545431 545075 492 950683
642451 642500 1118314 641872 545137 599825 642011 641882 642725 599664 545006 545198 642019 1196191 1196193 545448 643834 544958 599998 643503 375453
598438 643985 599849 1118559 1118641 642099 599914 599783 1118271
642274 1128366 599240 949714 598780 832669 1118263
769587 832898 643985 643833 599982 642726 832359 643503 832541 598587 832669
643633 599707 183936 832301 183710 833138
832670 545920 643833 1118159 1118559 892868 1064681 770707 1196193 1118657 1118641 1118192 1118678 832669
1118248 641810 545262 642781 545458 545477 643093 183484 545533 621422 642124 644056 642660 599699 545255 643481 544897 545465 544834 544958 641996
642184 545262 642124 643093 1118316 1118319 545180 598226 1118350 491 1118271 776166 599310 1118631 599090 544829 545384 545492 642019 545255 642790 544897 951070 183552 545154 642429 545159 1118657 544794
599143 599310 642725 301081 643780 642500 770707 1196191 1196193 183645
544965 544834 545057 545056 545465 1118316 641996 949785 1118319 770707 598461 950226 544903 599136 486 951070 644056 492
641810 641811 642000 544829 770707 545384 544897 544899 599407 759 492
641811 641996 545171 770707 491 643221 1118314 1118252 643660 492
641813 209858 1118614 545136 1196191 598271 643266 642781 599257 1196193 1118314 1118252 598140 375453
209858 643139 643630 643780 643438 643481 643279 643399 545431 641996 598590
642000 544834 1058540 1118314 1058395 1118631 949785 1118319 599611 545533 545386 545102 545483 951070 1118252 545352 491
545243 1118319 599256 950683 545006 492 1118252 621926 1058395 643438 545492 644056 675785 1118159 1118157 598298 599699 545255 486 599260 545528 545076 545075 1118520 1118521
28448 183552 183459 182872 770707 182988 183007
545458 1118520 545536 1118522 599699 599256 1118319 644056 599260
545920 300525 300830 1058395 892868 544962 776156 621652 184025 1196193 599637 545502 71 642877 643630 545154 545076 770707 546062 643503 545159 832481
182795 599849 641872 599999 1118191 183479 599216 598837 641835 642099 643505 599839 599783 1118350 1118271
182792 182788 184025 1196193 299589 183007 491 300830
643780 545136 770707 1196193 598808 1118314 1118252 598590 776166
599240 1118567 642123 1118735 642488 338696 1128366 599627 598574 598780 1118263
949714 642488 642123 598992 598991 598490 545162 832669 544972 599938 545056 301588 545350 545057 545483 545481 642445 598961 598780
599310 770707 832359 598226 184139 598808 182979 183535 1118271
642950 598048 642725 642500 184139 643221 643613 183039 599587
183088 183936 770707 1196191 643613 121 642963 183007 598808 599587 776166
301081 183459 1118559 1118657 642963 598808 1118350 1118271 776166
643078 771510 770707 598837 1118641 643505 300360 599825 300525 642877 643660 1118271 642429
183535 1118559 642166 1118657 1521328 160519 183536 938302
183536 833140 182788 182819 643201 184139 1521328 938302
375453 598048 832359 599511 643279 545431 598140 643438 599697 599699 642019 545255 599423 544897 545448 598590 643630 545078 643399 832481 641996
183710 833140 770707 1118290 183113 833138 938302
598280 643831 1118614 770707 643834 642963 598808 1118314 598660 599587
599682 770707 598298 643438 1196191 598271 832669 598701 641996 300587 598402 599257
771510 183623 642725 642108 642500 832359 643593 832541 643834 832669
183719 642429 598837 598908 598226 599914 1118657 1118271
642781 545198 1118614 598298 1118520 770707 1196191 545255 621422 494437 544790 599257 1118314 599699 1118252 1118157
491 643093 642124 641872 300830 833140 545536 544829 183560 644056 643660 182819 642837 183113 643710 545171 546062 643505 832481 641858
492 643093 675767 545477 183482 621421 544962 643086 599938 642837 544772 642939 545137 642549 546062 545483 545481 643651 642123 183774 301577 599629 299589 545492 644056 545198 832301 545352 545350 599891 544958 544794 544797 544790 642108 545432 304103 833140 545536 183567 545533 599136 642660 621650 301588 642877 544834 598909 598908 300295 832481 545082 599048 599866 599099 545166 599090 544829 544903 642011 643266 545507 545502 545465 545467 642267 545154 545159 183339 599999 545017 183007 832669
1118614 641872 182943 599257 545431 598140 599707 643438 621422 621421 544906 641948 621650 642019 832301 643481 544896 545448 598590 643630 642508 544958 545136 643399 641996
950226 544834 545082 642011 182943 183339 183482 599938 544903 545481 598461
642237 643710 598987 182872 1196191 643201 300283 1118314 1118252 183039 776166
599637 1118678 599866 1118735 599999 599627 599839 599825 598587 599629
544772 643221 545171 1118319 770707 642549 545102 299549 545352 1118290 545159 486 599260 304103 643660 643505
833138 1118252 1118314 643710 770707 599627 598987 183007 598048 599982 599407 776166
598590 642267 1118314 1118252 1058395 621421 1118192 621650 642019 1196193 494437 770707 545017 544794 643399 641996
643399 642267 642508 641996 599511 183560 1196191 643481 599423 643279 1118314 1118252 598140 599697
642124 1118559 832301 1118657 1118314 1118350 1118271
642123 1118567 776156 599982 598266 1118735 642488 338696 599627 1058581
643934 183339 641996 770707 599699 642019 1196191 642837 300295 301577 599257 832481 599260
1118271 545262 641835 599866 641872 184150 599847 642166 301577 545432 599783 300360 599099 183623 545162 545536 1064681 183567 545384 598837 641967 182943 182979 544961 643140 545180 598398 182910 182819 643222 183479 599699 183645 642837 544897 545500 182945 598660 642429 545159 544958 599999 599216 300295 643505 183790 832481 642445
599707 1118290 300283 183113
951497 643086 545528 598298 544896 544790 545492 544962 644056 545477 832669
545198 642939 643266 544897 599825 486 598587
1118157 642267 641872 183430 183774 599257 304103 545477 545166 641882 544794 544829 621421 544903 545492 644056 642660 599697 598298 599699 642019 545255 599938 544896 544897 545465 675785 544834 643630 545078 545136 598909 598908 544790 832669
182872 183459 184150 642963 184139 776166 183484 183039 641929 183936 183645 598987 599407 160519 643613 182988 598808 183552 599587
641929 833140 183459 770707 184025 183645 642963 642098 182988 598808 183149 599587
1118159 642108 545180 183774 599257 598587 545477 621422 643438 545492 644056 598298 599699 545255 643630 545528 598461 544972 832669
545352 544834 641996 643221 545171 949785 599611 545533 545017 545102 1118314 304103 486 951070 598140
545350 545057 545056 949785 759 1058581 621421 545481
643985 890415 1118678 1118735 599627 832481 832669
643630 1118314 598140 1058395 1118735 545492 544962 644056 621652 776156 643086 598298 759 1196193 544896 71 598402 890415 545528 770707 832669
544958 1118314 1118678 545536 892868 545006 1118192 545492 759 1196193 121 643266 642939 1118520 770707 545137 641996
544794 643093 949785 1118319 598992 950683 1118252 1118631 183560 643438 545384 621421 544903 545492 642660 642011 599699 642019 642837 183552 642508 1118521 183339 598271 598461 300295 544790
544797 1118559 621926 770707 642166 545507 486 641858
544790 1118631 598298 1118520 544903 950683 544906 545492 599257 486 545477 1118522
641996 643139 545082 545136 1118252 598140 598048 599099 642725 544829 643438 545386 545492 642660 641948 642019 832301 643481 544896 71 545500 545448 544899 833140 183552 642508 545154 494437 545078 599611 770707 598271 598909 544834 1118314 599587
641858 770707 545006 642166 545507 675767 1118191 486
183459 770707 1196191 643613 598808 184125 599407 599587 776166
598992 598266 545481 1128366 621421 598991 301588 71 1058581 63033 832669 1118263
545102 598398 545171 545159 770707 545017 642549 643221 643660 1118290
1118657 599866 299549 598300 599099 1064681 641967 642099 183430 643001 643140 544972 182819 832301 599938 642790 183645 598660 545154 545159 599999 643505 183790 642445
598991 759 1118735 545017 621421 545056 1058581 545481 832669
643593 643086 1058395 642108 621652 642500 1118192 598587 832669
1118559 545154 545159 544829 599866 832301 642166 183790 300525 182979 598660
183113 182819 183936 184150 642019 1118192 1118314 1118252 183039
182979 642429 183936 642166 1118641 598808 160519 1196193 182910
832898 776156 643833 598297 770707 545255 1196193 598701 599825 598402
183623 1118678 599664 1118641 1118192 183005 160519 184139 642429
621650 1118520 621926 545180 621422 599423 544896 545500 1118314 832481 1118252 598140 1118290
621652 599048 545180 770707 776156 546062 621422 598701 544962 832481 545477 832669 545502
643201 643710 598297 182788 832301 1118678 598987 599407 300830
951070 545082 545533 599090 545384 183482 545492 644056 642660 643140 642011 545255 599938 545467 544834 545154 183339
599511 643279 621926 1118520 599423 1118290 1118314 598140
545078 1118631 599090 598298 545075 599699 545136 545386 621421 544903 950683 544906 1118319 599136 675785 644056
545076 599699 770707 546062 950683 544962 644056 675785 545502
545075 545166 1058395 1118520 599699 599423 544906 621926
598909 1058540 545166 1118314 1058395 1118319 1118520 770707 641948 642837 598908 1118252 494437
598908 641948 1118314 642019 1196191 1196193 642837 599423 1118319 1118252 770707 494437
776156 643833 599982 643222 642499 643438 643651 832359 832541 598027 832669
642166 182910 599866 599999 832301 545507 1118641 598808
300525 892868 770707 1196193 1118641 300360 599914 832481 642877
598587 1118567 890415 643086 641882 642939 892868 642108 599627 1118678 1058581 643651 599629 1118735 832669 642977
599982 1118567 643710 1118678 1118735 770707 1118192 598701 832541 598027 832669
598266 338696 1128366 599627 598574 63033 598780 832669 1118263
599664 641967 599849 643834 642939 641872 1118735 598300 183790 1118641 1118192 1118678 599839 599825
598837 598462 545171 770707 641967 1118192 643505 300360 599839 643660
642011 599891 1118463 1118521 599699 643438 598271 598461 121 544753 599256 545255 1118319 599260 545492
642019 1118314 643093 183774 1118252 598140 621422 545492 599699 1196191 544896 544897
184025 599999 183149 598226 299589 642877 300830
545507 621926 642725 545159 1118191 545448
545502 1118522 545006 546062 950683 486 675785
71 598490 183339 643438 599938 641967 545481 544962 598780
545500 545262 1058540 621926 1118520 770707 1118314 1118252
545465 949785 1118319 1118520 770707 644056 545467
545467 949785 1118319 1118520 598140 950683 599136 644056 675785 545481 545483
599407 182910 642500 832301 184139 642098 598987
598402 643140 643221 642725 643833 832359 546062 643503 832541 599825 598027 544972 183149 832669
598403 183552 643139 598808 642725 642267 832359 598987 599825 599587
183339 599611 949785 182943 599699 545492 183482 545536 1118319 598140
890415 642499 643222 832359 832541 643651 599629 832669
832669 544972 545180 642488 599825 63033 598027 598490 642726 1118735 598300 300360 1058581 643660 642499 643222 1196193 598574 1118641 301588 598701 486 1118678 1118263 1118567 1128366 642445 1058395 598780 599048 598462 599998 598271 643503 598961 643651 599627 642977
599849 1118678 643834 641882 599999 770707 599627 599839 599825 642099 599629 642877 1118192
598048 642508 770707 1196191 832359 643613 643481 598808 599587
182943 1118631 949785 1118463 599699 545255 182945 1118319 1118252 1118522
599847 643831 1118678 1118735 598808 545432 675767 599839 599825 776166
182945 892868 545255 121 1118319 486 1118463 1118522
643093 545384 545386 643481 121 1196191
598490 1118567 544972 183430 599627 63033 642445 1118263
1058395 643279 183430 545180 183774 599257 304103 545477 545166 544903 545492 544962 644056 643086 598298 599699 545255 642837 599136 545056 545528 599048 546062 545483 545481 832481
183484 642508 182819 183560 770707 1118252 300830
545384 1118319 544829 545180 599699 545386 184139 544897 599256 599260 544961 642429
183482 183552 643139 833140 545536 1118319 599611 949785 183560 598140
545386 545082 1118631 1118319 599611 545017 544753
641872 641835 770707 338696 1118641 1118192 1118290 832541 1118678 641882
641967 1118641 642099 599914 776166
1118192 832359 643086 599627 832541 598027 599629 641882 599216 1064681 642099 643001 643140 643221 643222 599839 184139 643831 643833 643834 643651 599048 598462 183790 183149 598961
1118191 598398 833140 599216 641835 545432 183007 599783
544962 770707 1118522 832481 545477
544961 545262 642429 1118316 759 545180 544897 599136 544899 776166
643660 545171 183567 598462 545017 121 300360 304103 643221 300830 643505
938302 182910 182788 182819
1058540 545166 545154 598298 599257 544906 545477
643086 1118678 641882 486 599629
598297 642500 642725 770707 599048 643438 1196191 598226 643503 598271 832541 599825 832359 642963
598298 1118319 950683 643438 544906 545492 644056 675785 599699 1118463 599260 545528 1118631 1118521 1118520 770707 598271 599257
599938 643140 949785 1118735 770707 1058581 644056 544972 643001 621421
642837 545166 545536 759 770707 300295 832481
121 1064681 599627 183560 183567 642660 544896 544899 545171 545159 599998 643505 832481
599839 1118678 642429 599999 599914
1118567 642499 642726 643710 643222 642977 643651 598027
1128366 545162 642488 301588 642445 544972 598780
642429 182910 182819 642500 770707 300360 544899
642939 1064681 545137 544753 599825 486
545171 598398 598462 770707 642549 299549 545017 1118314 304103 643221 642445
545136 643139 641948 545536 1118520 545137 544897
545137 641948 545006 643266 599825 486
642549 643221 770707 545017 643505 304103
546062 892868 770707 1196193
545483 949785 1118319 1118520 621421 950683 644056 599136
545481 545057 949785 1118319 1118520 621421 1058581 599136 644056
183790 1118678 183149 770707 598226 1118641 599914 184139 1118350 776166
183149 1118678 770707 598226 183567 642790 1521328 299589 183007 160519 184139 1196193 300830
599587 184150 832359 642963 675767 598140 599099 642098 643221 183936 1196191 598987 642508 545159 770707 643613 643503 598808
598780 1118319 770707 621421 301588 545056 63033 1118263
598226 643140 1064681 183430 1118678 545159 598660
599627 598462 832541 598027 599629 1118735 642488 642499 643222 301588 1118678 643710 599048 770707 643651 832481 544972 598961 642977
599629 759 1118735 599999 1118678
599783 641835 599216 183479 642099 545432 1118350
642726 1118735 1196193 642977 598701 598808 832481 643613
642725 770707 1196191 832359 598808 642098 832541 599825
545477 1118631 950683 1118522 770707 643266 644056 486 1118520 599699
299589 1521328 599999 301577 300830 183005
1118463 599891 544829 545255 544753 544903 599256 599257 545492 599260 300587 598461
183936 832301 642790 184125 160519 182788 545159 643613 183005 183007
832301 1118252 1118350 486 544899
544896 1118316 621926 1118520 621422 184139 1118314 544899 598140
544897 545262 1118316 545180 184139 1118314 598140 776166 621926 544829 599136 300587 759 1196193 544899 599998
544899 545162 545154
1118263 642488 544972 545162 598300 301588 642445 598961
494437 642267 643279 599699 598461 545431 644056
545262 1118316 544829 545180 759 1196193 621926 598140
641835 598398 641882 183479 599216 675767
184150 642508 833140 182819 183560 1196191 599090 300283 1118314 1118252
545432 1118678 598398 599216 770707 183479 1118350 599999
545431 770707 621422 621421 545166 950683 675785 598140
304103 1118314 486
300830 183567 182788 301577 1196193 183005
776166 545180 599099 598660 642098 300283 599699 183645 598808 642790 184125 545159 599998 182988
545536 643139 599866 599999
1064681 770707 832359 1118641 300360 599825
183567 1118678 643505
545533 1118314 949785 1118252 642660
300587 544829 598271 599256 545255 545492 599257 599260
598398 599216 770707 183479 642099 675767 598808
182910 643140 1521328 1118252 183039
1118641 642108 598300 599914 300360 642877 643834 598961 544972
301588 338696 642977 598574 642445
598987 643710 1196191 182988 183039
184125 833140 1196191 183007 598808 183039
642877 1196193 300360 599825 832481
642508 643139 1196191 643481 642790 598808 1118314 1118252 598140
1118522 599891 545528 544753 544903
1118521 545057 544829 183774 544903 599256 599257 545492 599260 598461
642500 770707 832359 1196193 598808 832541 643001
299549 643831 1118350 892868 182988 598660
300295 643139 770707 545006 599825 486
182988 300283
184139 1196191 160519 770707 598808
642488 1118735 1118678 598574 63033
643279 1118520 770707 599423 1118314 599697
1521328 182788 301577
598300 338696 544972 1196193 642445 1118735 598961
950683 599257 599090 544903 544906 545492 644056 599699 545255 599136 599260 545528
599099 545154 545159 770707 1118350
545166 1118520 1118319 599699 621926
621926 1118314 1118520 1196191 832481 599423
1118631 599891 545528 599090 544753 545492 599260 599257
545162 183430 338696 598574 642445
599090 1118252 1118319 770707 599998 545255 1118520 675785 599699
1118735 183774 832541 598027 545492 545255 598574 643710 545057 643833 643222 599048 643503 544972 598961
545006 832481 643266
1058581 545057 599136 545056
183039 770707 642963 183007
1196191 643139 642267 832359 642963 598027 598140 599216 183560 643438 642098 642660 643221 599423 598701 545448 832541 599998 598271 643613 643505 598808
1196193 642108 832359 642963 832541 599825 598027 642499 599423 643833 598701 599914 643831 642445 598271 643613 643503 832481 544972 598961
598574 1118678 63033 770707 832359 832541 599825 642445
544753 599891 599699 486
643831 1118678 643834 892868 598660
643833 1118678 643503 599825
643834 599825 599914
599611 544834 545082 1118520 1118319 621422 621421 644056 642660
599999 643140 1118678 599866 183007
599998 545180 1118314 599699 545255
598271 770707 643613 599257 643438 642977
598808 183479 832359 675767 643001 182819 183645 643710 770707
949785 545082 599257 599136 642660 544834 545017 598461
832359 832541 599825 643221 598701 770707
1118290 599697 182819 643481 545159 642267 832481
675767 833140 599216 183479 599423 599260
1118350 545154 545159 598660
641882 1118678 832541
621422 1118314 770707 621421 545448 1118252 599699
621421 1118314 599257 1118252 598140 545492 599136 644056 183552 545057 545056 1118520 770707 598461
642099 1118678
642098 770707 642963
545180 1118316 770707 599136 1118520
300283 643613
182819
643481 1118314 832481 1118252 598140
598701 642499 770707 832541 598027 598961 642977
599260 599256 544829 544903 644056 675785 599699 599257
598660 770707
183552 643139 770707 1118314 545154
643710 642499 643613
598462 599216 892868 1118678
598461 643438 1118319
643651 1118678 643222 642977
544972 892868 598961
643139 599699 770707 301577 1118314 643221 598140
642499 832481
183479 599216 770707 183007
183774 545492 599825
301577 599699 770707 183005
832541 599825 63033 1118678 892868 643001 643222 770707
63033
598027 1118678 770707 598961
1118678 599866 544829 545492 643001 643221 599914 599048 643503 599256 832481
599216 770707
643438 1118252 544903 599257 545492 1118314
300360 770707
545492 545082 1118319 1118252 544903 644056 642660 599699 675785 545528 770707 599257
644056 1118314 1118319 1118252 544903 675785 599699 545528 544834 1118520 770707 599257
643001 599825
643221 770707 1118314 643505
643222 770707
545255 892868 1118252 1118319 599699 1118520 770707 599257
183645 833140 770707 160519
599891 599699 599256 599257 486
545057 1118319 545017
545056 544834 1118319 759 1118520
160519 833140 183005
599048 892868
643503 892868 643613
643505
642445 183430 770707 338696
598961 770707
642267 1118314 486
183560 833140 770707 1118314 1118252 598140
1118314 598140 833140 642660 599697 599699 599423 545448 599136 675785 544834 832481
1118316 545154
642108 759 770707 599825
1118319 545082 599256 599257 544829 544906 599699 599136 544834 545017
486 833140 544903 545154 832481
1118252 599257 598140 833140 599699 642790 544834 545154
833140 182788 770707
892868 599256 832481
599136 599699 1118520 544906 675785
642660 544834 545082
641948 544906 545448
759
599423 770707 832481 598140
545448 643266
544834 545082 598140
545528 599699 675785 1118520 599257
182788
770707 599825 643613 832481 642963 599256 598140 544903 544906 643140 599697 599699 642790 545159
643613 642963
832481 1118520 642977
1118520 599257 544903 544906 599697 599699
545082
599866
183430 642790 599825
338696
599825 642977
642963
599256 544903 599257
599257 544829 544903 675785 599699
598140 599697 599699
544903 675785 599699
544906 599699
675785 599699
544829
643140
599697 545017
599699
643266
642790
599914
545154 545159
545159
545017
183005 183007
183007
642977
