642387 1118706 832546 598462 544809 545379 642099 643505 938857 304103 3298 643931 641981 521246 832669 544769
642386 641835 17459 183479 675767 599783 599216 182795 183985 642294 598837 642099 1118191 642984 643660 598398 642988 598986 643056 545171 642913 598462 832872
1118219 183710 598280 183715 642382 182943 599847 182945 544769 598564 184051 183484 183482 643844 183406 641967 183403 643387 643385 183917 183709 182819 545492 183856 599938 300252 598660 183552 643710 183498 183495 833071 598947 183146 183391 598789 183393 832872 544973 183149 183148 599279 642124 184176 183479 184078 301577 598223 183827 183783 183302 183300 183985 183984 183986 183387 183386 544780 183384 183389 643001 183936 183416 599950 184064 643221 182872 641929 832654 183286 832301 183790 544897 544899 299872 642672 183273 598605 183049 642820 544797 643503 641996 183373 644024 545262 618371 183459 184150 183619 183618 300830 833140 299870 183562 183560 183567 183564 183368 642988 183113 182979 183366 617851 183621 183623 643209 176280 599426 299828 832546 182788 642963 182988 183515 182980 832930 641810 182924 599866 299745 183434 299549 184139 300523 598261 183137 832272 599090 182795 643971 182792 184132 643140 183648 183872 304134 184027 184025 183645 642790 599407 545160 183088 301081 545154 545159 183339 599999 182969 183005 183007 598808 183535 183536
643310 598261 938902 300655 544772 642733 643615 642913 598462 176333 832546 641967 183391 598986 599525 304105 544811 545352 491 2500
642382 183277 183275 182819 770707 643201 1118248 1118319 644056 951070 183495 492
1118677 598261 599849 597882 176511 642038 643157 299423 599845 598824 599021 599711 303953 599018 300275 299764 642889 140546 544769
598986 183866 642733 301383 643751 140656 642913 1118187 599216 1128009 617986 599783 598654 939019 643689 1118344 1118230
1118210 642654 641872 183986 545166 642355 300544 545006 300543 183564 303893 641948 545198 643266 599085 304036 545139 642939 598095 544958 545137 544796 641851 643253 641858
597977 1118230 176511 642294 599036 299459 641967 299764 183686 642984 300333 1120083 599004
544769 748318 597933 598069 599849 1118657 598655 598438 301171 139 643917 521877 301176 522763 598261 544827 522628 643827 1118350 599215 642294 2154 599035 642099 2177 176280 641981 642017 598077 832654 599004 545206 99 642973 598705 1118271 599036 1118668 131789 832272 643615 1127444 2497 160032 1112681 644022 599627 599140 2500 521198
598564 618371 598102 184139 182924 833140 299870 643387 1196191 643385 642451 545198 832301 183645 375954 599407 1118668 299828 642500 770707 300295 598808 599587
643190 1118705 177857 26454 304074 598723 950636 598684 545469 26427 544813 2246 605422 544849 832481
598367 140523 832857 1118159 642274 300232 176155 832917 599938 1128366 949714 301588 832546 1196193 832669 598780
845759 183715 183434 184132 183137 299872 299870 183302 183300 183567 183387 183403 183389 183366 183872 182819 832301 300252 833140 183498 183273 833071 183373 183147 183146 183391 183393 183515 183148
176235 643282 597933 160032 300049 892868 301554 598790 545117 299549 1118137 597942 599140 598660 493
545494 545280 1118705 643044 598723 303998 545443 545441 494 177857 544849 493 642944
599601 1064859 832546 599627 642477 598497 642471 598498 642216 300349 642982 1118198 642571 1118707 642017 642139 1025151 642327 1073689 301321 643196 643946 643194 642469 832917 643677 300352
599600 301017 599849 301132 832546 545348 300440 301171 301172 545346 545347 598899 769973 300160 300046 300162 300044 832515 599454 300328 643687 643686 642764 832450 844431 545344 598628 833031 642731 598606 140949 832917 1065361 544874 643440 598787 740420 643698 304086 300442
521220 643097 642262 643157 598655 598632 643937 301172 643849 598261 301251 598791 140656 544809 599158 303951 303953 183686 598917 642556 643207 299897 642694 299576 176284 599525 643832 642733 300121 599580 140546 832930
598957 890415 776156 598490 597923 832272 599048 1118327 1118159 621652 599938 642108 949714 832857 643593 832669 1118641 300836 1196193 642877 1118735 598961
599377 1118668 545154 833071 545159 598226 303901 832301 642820 642790 599085 544780 598808 1118657 776166
1065431 642482 95781 299337 183479 300974 545026 545432 675767 300381 300043 599216 544780 1118191 643689 598398 301383 642973 1118137 1120035 770707 599617 299868 299869 643751
177896 599849 301013 597992 599721 641818 643615 599637 599631 300525 300526 300047 642877 599629 301176 300075
300017 643097 643430 599877 845115 301009 598123 599021 832546 599158 642948 599627 644023 599014 642947 598655
643387 182924 184139 1118252 1118350 833140 299870 643971 183406 183403 643385 641929 832301 643201 121 544899 599407 183277 183275 182788 770707 183536
643385 1118668 183710 618371 598102 183715 182910 299870 832301 643201 641813 182924 544899 599407 833140
304014 643093 642781 950683 599825 492 598104 1118631 972072 598858 183984 950226 544903 544904 544905 644056 1118157 598298 599699 642019 1118248 121 486 1118545 1118522 1118520 770707 544790 641996
183917 1118668 183648 183872 833140 1521329 1521328 183936 770707 183984 183406 183498 183384 183827 491
301065 1118169 642542 599044 642733 598462 597938 642166 1118559 598837 641967 598438 1120083 599525 139 642984 1118350 1120035
301383 183866 642482 832706 599774 1118657 598654 598438 642262 599783 522478 545206 598261 299872 160032 1118671 299397 642459 1120083 643689 598398 642173 95240 925392 1120035 643923 599617 299869 183147 1137947 599140 544811
1118449 642124 599310 643078 832272 643209 184027 832654 183985 643844 183495 183645 598947 642184 300360 599652 183986 643001 183535 299374 544780
183856 643831 617851 642429 182811 832654 598605 770539 599202 1118192 182980 182988 183507 598660 644024 125
642139 643211 891741 642123 153 832546 599570 642473 642471 299423 300012 599158 643531 300349 642982 1118198 642017 599240 599750 599150 598497 1118707 301321 176569 643196 642469 832917 642981 300352
300252 183300 833140 1118559 832654 522378 299549 183984 1118169 938902 1112681 139 832930 598660 642978 1118271 183386
643923 140869 1118671 1118191 299745 599617 1118187 643579 642459 545432 675767 939019 832872 1118344 493
925392 1065490 642238 183146 183866 183864 140869 183495 642482 183147 617986 642459 618300 617858 642617 832872 184051
642184 545262 642124 643093 1118316 1118319 545180 598226 1118350 491 1118271 776166 599310 1118631 599090 544829 545384 544780 545492 1118668 832654 642019 545255 642790 544897 951070 183552 545154 642429 545159 1118657 544794
300254 642187 544827 545304 597933 598241 642820 544924 598947 642819 599140 544803 545206 300109
299764 522378 770707 1065361 192 641967 599020 176511 598438 301176 521724
1118288 183621 545261 545198 642939 598095 642355 545006 545137 183564 599085 300295 643253 643266 304036 303893
1073689 299358 642123 643931 598653 643937 642477 598497 642471 522371 522927 599014 183686 642099 642571 599580 642653 642289 300319 642469 300012 300333 300075
833031 769973 153 300044 598606 643161 599454 1118320 176459 1118568 832450 95240 545348 71 545344 832546 545346 768088 643686
599733 301101 545061 545057 545056 949785 1118319 598121 299423 643844 643266 949714 621421 950226 71 1058581 644056 1118521
938925 300804 300803 642818 643157 301273 598462 304108 832721 545379 176293 642694 183387 643505 643056 300526 304105 598414
160046 140808 642820 184024 304105 300364 183368 299992 544842 300354 183373 301590 300109
1118169 643095 643157 599435 597938 304108 599740 598223 300526 521877 304105 643579 299936 642355 544809 675802 2176 2177 176550 176274 183386 301282 832327 832272 832670 832654 832301 643523 301009 599426 599140 2499 642984 176305 545158 643524 643505 599580 183535
1118620 643849 183783 642818 545099 598095 599774 299291 641800 832546 642820 176293 183387 303951 643678 304103 300803 545206 183368
642633 26455 1118314 643934 599825 491 1118271 301255 545920 1118678 621926 642726 1058395 26454 892868 1118499 599880 303998 26436 623021 303893 642499 643985 621652 1196193 643481 599423 26427 26426 545507 494437 1118520 770707 643399 832481 375453 1118290
544797 599238 599304 1118559 621926 770707 642166 545507 641851 544780 303893 544801 486 641858 492
140546 599849 643221 545171 160032 643615 1064773 599845 598655 598787 642099 599140 643698 301176 1120035
599279 183552 183621 641996 833140 182943 832654 643971 183434 183495 544794 492 1118522 486 183515 545154 1118271
140808 770707 299397 522371 544809 545291 1120035 641944 545493 139 641981 304105
598102 1118314 598104 544958 770707 832301 643201 1196191 184139 544897 545431 486 545154 182924 544899 183373 492
299897 545920 176421 642181 599721 544813 177888 1112850 1118678 643097 598791 599031 598655 493 544849 832669 598632
598104 1118314 643093 642000 642781 599257 1118252 598140 1118614 599090 544905 642660 641948 1078946 599699 832301 545255 1196191 544753 1118248 494437 770707 641996
184176 598280 183621 1118337 183774 644024 492 183387 299589 183507 617851 183076 182811 597942 184025 183389 643831 643054 1118521 183148 183391 182988 182969 182980
192 183277 642482 299872 642115 183709 833071 95781 183434 183495 299868 299869 832917 183146 183393 832872 299489 184051 183715
184078 641835 1521329 1521328 182795 183619 182792 183618 1118657 183391 299589 183827 183149 183936
301281 301081 183137 1118559 832654 1118657 144670 642963 183386 1518749 183366 1118350 1118271 832930
183827 183710 618371 183715 642963 300830 776166 183137 833140 176511 183406 183384 183113 182979 184051 1118668 183648 183872 182872 182819 183403 832301 183088 183498 183273 182788 183049 183005 598808 299499 599587 183536
521877 2499 598261 299936 642542 599664 641800 675802 599740 139 301590
545205 3390 1118705 545418 598069 1118248 545386 599086 545504 675796 545359 177868 300332 492
545206 545267 597933 643354 984188 304108 493 950224 544827 545043 598241 642820 599034 522371 544809 544924 599035 303951 545493 300109 597921 759 598788 643523 176282 145034 545160 3390 544811 599204 1137947 303889 599140 643033 304076
545418 597931 545409 545479 599647 545160 1058395 545147 3389 598956 544907 544952 303972 1118705 545443 544992 545359 643985 544836 984268 599086 545405 544795 600011 544917
748318 183467 131789 598077 522378 643615 617819 2497 599036 642973 183416 599035 599740 303951 183686 599582 644022 641981
183985 522378 182795 770707 1118657 522371 599202 599036 598837 493
183984 183552 184150 304134 1521329 183560 545384 183049 300601 950226 544899 492
183986 950722 1118657 599256 598438 599202 1118350 491 1118271 776166 599310 183302 598837 1518749 182979 642451 599851 643201 121 642790 599260 1118668 160519 1118521 770707 642963 643613 599587
544787 2154 597937 544827 597933 598077 642503 599204 301554 544809 300364 545504 598893 1120083 1120035 544976
144623 545083 301165 304097 301013 301139 545424 304076 599624 545370 643044 300277 597992
300295 643139 492 770707 26454 545006 1118499 642837 544794 643934 599825 486 598910 1118271
183387 950880 144670 938857 1118350 599238 833140 183302 183300 182792 643366 641967 1518749 183389 184025 1118137 938902 1118668 183391 183393 183148
183386 1118559 160032 832654 1118137 183391 1518749 139 183366 1118350 832930
544780 950722 299549 184139 139 1118350 1118271 599238 599310 642355 2154 598402 643514 598934 598226 1064740 545099 832654 832301 641944 1118137 971271 599525 1118172 176169 1118668 545159 1118559 1118657 641856 598785 641858 544976
183384 1118668 183562 183936 770707 642549 183273 183113 160519 183536
1120083 183715 597933 597938 299291 643937 301172 301590 184051 599238 598261 299936 183864 300121 300049 299423 641889 299395 544809 544902 597942 184132 140839 641981 182811 545093 176279 183709 597921 140814 641800 599752 176280 599750 299459 599036 140523 183366 176274 176569 643584 598947 140587 183416 599582 300595
599021 598261 176421 1118706 598436 599711 643931 642948 777098 599018 832546 642947 521198
183389 950880 1521328 183619 299549 938857 1118350 833140 183302 643366 183507 183391 184064 304134 832654 184025 1118137 938902 183783 1118668 643505 182988 183393 183148
2261 545370 599647 545147 598544 950224 950636 544907 544962 2246 598814 544836 545312 951497 545314 621652 950184 304074 545469 599403 1118705 545409 598723 544795 300078 675796 544917 544992
623021 1118314 1118157 621650 621926 1118520 770707 544896 544897 644056 832481 598140 492 1118290
544788 597900 950224 599699 1118545 675805 1118631 972072 598298 1118520 544790 642781 544796 544905 1118522 641924 951070 644056 545477 675785 950683
641981 599849 675802 299291 598438 599034 522478 301590 304105 1118678 617819 299397 522371 544902 300336 176333 641849 300109 643221 598077 597921 301009 971271 544772 299578 1120035 2499 140523 545171 643615 599999 599712 2497 832917 544876 2500 176368 521724
599950 598605 1118668 598891 598438 1118559 182795 299397 642294 598837 183467 598077 641945 598705 832550 1128560 131789 522378 2497 300339 140587 644022 300333 644024 832930
599954 545312 545310 545314 598069 598544 950184 300037 545493 304062 544962 544813 544836
545117 545267 597933 598456 1118657 598893 494 493 544809 2154 598790 599035 544803 303896 832930 1064740 832654 598788 145090 145034 2246 176169 1137947 544876 303889 544878 598785 605422 544976
299576 769973 1118576 599875 599999 521263 770707 599851 643931 598787 1065361 642556 301171 299952 544811 1118271 644094
832550 642239 643832 598498 771510 17459 832612 598705 1118192 176284 832546 641882
299574 1118707 642325 1118678 643161 599231 598498 1118320 1025151 641856 768188 545348 740420 832917 642017 599875 153 1118192
177868 301443 599719 599718 176438 643999 598069 599556 301431 599086 600011 545405 304097 643917
299578 1118735 643220 643082 160032 176438 598069 145090 299580 643931 599031 599750 599627 832669 303953 494 642947 643036 598915
1118668 183710 598280 183715 599847 182945 675767 299449 299374 641967 183403 182819 599839 599260 183498 545136 598947 183146 183391 183790 183149 643392 642124 303901 598226 598223 301273 522927 643001 183936 183416 182872 832654 832301 544896 300275 299872 183273 176305 300601 544794 641996 644024 618371 545261 183459 643917 599238 833140 299870 1064681 183567 183113 182979 183366 183623 182910 832272 618300 599426 643615 598824 140587 182988 300354 299499 832930 641810 182924 642246 599866 183434 642166 299549 598300 184139 599257 598438 300523 598934 183137 643209 544829 176511 644094 2500 643140 183648 183645 642790 599407 183088 301081 642445 545159 599999 599998 598808 599617 182795 183536
832857 642488 949785 1118319 598992 598991 599627 598632 491 777098 544823 1118735 621421 2019 492 1128366 1058581 1118198 642274 1118327 1196191 598574 949714 125 1118263 832546 545057 545056 833071 176569 770707 598780 598961 642977
1118545 597900 545166 545431 545078 545511 598858 545492 544794 544796 544904 544905 545493 599899 544896 545477 544903 599257
984268 597935 643354 304062 545471 545439 598142 545389 300047 545147 303998 544847 599111 303951 544907 303893 303976 304076 545503 544754 545359 545039 545230 545043 544952 544836 545408 599718 544959 545391 598788 544917
598606 769973 300046 300162 300044 599454 1118568 599652 643687 643686 598787 740420 642764 643698 598899
599204 599873 597937 832327 597933 642820 544847 545291 3389 984188 544924 599035 2154 544809 2246 145034 176169 304105
642913 643751 599216 598462 1118671 1118191 183479 1118187 300974 642459 938902 939019 597981 599783 1064642 1118344
643584 599849 597882 642542 643336 598121 599825 176280 3298 598891 1118170 1118192 301172 643001 300836 184051
304074 545083 598069 545479 643593 299354 492 545280 545920 643999 1118735 598939 950636 544908 301128 950184 301431 545469 26426 642185 544813 832481 300332
545291 643095 545267 597933 984188 304108 643937 139 304105 301554 544809 176279 544842 183366 301009 1120035 176274 1137947 544878 599140 544811
545290 545920 545529 544917 545177 599403 1112850 494 643379 599383 493 545443 642944
643827 301101 643805 599849 1118678 599652 522610 598438 598498 17459 643832 599833 832546 131471 642099 1118650 643937 301171 598787 1118192 300381
300078 545312 599987 545314 950636 176438 598069 598939 176247 545503 494 544813 299354 544849 642839
644022 522478 599454 299397 642294 675802 599035 642099 176279 183686 183467 642173 642973 598705 1120035 2499 522610 2497 2165 598837
644023 642477 300043 598123 617819 1064642 599617 300974 832546 598791 617986 618300 643689 599783 643751
643033 599935 642819 597933 598241 599845 2154 544924 599035 599111 303893 487 493
182969 617851 183783 183562 183619 182792 1196193 300830 301577 183391 486 183005 183149 182980 1118271 183076
643036 643159 832546 599627 644094 598853 140996 545283 643430 598918 140442 598917 598915 300043 643082 642251 599752 599750 545042 1118705 176438 300319 643946 643194 832481
300075 642017 599987 891741 642123 1118706 832669 26455 598069 301443 950636 642840 599637 599627 600011 26426 1118705 832481 643566 492
643211 643097 642488 643176 642123 1128366 599627 1118650 1118272 599158 598791 832823 140442 1118198 598915 642274 598574 599240 949714 598666 1118263 1118567 176368 642469 832917 642447 1118707 598780
618371 183710 183459 599407 599998 121 1118657 644024 599627 1118290 598808 1118350 1118271
183619 183709 183936 182792 183618 183391 617851 299589 183149 182980 183076
643354 545261 950880 494 493 545280 599557 641889 544847 1118192 2246 303896 328427 545093 545443 545441 487 299787 599383 544849 2259 544918 544813
545467 949785 1118319 1118520 675785 545465 545483 599136 644056 951070 545481 598140 492 950683
301273 1118705 544811 1118671 144670 950722 545026 938857 599633 598808 599202 493
832178 643832 642974 599044 17459 598705 832706 599202 832546 832214 2497 176284 641945 771510
3298 183467 301251 643616 643844 643597 598918 299358 832917 598917 300336
522478 597933 597938 598891 301590 184132 598261 299936 300121 300049 598791 544902 599035 545493 303953 183686 300321 140839 303893 299489 832272 832654 641944 641800 599582 176280 599426 176274 299828 300339 140587 183416 599580 300354
26436 599721 598587 598917 598956 300637 599631 300836 599629 832481 832669 598915
598853 599849 643176 643207 643615 599557 642251 1112850 599627 1112681 494 642447 642889 599833 521198 2500
545061 1118157 545057 545056 1058395 949785 1118319 759 949714 621421 1058581 644056 544965
544897 641810 545262 1118316 545180 1118450 184139 1118314 598140 1118271 776166 599238 621926 544829 545384 598956 599136 544961 545198 1118157 1065336 759 642019 1118248 1196193 544899 300523 545136 599998 375453
597882 832272 1118559 643157 1118657 641944 598791 599085 643524 521200 328427 642556
299872 183866 183864 642482 183479 598654 599783 1118350 140869 1118671 183147 642459 1118191 642238 598398 1118344 599617 183495 299868 299869 598947 183146 183149 183148
642355 938477 642939 832654 1118559 1118137 1118657 183515 1118350
176666 643041 3390 545471 545405 545304 544813 176438 599664 950184 642251 598956 494 1118641 176295 598438 487 599627 832481 2246 493
598858 643093 642781 950683 492 1058395 972072 545511 544903 544905 644056 675785 675805 1118157 599699 642019 1118248 544753 486 1118631 545077 1118522 1118520 770707 544790 599899 641996
522371 1118450 597933 599866 597938 643931 643579 599914 598438 139 304045 301590 598261 598297 642820 183300 299291 2154 544924 599035 545493 1118191 176550 183366 299489 832272 1064740 832654 641944 544809 301009 176280 299348 300275 300321 642542 545171 1118522 300319 770707 599774 140587 599140 300354 544976
599880 642654 545536 642659 300549 303976 300543 642837 643366 621421 301577 641851 832481 643934
1521329 183648 183300 183567 183406 301577 183391 299589 183403 183536 183535 300830 182910
675802 642246 643336 597938 598791 598891 598436 598438 139 1118271 522628 1118559 598837 522927 544902 599035 832654 641944 641800 599582 125 522610 599999 2497 599580
642459 599216 183864 642482 299337 300974 1118657 598654 300381 1118271 160032 1118671 521200 643689 642238 598398 95240 642985 599774 299868 299869 642447 544973 544972 545432
675805 597900 545511 621652 599699 599899 545255 545243 544796 544904 492 545431 1118319 599256 598590 544903 950683
642988 642238 299930 183864 599216 299745 183479 1118499 617986 598808 598398 1118350 303893
183686 599849 598123 1064773 598791 1127444 599525 1120035
598910 545166 545079 642659 1118520 300543 642837 641851 832481 950747 300544 492 643934
643514 599238 522628 160032 832654 301554 184024 599036 1118137 2177 599140 1120035
642451 642500 1118314 641872 643336 599998 599825 642011 641882 642725 599664 545006 545198 642019 1196191 1196193 375954 304036 643834 544958 545137 643503 643253 375453
598917 599627 176421 545042 643082 832917 643194 599158 598918 599750 599124 300637 492 598915 599752 832669
642981 1025151 153 1118678 642731 598498 832917 832546 642469 643371 1118651 642982 300352
300109 597931 299992 597933 160032 1118137 493 486 599035
597900 544790 1118159 1118631 1058395 972072 598298 1118520 599699 544796 950683 1118522 486 492 545477 675785 303893
642274 643176 300232 1128366 599240 949714 832669 598780 777098 1118263
3390 301165 545160 140792 642820 303976 303971 643809 642251 304076 545443 643524 599035 599111 545039 545471 183373 545439
642172 545280 890415 776156 599652 1118735 545186 545325 599240 599627 1058581 598787 644056 643698 1118272 1118192
642173 1128560 300339 131789 599044 522378 17459 1128009 2497 642294 599036 599216 642973 643937 642984 599004
1118327 598350 545280 642733 642889 832669 643999 643597 598791 643176 545432 598956 303953 642447 544972 599557 642672 599383
544842 545093 544827 545170 545157 545099 160032 643523 641849 598142 492 1137947
183275 183277 183498 1118314 1118614 1118316 183562 486 183273 951070 493 1137947
1118248 641810 545262 642781 545477 643093 183484 545511 545533 621422 545493 642124 644056 642660 599699 545255 643481 545465 544834 599899 544958 641996
99 598934 598261 643095 642542 832272 597938 544809 176280 599740 597942 599582 599580 176274 299348
545056 544834 545529 1058395 1118319 300232 1118520 949714 621421 598991 1058581 544965 759 598780
618300 641835 642262 183864 299337 183479 1118187 300974 598654 599783 300043 299930 845115 300484 599216 1118671 939019 643689 140881 598398 1064642 599304 299745 599617 617986 643751 545432
176333 598261 938902 643157 643615 643809 641877 938857 176280 643505 597942 299348 599140 642556 642542
183273 183277 183498 1118314 183648 643221 1137947 486 1118350 1118271 832930
844431 598628 769973 599652 300162 599454 301132 1118568 643687 643686 598787 642764 643698 140949
951497 545479 545477 545389 599647 598956 544902 545492 544962 644056 643086 303972 598298 176282 544896 545372 304171 644054 545528 544790 544918 832669
140881 300043 599783 599216 1118671 299337 299745 599617 300974 617986 643689 1118344 300381
1120035 643095 183864 95781 597938 598893 301554 643937 300354 301590 1065490 598261 597933 522378 617819 299397 299291 299395 544809 522927 300364 299992 176511 140839 299489 183467 599877 598077 597921 140814 641800 131471 598705 299348 299459 300275 184024 599036 131789 300336 301009 176274 300339 300121 642973 140587 183416 2154 599582 599140 300595 176368 643392
642187 642653 599935 642819 643336 642500 599845 599296 598791 599031 599825 643001
642185 545920 1118705 301139 642181 598069 950636 176293 544962 544813 598587 598684 643044
598814 599987 1118705 598069 177888 140792 177857 299336 176308 300565 950636 545479 300277 599624 544813 599402 177853
642181 545920 301139 140792 26454 642539 176293 950184 950636 600011 545469 544813 544908 1118705 949534 492 643044
833071 183710 833140 299449 832654 832930 832301 183482 832546 1118657 598490 125 2019 599998 642445 183373 642197
176569 599849 642123 521263 598380 599551 642017 1025151 599240 176280 598655 598632 599627 598915 1118735 832669 1118263
599774 598462 1118187 599627 545432 675767 598438 139 299930 599216 1118671 1118191 598398 599877 939019 938902 1118344 599638 545171 770707 599617 643751 598654
598824 599849 299423 642429 598121 17459 599711 832872 599631 599839 599018 642889 598823
1065361 598261 299828 176511 643207 599839 1064773 641944 1118657 641967 599627 140814 642694 599580 301171 642556
768188 643084 599875 643161 599231 299337 176459 544874 545348 832515 140949 643440
598823 301101 597992 598121 299423 599711 832546 599825 599018 599627 1118650 1118170 832872 599629 641882
599140 643095 545267 597933 597938 598893 301554 598438 304045 139 598261 299936 598241 617819 544809 300121 599035 301590 176279 140839 641800 301009 599426 544811 304108 303889 599582 300354 300595 300049 521724
642672 299449 1118678 183709 599866 599999 641877 1118657 832654 183515 300049
299499 183277 184064 832272 182788 770707 1196191 144670 300601 1118641 183393
176368 643221 183467 522378 642947 299397 599202 598300 599627 544772 598400
641810 642000 544829 770707 545384 544899 599407 759 492
641813 1118252 1118314 1118614 545136 1196191 598271 643266 642781 599257 1196193 375954 598140 375453
183866 642238 183864 1118671 599617 641877 299459 832872 300049
642000 544834 300804 1118314 1058395 1118631 949785 1118319 599611 545533 545386 545102 545483 599638 951070 1118252 545352 491
183467 1118567 891741 598490 299397 599627 598438 598350 139 642947 832669 300336
641818 177853 951783 301013 642120 545424 598939 299775 642840 299788 599624 300047 299787 300277 642847
545424 545312 545920 1118705 545529 642120 299336 598069 300565 641785 598939 177888 642840 599624 486 299787 951783 544849 492 177853
1118187 642238 183864 140869 617986 545432 617858 832872 832930
545243 1118319 599256 950683 545006 492 1118252 621926 1058395 643438 545492 644056 675785 1118159 1118157 598298 599699 545255 486 599260 545528 545076 1118521 1118520
598436 2499 1118314 300319 598438 1118568 643931 643531 1118650 300275 740420 139 300321 1118271
598438 599849 599914 643336 597938 599740 599435 139 599783 304045 1118271 522763 598261 299449 299936 1118559 643985 299397 599036 522927 642099 303951 176511 597981 176274 832272 599631 641800 131471 598705 1118641 299348 300275 598666 598223 140523 131789 522610 643615 2497 545158 140587 599020 598655 599580 832930 617819 521724
304045 545267 597933 160032 544809 121 1118137 642099 641944 599435 486 492 832327
522763 522628 832272 1118559 599216 642973 1118657 598891 139 1118271 776166
544823 1118706 1118735 599999 1064773 949714 300121 1127444 1118678 599627 598632 1118192 1118263 598655 125
545920 643844 299775 301255 1058395 544962 599637 545230 545170 545408 176438 545405 546062 598788 642840 642841 599624 642539 300565 545493 304097 545389 301165 299787 300277 304171 544952 643630 544959 176308 598684 643503 545261 299336 597938 598456 545100 304062 300830 643999 892868 544801 544803 617851 776156 832272 832670 621652 176282 545379 642819 642877 545177 544836 545529 642503 545076 299940 770707 303889 832481 545083 598069 176293 599740 300525 300526 299354 644094 300047 599556 303951 544907 544908 303893 545312 545310 301128 184025 1196193 545503 545502 71 599403 599402 545154 545157 545159 598723 300037 544917 300332
544827 545261 545267 597933 545186 599435 598142 545160 160032 544809 599035 599877 597921 184024 938902 545170 1137947 599582
598297 642239 642500 642725 770707 599048 643438 1196191 643201 598226 643503 832541 599825 598271 832359 299374 642963
545511 1118522 599699 1118157 1118631 972072 545077 599899 544905 950683 545076 486 675785 492
544829 641924 1118157 641996 1118559 1118463 1118521 300523 545384 545262 1118678 1118319 599260 491 492 599257
642038 643086 641882 598121 832546 599018 643593 544992 599633 1118170 486 644054
643971 950880 599999 183618 1118657 301171 1118271 183783 833140 182792 2019 299589 183936 643140 183621 521200 832654 832301 1196193 301009 1118137 544899 770707 183005 642445 183149 832930
182792 617851 183783 182788 183618 184025 1196193 182980 299589 183007 491 300830 183391
303951 599849 545261 545267 950880 598462 598069 545479 938857 643917 642447 598241 950764 544847 492 545493 950224 2246 544849 599020 971661 643221 599099 544907 544809 938902 971271 599525 176169 544952 1118705 544811 545157 643615 545171 770707 599202 1137947 521250 544972
303953 598226 598655 598632 493 598261 176421 299397 544902 641849 642889 545093 599877 641944 1118137 598400 1118706 1118641 642447
303896 544952 545261 599718 950880 299336 545230 299775 642847 599624 494 493 643917 759 1137947
328427 301165 643044 598241 176438 643999 598069 545325 301431 599158 643524 599556 544907 643917 599631
303893 597935 545304 642166 545432 493 1118559 545006 544809 642653 544801 2246 971660 545198 182910 1064740 1118191 545507 643220 486 304036 545230 938477 605422 598241 770707 544796 641851 832481 544803 950747
641851 597935 597931 300543 641858 642659 1118520 545006 26454 544795 1118271 950747 300544 492
1065490 522628 598077 1118671 1064642 832706 642973 545026 545432 675767 1118191 1118344
545093 598261 971660 545099 545157 641889 545158 1137947 521200 544878 642985 1118350 544973 545379 598142
598077 832706 139 301172 522628 522378 299397 301554 599036 598791 176279 184024 642973 598705 131789 522610 2497 140587 183416 300333
545099 545261 545267 597933 304100 598142 2154 544847 950764 971660 545379 1118137 938902 971271 888313 545157 545158 544795 623204 1137947
1064642 642238 299930 598398 845115 182795 299337 183479 599617 300974 641835 545432 597981 299852 643751 1118271 598654
599851 140996 182795 183567 140814 641967 832823 301171 301172 832721 299374
544834 545082 1118314 1118157 641996 949785 1118319 599611 304019 642660 599638 950226 644056 951070 1118252 545352 598140 492 544965
304019 545082 599611 1118314 494437 949785 1118319 1118520 545533 950226 545465 644056 951070 544965 492 1118157
832450 153 642246 642482 832546 545344 300044 598498 299397 643686 599150 599875 183368 642239 643161 598705 71 832515 643831 176459 299868 299869 643523 599231 598787 740420
599240 891741 643176 642123 1064859 642488 1128366 599627 1118650 1118272 598498 832823 643689 140442 598915 598574 598666 1118263 1118567 642289 643737 599712 642469 642447 1118735 598780
949714 642488 642123 598992 598991 832917 545283 599158 832669 176155 600011 544972 599938 598490 301588 599383 545057 300232 643946 598684 545483 545481 642447 642445 140949 598961 598780
599310 770707 832359 598226 184139 598808 182979 183535 1118271
642447 643176 643597 1118657 599627 598632 1118271 545280 599557 1118735 598791 643689 597923 1196193 599383 599048 770707 598655 544973 544972 598961
642473 1118272 642017 1118678 599866 17459 891741 832546 599627 1118198 1118192 1118735 153
832515 769973 144 1118320 1118568 598837 740420 832546 300277 153
182795 599849 641872 183479 641835 599783 1118350 1118271 599216 1128009 598837 642099 1118191 184027 641945 599839 1128560 643931 643751 599999 599202 643505 599004 1118230
643282 544952 144 545529 545083 299336 598456 642847 71 599624 299787 644027
183088 183936 770707 1196191 643613 121 642963 183007 598808 599587 776166
301081 183459 1118559 643366 1118657 642963 598808 183366 1118350 1118271 776166
641996 643139 545082 544958 545136 643934 1118314 1118252 598140 300523 599099 1118614 642725 643438 545386 545492 642660 544965 641948 642019 832301 643481 544896 71 375954 544899 545352 598590 833140 642508 545154 494437 545078 545077 599899 599611 770707 183049 598271 598909 643399 183552 599587 375453
643078 642429 770707 771510 598837 1118641 643505 300360 599825 300525 300526 642877 643660 1118271 304105
642471 1064859 832546 598653 599627 599570 1118678 598497 598498 599014 300321 642982 1118198 642571 1118707 642017 1025151 598655 599833 642327 643832 545139 301321 642469 300012 643677 300352 832669
184024 522628 183562 183715 301554 304105 183416 299992 183783
301321 1118707 1025151 891741 643205 153 643946 832546 642469 642216
545391 303971 545408 328068 3389 545441 545039 544754 2259 545471 2246 545439 545043
598723 304097 643220 1118631 623204 26454 950184 300037 545479 621421 544813 950636 644056 544849 643999 492
300339 1128560 641945 599004 599202 1128009 2165 139 642294
950764 599099 183783 545267 545496 545157 545136 545137 641944 643844 545100 184025 544907 545154 304100 642197 832481 176169
643678 1118735 938857 832546 643937 544772 304103 492 304105 1058395 599215 641967 1118192 598414 521246 1118157 545379 938902 176284 599525 643834 598462 770539 486 643505
544918 643630 1058395 621652 1118159 599627 494 544973 759 832669 493
544917 971661 888313 494 971660 545147 598069 546062 621650 623204 545503 675796 544962 599403 484695 493 545409
643677 642123 1064859 545325 832546 598653 300637 1118651 1112670 598497 598498 598791 642216 300349 642017 599225 598666 299701 643194 642469 832917
300333 1118230 522378 544924 641800 599036 598837 176511 300275 599202
300332 1118705 598069 544813 643985 642539 950184 950636 643593 26426 486 299354 492 644094
183535 1118559 642166 1118657 1518749 1521328 160519 183536
183536 183498 833140 182819 183286 643201 182788 184139 1521328
300336 598350 1118705 598490 140523 598069 299397 599873 598956 598684 599627 300525 300526 642877 832669
183710 183498 833140 183562 770707 183406 1118290 375954 183113
643097 599849 176421 643430 521263 599215 599158 1127444 598655 598791 599525 599627 598632
598280 643831 1118314 1118614 643209 598605 770707 642963 644024 597942 598808 643834 598660 599587
643095 597933 984188 521724 139 301590 598261 522378 597921 301554 544809 599034 2177 176274 140839 832327 832272 1064740 304108 1137947 2154 1118657 544811
183715 183864 599407 183936 642963 1118137 160519 182979 1118350 599587
643159 545312 642499 545529 641785 643205 598380 599551 300565 545325 642120 599752 599225 642847 642840 599624 599403 598915 301139
643157 599849 176320 599839 1064773 643931 938857 301171 300526 1118272 643849 1118559 599216 599215 598837 300360 599020 300655 938902 971271 599525 643056 642733 643615 643616 521263 598462 1118641 643505 521250 2500
1128366 140523 832669 301180 300232 599721 642488 598992 643176 301588 832823 642445 544972 598780
545025 299930 599783 598398 299337 770707 545026 598654 675767 1118191 642617 1118344 950747 545432
545026 95781 299337 545432 492 299930 599216 617858 617851 299852 1118463 1118191 299745 486 1118344 1118522 770707 832872 182980 598654
598893 1118657 521724 599624 304100 493 545158 544803 971661 971660 144 759 145090 888313 545157 642503 546062 623204 1118137 303889 544878
598891 2499 599849 642246 832654 597938 300121 642099 299348 521200 1118170 1118172 521198
494 301139 176295 545471 642944 545389 140996 599647 545160 545147 641889 598790 599111 599031 641849 599877 545177 303972 303976 545443 545372 643044 183277 544952 545529 544795 176247 545441 832872
642262 642238 183864 1118671 599215 299745 599617 599845 597938 1112850 545432
139 597933 304108 598934 2154 522628 642820 299397 299291 544809 2176 300321 176280 140839 183416 832327 832272 832654 641944 641800 642973 598705 643392 599426 598666 2499 131789 299828 176305 176274 299992 2497 140587 599020 521724 300595
299449 643999 299936 832654 599999 598456 1118657 832481 183149 182979 300830
299374 598462 599849 599866 770707 599202 938902 299992 599839 544772 642985 832721
491 642124 643093 641872 300830 644094 833140 545536 183560 644056 643660 642197 182819 642837 183113 643710 545171 183049 546062 643505 832481 641858
598899 598628 642764 300160 642731 1118320 301132 1118568 832546 643687 598787 740420 545346 643698 304086
493 176282 597937 300523 301139 597933 545471 598142 545389 2154 545283 545160 598241 545147 621114 832917 641889 598790 544902 599111 301590 641849 642944 545443 599873 183872 140792 303972 599031 303976 304076 544878 544992 545359 599402 643044 544952 545177 545529 299940 545409 544795 642820 643524 545441 643523 598789 832872 176295 484695 545280 183368
301255 1118678 1518749 643985 641872 26455 184027 598956 121 950636 832481
299930 183479 545432 599783 492 599216 1118671 617858 832872 299852 642238 598398 1118191 95240 486 1118344 599304 770707 599617 642617 598654
176421 643082 642539 643931 1118657 599750 598632 598655 642947 521198 598915
299936 598934 599935 832327 832272 1118559 643336 832654 598223 599999 597938 599296 1118641 599435
1118614 641872 182943 642781 599257 545431 598140 300523 545283 643438 621422 621421 544906 641948 621650 642019 832301 643481 545139 544896 643630 598590 642508 544958 545136 643399
545147 545314 1118522 544962 545503 675796 484695
182910 643140 642429 1521328 642166 183403 182979 1118252 599407 1118271
301554 642654 544809 642973 304108 643937 300595 522628
950224 545262 545139 545079 545076 545136 545502 545479 598298 599136 832481 545477 304036
598791 599849 643176 1064773 643597 598655 598632 599624 1118272 304105 545280 845115 522378 299423 599158 1118192 599031 599935 642115 599215 599721 544813 1118678 642977 599525 598666 599383 2499 832546 1118705 521263 641856 598787 598785 599627
183406 183560 833140 304134 1521328 183936 184150 182788 832301 183049 121 2019 183391 183484 183113 492
2019 643086 545493 642108 301180 300319 176155 832301 642251 832823 644054
183403 771510 1521328 184150 599783 776166 183137 833140 183560 1518749 182979 183648 183936 832301 183113 183049 183007
1064859 642477 643832 598497 832917 1112670 598653 599627 598666 642982 832669 642571
642556 599866 770707 1064773 643931 301171 1118271 644094 769973 1118576 521263 599031 299952 643220 599875 938902 599999 598787 544811
642239 17459 770707 770539 1196191 599627 599825 1118192 1118272 1118271 642197
642238 599849 641835 642482 299337 641877 1118650 675767 599783 599216 939019 1118671 598398 1118191 599617 183146 643751 545432
300275 598261 599849 1118230 938902 643615 598069 643931 644094 599711 642889
176511 1118230 522378 599036 641967 521724 184051 1118350 599020
301431 1118705 301443 177857 643999 598069 598956 950636 642840 599627 544813 304097 1118735
131471 1118230 598398 599044 1118671 522378 599454 599617 642294 299459 1128009 545432 642974 598787 598654
599637 1118678 643220 599866 1118735 599999 599627 599631 599839 599825 598587 599629
599631 599849 1118230 771510 598121 598069 832546 642840 643086 599627 599825 598587 599629 644094 1118678 641882 1118735 598956 642099 492 177853 642889 17459 1127444 599839 1118170 642289 599999 599711 643593
599633 599935 771510 598121 598069 599849 300836 1118170 598787 643698 642542
544772 1118319 545102 176293 545100 1118290 304103 300803 492 598414 545352 641856 300321 643660 300804 643221 598789 641946 599525 599260 599638 643056 642818 545171 545159 642654 770707 299549 642549 486 643505 544811
599638 1118230 1118314 545171 949785 599611 598462 642549 545386 643221 545533 545465 486 642660 545352 643660 492
598590 1118314 1118252 300523 1058395 621421 1118192 544905 621650 642019 1196193 375954 494437 770707 545017 544794 832917 643399 375453 832930
642429 642246 301172 1118271 642115 545384 301176 300360 182979 544961 183623 832272 182819 183498 599839 544899 642500 770707
1128560 599004 643056 299337 832706 642294 642973 642099 299459 597981 642984 140656
598992 891741 1058581 544794 621421 598991 301588 71 545481 832669 1118263
642731 598628 769973 598498 832917 1118568 1025151 300328 300442 598787 642764
949534 643041 544836 545261 300047 545043 598069 303976 176282 544962 544847 304062 544908 545230 545304
642733 599849 598632 938857 140656 599215 598837 641967 1118192 521246 938902 642974 599525 301309 598462 643505 176320
299589 184064 183783 184025 183618 300830 301577 183391 1521328 183005 183149 599999 492 183076
299828 599849 1118350 597938 300121 299549 184139 598660
643524 832327 641944 176280 643523 599435 26427 176550 544849
598991 1065336 759 1058581 545017 621421 545481 1118735 832669
643399 642508 1118314 183560 1196191 643481 599423 375954 1118252 598140 375453
643523 2154 597933 176550 544803 641944 1118657 1118172 145034 176280 832481 176169
177888 301139 299336 301443 598939 600011 642841 642840 299354 598915
176320 643056 599044 598462 599202 598837 641967 1118192 938902 642974 599525 521250 301309 300595 643505
776156 642123 832359 643597 598655 832541 598027 599982 300484 643438 642499 597923 643222 621652 599304 832546 643630 301180 643737 300012 832872 643651 832669
643392 301282 1118559 1118350 1118521 770707 1118657 299549 486 598660 642978
642124 1118559 300601 832301 1118657 1118314 183302 641856 182924 183515 1118350 1118271
642120 177853 598498 545529 597992 300037 299336 598069 300565 299775 642840 642847 599624 300277 299788
642123 642488 599627 599570 492 599982 1118735 1058581 643689 642017 1118567 301180 643196 832917
144 544836 303972 545405 599647 545359 644027 545504 304062 544962 304100 641849
832706 641967 832654 598837 599202 832546 1128009 1118230 299459 642984 642294 599004
545137 938477 641948 545139 642939 545006 544958 545136 643266 599825 486 304036 492
643931 177853 1118230 599627 777098 644094 598498 598837 643531 183368 300321 642017 641946 1118706 643056 300319 642469 832917 599124 544811 832669
643934 770707 642659 183339 642019 300543 1118499 642837 643366 301577 599257 300544 1196191 599260 832481 599699
938857 642818 176293 304105 545379 599034 545100 643505 598414 300526
301171 599849 1064773 599627 300526 301172 301176 598261 1118678 599551 1118192 599031 643161 643207 643205 1118320 832214 642694 599833 140996 643615 599454 598787 599580
301172 599849 599215 599866 598069 598462 300121 832214 1118651 599624 598787 598223 301176 598915
1118568 301017 299337 301132 300974 832546 300442 300440 545347 545346 300160 300046 300162 300044 599454 300328 643687 183368 597981 176550 642764 643686 642694 599525 643698 176459 599462 544874 643440 140949 643751 304086 832669
768088 598628 599875 599454 301132 599462 643687 643440 300440 300442 545344 304086 643686
301176 599849 598121 17459 1118705 299395 1118170 599825 1118172
1118252 182943 184150 642781 599257 598140 300523 833140 299870 599090 183560 643438 545533 621422 621421 544905 545493 545492 183113 1065336 621650 183286 1078946 599699 642019 832301 545255 643481 642790 183484 544794 642508 545154 644056 598909 598908 599899
641785 299336 300565 299775 642840 642847 299358 599624 177853 300037 598939 951783 642017 300277 642327 545177 545529 597992 299940 176308 642469
300484 140869 299337 300974 832546 599627 599783 300381 492 300043 599721 599216 1118671 1118191 643689 598398 642977 1118344 643832 299745 599617 643117 643751
160032 598241 832917 641800 598790 300364 299992 599018 598400 301590
183302 183498 833140 304134 832654 643366 1118137 183391 183783 832930 1118350
140656 1118230 176284 599525 599044 598462 598837 641945 832612 642294 1128009 642974 642984 599202 599004
183300 183137 833140 183864 304134 1521328 183936 544809 182788 1118137 183391 183393 832654 184132
771510 642108 832359 643593 832541 642725 832612 545493 140839 183623 176279 641945 832214 544992 643834 642542 599044 642500 300595 832669
300565 599556 301013 300037 598498 598939 299775 642847 299940 176308 951783 177853
303998 1064740 26454 328068 950184 598241 544754 2259 26427 2246 544849 832481 545043
599111 545043 597933 1064740 26454 328068 2154 599035 2259 26427 2246 605422 545471
597942 643831 184064 643054 1118337 597938 598456 299549 182980 182811 642978 598660 183148 644024 299348
176550 832272 26454 1118657 544809 598808 641944 26427 176280 1118172
304097 545083 598069 176295 177857 492 642944 26454 599556 950636 544908 644094 544849 598915 599693 301165 140792 950184 545469 599403 599402 1118705 545529 176438 598684 544813 643379 643999
545483 1058395 949785 1118319 1118520 621421 950683 644056 599136 492
301282 1118559 1118350 299549 598605 144670 950722 1118657 1118137 642978 598660 1118271
184064 643054 1196193 183391 183005 183149 182980 1118271 183076
545198 938477 183621 642939 304036 598095 486 183564 642781 599085 599825 832917 643266 598587 492
1118157 641872 183774 642781 599257 304103 545477 300523 545166 641882 544794 621421 544903 544904 544905 545492 644056 675785 598298 599699 642019 545255 599938 545283 544896 545465 642660 643630 545139 545078 599899 545136 183049 598909 598908 832917 544790 832669
182872 183552 183459 183484 641929 183936 184150 643613 642963 184139 182988 598808 160519 183645 599407 599587 776166
641929 833140 183459 183286 770707 184025 183645 642963 182988 598808 183149 599587
1118159 642108 598121 545180 183774 598456 599257 598587 545477 621422 643438 643844 598956 545492 644056 832670 598298 599699 184027 545255 545503 545372 643630 545528 598461 544973 544972 832669
183286 833140 770707 643366 1196193 1118657 26427 1118350 1118271
183507 643831 182988 643054 598605 1118337 299549 182980 182811 598660 642978 644024 183148
304076 301165 300047 26454 642539 950184 2259 26427 2246 177857 544849
599582 2499 598261 643579 2177
1127444 643849 832654 599215 1064773 597938 832546 522927 599158 599580 598785
545359 545310 597931 545314 950636 1118522 598069 176247 545504 545503 642839 675796 1118705 484695 545477 599086
599525 597938 304103 598414 301251 521263 598498 598837 641967 642099 1118192 304105 521246 643660 521200 641946 176282 545379 938902 176284 300277 643834 598462 770539 598787 544811
545352 545261 1118314 949785 545102 545100 486 304103 300803 598140 492 545533 300321 300804 643221 641944 951070 643056 545171 599611 545017 544811
599580 599849 832546 598653 599740 598261 1118576 521263 599664 300121 642099 521200 599014 1118641 599914 598666 2499 642289 599999 598655 832930
304171 545310 1058395 545314 621652 598069 1196193 598456 642839 544962 545477 492
183277 183498 833140 183562 832301 182924 304105
643985 890415 1118678 26454 1118735 598956 599627 599150 832481 832669
643630 1118314 545479 598140 545389 599647 1058395 1118735 598956 544902 545492 544962 644056 644054 621652 643086 598298 759 1196193 544896 71 545372 598402 890415 545528 770707 832669 375453
299701 1118707 643832 643430 153 643946 642469 300637 599627 642216 599570 599750 1112670
301180 1118678 642289 642445 1118735 1118192 598587 140442 643566
544959 971661 545310 888313 545314 971660 1118522 621652 598069 1118705 546062 623204 545503 544962 950636 484695 545477 544836 642839
544958 1118314 1118271 1118678 545536 892868 545006 1118192 492 545492 832654 759 643266 121 125 1196193 938477 642939 1118520 770707
643737 140996 301251 642726 599721 1118735 599627 642977 598587 599629 598915
183148 182811 617851 643054 183391 598226 183146 182980 182988 183149 644024 183076
544795 971660 597931 888313 599719 546062 623204 545479 675796 544876 487 950747 643220
544794 1118450 643093 949785 1118319 492 1118631 183560 643438 545384 1118499 183339 621421 544903 545492 642660 183621 183872 642011 599699 642019 642837 176454 642508 1118521 598271 598461 544790 183552 950683
641856 1118707 642325 599875 545159 641946 642017 303901 950722 598684 938902 1137947
544796 1118631 1058395 1118522 1118520 545006 544753 950683 486 492 675785 544790
544790 1118450 642781 950683 545477 492 1118631 972072 544903 544904 544905 544906 545492 641924 598298 486 545077 1118522 1118520 599899 599257
599048 1118678 1058395 950880 621652 892868 598956 599627 832669 598655 1118735 492 1118192
544813 545083 545261 545304 599693 598069 598939 598456 545479 176295 304062 299354 643917 492 643041 599987 599647 643044 642539 301443 544847 599556 544849 598915 545312 545280 545310 301128 643220 140792 642944 1118705 486 599086 545405 545370 599402 545372 643999 176169 599383 544836 545529 545409 301165 176438 544754 176308 642840 176247 600011 599403 643379 644027 598684 545469
544811 597931 597933 303901 950722 304108 183872 598223 304100 643917 598261 2154 544924 545496 2176 599035 300321 2177 300804 641944 176282 301009 599085 176169 545171 545158 545159 545157 545261 598785 545379
641858 770707 300544 545006 300543 486 545507 832214 675767 1118191 544801 642166
183373 832654 832301 182924 832481 1118350 832930
642499 1118567 643710 891741 598701 890415 599551 545325 1196193 599225 599627 832481 832669
183459 832654 770707 1196191 643613 598808 599407 599587 776166
95781 183479 598654 675767 300381 300043 599216 1118191 597981 643689 598398 939019 642973 299745 599617 299868 299869 643751 545432
299336 950880 598069 597938 299775 599383 599624 299354 177857 492 643999 599556 598939 598956 950636 544908 183076 1196193 299788 599403 26426 299787 545529 597992 770707 300037 486 832481
299337 642482 300974 545432 599783 777098 1118678 301251 599216 617858 597981 299852 598398 643161 1118320 545171 299868 299869 643751
1064773 1118576 643615 599215 643207 1112850 642099 521200 598655 2500
643597 599627 643176 597923 544972 599628 121 832917 617986 599825 643689 642445 1118271
545102 300804 598398 545267 545171 641946 770707 545017 950722 545100 1118290 642549 545159 643221 643660 176454
1118657 641877 832721 642820 641889 598790 641967 642099 182819 140814 599938 598660 598947 598789 183790 598655 544973 544972 599624 643844 522927 643001 183391 597923 832654 832301 832872 641800 599712 643505 642445 597931 304100 599238 1064681 642985 183366 642197 599873 832272 832670 641944 95240 176280 599426 176169 832546 643615 303889 832930 301139 642246 599866 598223 299549 598300 599740 598261 643209 300049 299291 184132 643140 599099 184027 183645 301009 642790 545154 545157 545159 599999
300637 643832 642469 598498 1025151 599752 642216 598587 1112670 642571
643593 642108 598121 300836 598587 301251 1058395 598956 1118192 644054 598915 643086 621652 183498 642500 643117 832669
1118650 301101 599849 641882 641872 599847 599712 832612 642653 643710 832546 599004
301101 641882 598121 1118735 599825 1118170 777098 598587 300836
643082 642948 599627 643430 599752 599158 599750 599124 598632 598655 598400 598915
177857 545083 303971 301139 544849 598069 642840 598684 545441 300277 642539 599403 545370 300526 643999
301590 521724 641944 522628 145090 299397 832546 1137947 521200 641877 598414
177853 301013 598069 299775 642840 642847 299358 304062 598939 643531 299580 299788 299787 300277 642327 597992 299940 300319 176308 300037 832917 598915
599238 545160 1118559 642820 832654 599866 641800 642503 486 183366 492
1118559 301139 599866 643336 642166 599740 598223 598261 183709 599034 300121 299992 544801 182979 642984 643366 832272 832670 832654 832301 599426 301309 598660 545154 176305 300525 643615 598947 545159 183790 832930
599231 643084 153 71 599875 643161 1118320 176459 140949 544874 545348 740420 545347 299952
545017 545057 300804 545171 949785 1118319 642549 545386 545100 643660 492
1118499 300549 545536 300544 642654 300543 642837 301577 832481 598908
544924 145034 545267 1064740 642820 984188 544847 545261 1137947 598223 599035 545160
644094 26455 599866 598069 643917 300047 599556 598956 950636 544847 642889 971661 301165 641944 1196193 26426 176438 599999 832481
617858 599304 1118678 598398 1118671 599999 599617 545432
598632 599849 642948 599627 642947 599158 176155 1118192 643849 642694 521263 598655 643616 832669
183113 183562 183936 184150 642019 1118192 182819 1118314
182979 183648 183936 1118641 1196193 598808 160519 642166 1118271
140839 17459 598705 176284 176279 300595 522628
617851 971661 832670 183936 770707 184025 1196193 183149 644024 183076
183621 183552 183872 833140 1118522 832654 183774 1118521 492
183623 1118678 599664 1118641 1118192 183005 160519 184139 1118272 1118271
300012 598498 598653 832546 642469 832917 598666 1196193 1118198
643209 643831 642246 1118337 643613 1118350 644024 643366
643161 153 642246 832546 544874 300442 300440 545347 545346 300160 643686 599150 299952 643084 1118320 304086 71 545344 176459 599462 643440 140949 545348
643207 140996 599849 1118678 521263 599999 643205 599215 598462 642099 938902 1118576 599627 599833
643205 599849 1118678 545042 599999 599551 153 545325 599225 617986 599627
643201 643710 182788 832301 1118678 599407 300830
176282 545261 984188 300526 304100 544847 2246 971661 971660 641946 938902 145034 545157 545158 598462 1137947 598788
176280 770707 641944 599034 300364 299459 304105 183149
176284 642108 17459 770539 641945 832612 1118192 176279
300349 642017 1118678 598498 832917 1025151 643371 1118651 642982 300352
951070 545082 545384 599090 545533 183482 545492 644056 642660 544965 643140 300804 642011 1078946 545255 599938 545154 183339
950722 545267 545154 642818 832654 303901 299549 545100 641944 598789 183366 598660 176169
599304 971660 599783 299745 1118671 770707 599849 642166 545507 598654 939019 544801 486 1118344 1118350 299852
545177 545312 299788 300277 545529 598939 642847 71 599403 951783 642944
545079 971661 597935 492 1118319 642659 623204 545477 545502 486 950747 759 1118271
545078 1118631 599090 598298 599699 545136 545386 621421 544903 950683 544906 1118319 599136 675785 644056 375453
545077 1118631 972072 599899 599699 545076 642781 544753 544904 304036 545477 544905
545076 971661 599699 770707 623204 545502 544962 644056 675785 546062 950683
598095 938477 1118230 642939 599664 598462 183564 1118137 184139 643505 971271
183864 643615 1118671 599617 183416 1118191 521200 599783
598909 641948 545166 1118314 1058395 1118319 1118520 770707 642837 598908 492 494437
598908 641948 1118314 1118319 26454 642019 1196191 1196193 642837 599423 770707 492 494437
599454 769973 300046 598837 300160 544874 545348 599624 545344 643698 643686
643117 642477 300043 598398 1118671 299745 599617 832546 545432 1112670 492 642571
643440 769973 153 740420 643084 140949 1118320 599462 300328 643687 545348 300440 300442 544874 545346 304086 643686
299489 598261 1118230 832327 522378 643615 599711 1128009 183872 599020 299459 301309 599202 521198
643566 598498 642289 300037 26454 26455 598956 950636 1118678 1118192 26426 598587 1118735
832930 832546 299549 599740 599783 1118350 1118271 300523 833140 300121 642963 183366 599877 832654 144670 599426 160519 770707 140587 1118314 521250 643751 599587 125
1118230 641877 832721 642294 299395 642984 832654 301309 643056 599020 599004 299348
301139 599693 598069 643999 642539 598939 642847 299940 598684 599383 544849 597992
642246 643084 832654 599866 599426 599712 176305 598300 598223 740420
598380 643710 71 832669 599551 832917 545325 599225 301588 832823 598666 777098 1118263
598223 832272 545159 597938 1118641 1118350
1118337 643831 643054 832670 598605 299549 182811 598660 644024
301132 642764 300160 300162 832546 642694 643686 598787 545346 304086
642166 599999 832301 545507 544801 1118641 599866 598808 544803 1118271
599740 832272 300049 599215 597938 2497 641877 1118641 1112681 832654 521724
300442 301017 832546 300440 545344 545347 599462 545346 300046 300162 300328 643687 643686 642764 643084 1118320 304086
300440 643084 832546 300328 545347 545346 304086 643686
300525 1518749 26454 892868 770707 1196193 1118641 300360 544908 599914 300526 642877 832481
300526 598069 598414 598956 950636 598837 643660 300360 1196193 545379 1118641 971271 642877 1118705 598462 598684 643505 832481
642985 598261 1118520 1058395 950880 1118735 643844 641889 184025 544973 492
1118520 597931 545180 642781 545479 599257 545477 545166 621926 599090 621421 544903 544904 544905 544906 544801 644056 621650 598298 599699 545255 544896 599136 545465 176454 545528 599899 642659 599611 545136 545481 832481
598587 1118735 642108 300836 599629 1118678 641882 892868 643844 1058581 644054 599627 643086 1118567 890415 642939 643651 832669 642977
777098 642948 643946 599628 599982 299423 599551 832823 598350 643710 642289 643196 599711 617986 832669 598780
300523 545262 1065336 300601 770707 545384 1118314 641924 832654 1118271
643805 1118678 301251 1118671 3389 183147 545432 675767 1118191 26427 832481 599783
599987 545310 598069 1064740 26455 1118705 950636 832481 300277 642839
599783 301017 642482 183479 300974 641835 545432 1118350 1118271 184051 599216 183146 642099 597981 299852 300043 1118191 299348 299745 599617 299868 299869 617986 832872 643751 1118671 598654
599982 1118567 643710 891741 1118678 598498 770707 1118192 832669 598701 832541 153 598027 1118735
644054 1058395 299423 832546 643086 125 486 599629
26454 642837 598934 643999 303976 642877 642654 642659 832481
301443 545310 26455 950636 643999 598069 642839 1118705 3389 623204 600011 545469 26426 492
643809 598241 643615 545186 597938 643579 599034 599035 487 545441 2500
598544 545310 545314 598069 3389 545479 545503 71 544962 484695 642839
299291 598261 599877 641944 643615 299397 641877 301009 1137947 521200 125
1112670 642477 300655 643946 643194 832546 598653 642216 642571
599158 599849 643176 176155 642948 598655 642947 304105 643430 521263 599215 1118198 642115 643832 598574 642694 599383 1118706 1118705 643616 642469 599627 1118735
643366 598934 183137 832272 1118641 183393 598808 1118271 183391
599014 1118706 642017 642115 522378 598123 599712 832546 1112850 598653 641967 598655 1118192 598400
521200 598261 832654 597938 599296 300121 642694 641889 832872 300049 598655
599018 641882 598121 599845 832546 642948 642099 642947 642889
597981 599216 1118671 1118678 545432
642764 598628 769973 300160 176459 832546 642694 643686 598787 598785 545346 304086
1078946 1118450 1118522 759 599611 1118192 599257 1118319 644056 492
642889 599849 770707 1118735 599845 599627 599711 643615 599825 2500 599999 832669
545312 598069 545479 642847 304062 598939 950636 545310 301128 599403 599402 300277 544952 545529 176308 643379
971660 597933 545186 545100 642820 545493 544907 544801 544803 598788 545503 545170 599719 545157 642503 599718 545158 544876 303889 544976
545310 304062 299354 545477 545389 1058395 598939 950636 544962 545314 621652 545503 300277 1118705 176308 600011
183872 1118678 599866 832654 599999 184025 599035 833140 599260 300830
642011 176454 1118319 1118521 599699 643438 950226 545255 598461 121 544753 492 599256 598271 1118463 599260 545492
545314 1058395 950184 545504 545503 600011 545479 304062 544992
304134 300601 545384 492 183393 544899 1118271
642019 1118314 643093 183774 598140 621422 545492 599699 1196191 544896 375954 375453
950184 545261 598069 545479 304062 545439 544809 300047 545043 544847 544908 599693 301165 303976 544962 545469 545372 545408 832481 544754
545255 1118735 182943 182945 642781 950683 1058395 599090 892868 1118319 1118463 599699 598350 176454 770707 599998 375453 599257
641800 598261 832272 643336 599999 641944 1118192 521724
545507 621926 642725 545159 1118191 183393 544801 492
301009 597933 598123 598462 832546 598261 300049 299397 643579 599877 641944 125 545171 643615 599999 1137947 300354
545504 598069 1118705 599086 545503 544992 484695 545477 544836 642839
545503 598069 545477 545389 598956 950636 544962 971661 621652 642839 888313 1118705 1118522 546062 623204 484695
544992 598121 770539 545479 675796 545439
71 598456 642841 642847 599624 598490 643438 641967 544962 599150 598915 599938 832214 299788 299787 545529 299775 642503 183339 545481 598780
599403 599402 599624 642944 300037 950636 544849 545443 26426 545529 176247 643379 644027
545465 949785 1118319 770707 644056 492 544965
1118344 140869 642482 95240 183146 598654 832872 299869 642617
304036 938477 641948 642939 621652 643253 486 643266
598402 643140 643221 643220 642725 832359 546062 643503 832541 599825 598027 544972 183149 832669 299580
545043 545408 328068 303976 3389 545039 303971 545471 605422 545439 598142
545443 545441 675796 643379 642944
300232 641872 770707 832917 301588 598780 1118271 1118263
183339 599611 949785 182943 599699 545492 183482 545536 950226 1118319 598140 492
299745 642482 183479 598654 300043 599216 617986 832872 643689 598398 1118191 299869 183146 642617 545432
643946 1118707 832917 643194 599752 598918 599750 599627 1118198 642216
184051 599935 183137 599845 599031
642982 1118707 1025151 598498 832917 832546 642469 643371 1118651 643194 300352
375453 182924 832359 545431 598140 643438 599699 599423 300601 599899 183049 832481
832669 891741 26455 598655 642947 492 598490 301251 1058395 300549 598956 643660 1518749 1058581 598701 1118567 598462 643651 544972 643616 598780 950880 599627 599825 598027 599628 1118272 643849 1118678 642726 950636 300360 643222 26426 1118263 1118707 643503 642445 598961 545180 300836 598918 598915 832272 890415 832670 641946 1118641 642977 832546 300047 642488 598300 1118735 832823 544907 544908 299952 300321 621652 971661 1196193 598574 599752 832214 599750 486 599998 598271 740420 301588
769973 832546 545348 545344 300328 643686 599938 832917 544874 598787 643698 140949
891741 598498 299358 832541 598027 599628 599721 299423 599551 599150 643222 832546 643710 642289 599712 642469 832917 643651
140869 300043 642482 1118671 599617 599216 1118191 643689
182943 1118450 1118631 949785 1118463 599699 182945 950226 1118319 1118271 1118522
599847 643831 1118678 17459 545432 598808 598705 675767 599839 599825 1118735 1118271 776166
599845 599849 598121 832546 599825 2500 599557 599296 599935 1064740 375954 642653 642819 643615 598462
182945 892868 183495 121 1118319 486 1118463 1118271 1118522
598653 642017 521263 599849 832546 643832 1118678 642099 832917 598666 1118192
642948 642947 599551 299397 599627 599628 598400 598655 598915
598655 599849 1118735 950880 832546 599627 643917 304105 598261 642947 176155 642099 140442 1118192 1118678 598666 643832 599999 642694 598785 643616
598654 642482 300974 545432 1118671 939019 642617 95240 183495 299868 299869 183147 183146 832872 643751
599570 1118707 1025151 643832 545283 598498 643196 832546 832917 642216 153 642289
3389 597931 545304 545186 176295 643917 300047 544847 544849 599873 599086 544754 176169 176438 545405 600011
642947 598261 598123 832546 599627 599124 1118706 598400 521198
643093 545384 545386 643481 121 1196191 492
545389 545409 621652 598939 642841 545370 1118705 484695 832481
598490 1118567 544972 140523 643844 599627 598350 544973 642445 1118263
598497 1025151 642017 598498 832546 642469 1118678 599627 1118198 642571
1058395 545180 545186 183774 545479 642841 599257 304103 545477 545166 599721 544902 544903 544905 544907 544962 644056 598915 643379 643086 598298 599699 642837 599136 545372 544973 545528 545492 546062 545481 832481
183484 642508 182819 183560 770707 183049 183495 300830
643430 643176 1118735 643194 832546 832917 545283 599627 1112850 599752 599628
617819 599849 845115 643615 299397 2497 641945 599036 642973 598837 521724 643937
598498 153 642840 599627 299358 642477 545283 299423 643531 832823 140442 299580 1025151 599750 599150 832546 599833 642327 642325 599752 643371 300319 176308 643196 642469 832917 1118198 300352 125
545384 1118319 545180 599256 1118271 545386 544961 1065336 599699 599260 300601 184139
183482 183552 643139 833140 949785 183562 599611 950226 1118319 183560 598140 492 545536
545386 545082 641924 1118319 599611 544753 1118631
641872 641835 599664 770707 1118272 1118678 1118192 1118290 1118641 832541 641882 26426 1118271
544847 545261 597931 545304 597933 643917 643041 599035 544907 544849 643220 545379 176169 1118705 545157 545158 176438 598789
641967 153 599914 1118271 776166 300655 300049 599664 598837 642099 140814 1118641 301309 643056 599202 599020
1118192 599849 599664 643253 832359 832721 832546 643222 832541 300836 599629 642469 641882 599216 599557 1064681 522927 598837 643001 598915 643140 599627 643086 643221 642115 832272 599215 832670 599721 598027 642099 643176 598787 599839 184139 599383 643831 643832 643834 642289 176305 522610 643616 598462 183495 644024 183790 643651 183149 598961 642542
1118191 642482 641835 545432 599216 299852 598398 833140 299869 183146 183007 832872
544962 545479 304062 545477 492 642839 544908 971661 621652 484695 544952 544836 545529 545170 545409 770707 623204 1118522 832481
2246 597937 545479 545471 545439 598142 642820 544907 544803 643220 303971 303976 183434 544754 545039 545230 176169 599719 599718 643999
544961 545262 1118316 1065336 300601 759 545180 599136 544899 1118271 776166
544849 642539 598069 642841 176295 299354 299787 642944 545280 599647 643044 950636 599556 301165 301128 140792 1118705 599086 545441 545469 545370 599402 545372 300277 599383 544836 545529 545405 176247 643379 644027 544754
643660 545261 303901 832721 304103 300830 183567 598837 300360 599020 643221 121 642818 545171 642654 598462 545100 643505
1118198 642017 641946 832917 832546 642469 832541 599150 176308 300352
544965 545057 1118316 949785 1118319 770707 598461 950226 544903 599136 486 644056 492
643084 1118320 599462 544874 299952 140949 643686 304086 545348
599935 642653 642542 643336 599215 770707 599296 642819
643086 641882 299423 643844 832546 600011 1118678 486 300836 599629 492
299992 183368 1118350 1118271 1112681
183709 599849 832654 599866 144670 1118137 1118350
1064740 984188 176293 545261 643917 598790 598241 642820 544809 599035 2176 643220 1118137 938902 487 145034 176169 1118705 599718 770707 643505 2154 832481
598298 1118319 642781 950683 643438 544904 544905 544906 545492 644056 675785 1118463 599699 599260 545528 1118631 1118521 770707 598271 599257
951783 545529 299940 643438 598939 299775 642847 300047 300277 299788
328068 303971 599719 599718 303976 545408 545441 545039 545471 545439 598142
599938 643140 949785 1118735 770707 950226 492 1058581 644056 544972 643001 621421 153
642837 492 545166 545536 300544 300543 1118271 759 642654 642659 770707 832481
121 183560 599627 183562 1064681 183567 832612 642660 832272 832654 544896 544899 545171 545159 599998 643505 832481
125 832359 643849 833140 832612 300121 599150 597923 1065336 832654 183498 2499 545159 176459 522610 140587 832481
599839 599849 1118678 599652 643615 599664 598837 832721 599999 599914 599020
299459 599202 597938 642294 1128009 642974 641945 299348
545039 888313 545408 303971 544803 2259 545471 605422 545439
300974 642482 832546 300043 845115 599216 643689 598398 599617 299869 617986 643751 545432
599833 642289 832546 599627 599150 599629 521198
642839 599624 642841 600011 304062 299354 26455 598939 950636 26426 300277 176308 770707 832481
1118567 643176 140523 598027 599628 642726 300549 599551 597923 643222 545283 642977 598666 598350 643710 599721 643651
642781 1118314 599257 621422 544905 599699 1196191 494437 770707 832917
545139 641948 972072 949785 545136 544906 486
642542 597938 599296 521724 1118170
642939 938477 1064681 599664 544753 643253 599825 486 183564 492
176438 176295 598069 599627 643917 598915 642251 486 1118705 176247 599124
545171 1118314 597933 599020 598462 832721 299549 545100 183495 304103 304100 300803 598414 2154 598837 300804 643221 545261 832654 140814 545379 641944 176169 643056 642818 598398 545157 770707 642549 183391 598789 598788 642445
545136 643139 641948 545536 1118450
770539 832612 643176 643056 642115 176305 832546 642974 832481
642549 300804 643221 642654 770707 545100 643505 304103 492
546062 492 892868 544907 544803 621114 621652 184027 1196193 545502 599719 545170 599718 642503 770707 623204 484695 544976
182788 833140 299870 1521328 183936 300830 183391
183147 1118671 599617 299868 642482 183146 183149
183146 642482 183479 1118350 1118671 598398 599617 183495 299868 299869 183149
183416 183137 144670 544809 599426 1118350
598789 545267 598462 1118137 486 1118350 1118271
598788 971661 300803 599877 545158 770707 643579 545379 1137947 545157 545100 643221 598414 545496 545267
598787 301017 599849 642482 642099 832546 300381 301251 300046 300162 300044 599215 300328 643687 643686 95240 599652 299869 643698
598785 599849 599877 304105 598456 642694 1137947 599435 832327
299852 641835 598398 599216 183479 770707 599617 545432 643751
183149 1521328 598226 184139 183567 300830 1118678 184027 184025 1196193 160519 770707 642790 183495 598947 183391 183007 183790 182980
599587 184150 832359 642963 675767 598140 599099 643221 183936 1196191 375954 642508 545159 770707 643613 643503 598808
597935 971661 597931 300549 545536 642659 623204 492 950747 759 1118271
598780 1118319 176155 770707 621421 643176 301588 598666 1118263
643336 642653 892868 599296 643831 642819 642978 1118350 2499
140949 153 740420 1118320 544874 545346 599462 545348
598226 643140 545159 1064681 184027 643844 184025 832546 1118678 183790 598660 176169 642197
599627 599849 598666 598350 643710 300321 300319 598462 643651 544972 643616 545325 832541 599628 1118678 299397 643222 140523 832917 599124 598123 300836 598918 598915 599225 301588 599383 832546 770707 643194 617986 832481 642488 643176 299358 598027 599629 140996 599557 1118735 599551 832823 544907 599150 140442 300043 642251 599752 599750 545283 545042 643832 598961 740420 642977
599624 598456 642847 299358 598956 950636 643531 544908 832272 299788 299787 300277 642877 1118705 597992 299775 299940 642840 176247
545100 545267 304103 598398 598414 544907 643221 641946 545159 770707
599629 599849 599999 300836 1118678 300549 1118735 598956 598918 492 598915 597923 759 890415 643832
599628 643222 1118735 643651 598027
2165 131789 522378 599216 17459 2497 599044 599036 642973 1128009 643937 642984 642294 599004
642115 521263 642017 599215 599711 1112850 832917 599712 1118651 1118706
643849 599849 938902 971271 598462 486 521250 1137947 304103 492 643505
972072 641924 544903 544904 599899 545477 544905
599849 299423 599020 770707 832721 599825 304105 140996 1118678 599215 599664 599036 599426 642099 301165 832272 832654 642694 1118170 642877 641882 140523 643832 176305 522927 599999 643834 300121 643615 2500 521724
545042 599551 599225 599752 598918 599750 492 599124 598915
642726 183515 301251 599721 176155 643613 642977 598701 598808 832481 1196193 1118735
642725 598808 770707 1196191 832359 176305 832541 599825 375954
642469 153 599712 299358 832917 642477 1118678 643371 642216 599150 642017 642325 1025151 1118707 832546 643832 643196 643194
545477 950683 304062 492 644056 621652 599699 643266 486 1118631 1118522 770707
544902 597933 1118271 598261 545160 642820 299397 2154 545493 621652 145090 544809 2499 1137947
643844 950880 598121 184027 184025 544973 643001 1118735
299395 1118705 832654 641877 598956 521250 832481 1118350 300049 1118271
599296 642653 642500 299423 599031 642819
522927 2499 521263 832654 599999 641877 642099 521724 643937 521198 2177
643531 1118706 642017 597992 598069 599712 832546 832917 599150 492
492 675767 544754 599721 300543 598956 600011 545481 643651 183774 301577 641924 545492 644056 299580 643220 832654 832301 545502 599718 300601 599899 597931 545267 642108 545186 545432 304062 304103 833140 545536 183567 545533 598918 544801 599136 832272 621650 545379 301588 642877 544836 832481 545082 599866 642660 621421 299354 599099 545166 599090 544903 544904 300804 643266 545469 183783 176454 545154 545157 545159 642659 599999 183007 544905
1518749 183648 832272 832654 184027 184025 300360
521246 300803 643615 832546 545379 183368 304103 598414 2500
183936 183618 183005 832301 642790 160519 545159 183049 643613 183391 183007
303901 832654 1118137 1137947 971271 1118350 299549
299580 642327 1118706 642325 643220 598069 1118705 1025151 599031 299952
301165 26455 300047 642539 598462 643917
597923 183515 621926 892868 1196193 544972 598961
597921 2154 597937 597933 299397 145090 544809 599034 300655 2176 641849
303972 545409 621652 598939 545479 545370 599402 545372 599647
1118463 176454 544753 544903 599256 599257 545492 599260 598461
832654 641877 1118314 1118350 642820 598790 642099 1118172 598660 2499 183393 544878 832546 521724 1118271 1118678 643221 832301 160519 176305 598605 599711 644024 597931 545267 144670 599435 304105 833140 892868 183368 183366 832272 1118137 971271 176169 303889 300354 599866 642963 184139 598934 599099 545160 599664 545493 599914 545157 545158 545159 599999 1137947
303971 598069 544754 2259 544803 545230 545439
303976 300544 545006 623204 2259 26427 832481 950747 1118271
832301 832546 1118350 176155 486 544899 599407 545160 299870 140587 182924 183515
544896 1118314 1118316 621650 621422 1118450 184139 621926 544899 598140
299788 300277 301013 598069 598939 299775 642840 642847 597992
301251 521263 1118671 643689
299787 545280 299775 950636 642840 642847 643379 300277 599383
300277 545083 301013 598069 642840 642847 299354 300047 598939 599693 301128 176308 176247
642325 1118707 642327 642017 599875 1025151 300328 299952
1118263 642488 643176 832546 598300 599721 176155 598956 832823 598915 544972 832214 301588 598350 299940 642445 598961
140523 643615 299397 521724
599652 300044 599999 643686 740420 643698
494437 599699 598461 832917 545431 644056
599719 643220 599718 545158 545405 544801 2259 487 545471 544803 545230
599718 950880 598069 642820 544907 544801 971661 545230 888313 545158 545405 623204 1137947 2259 544803
300549 1118705 770707 300543 598701 598027 950747 1118271
599712 1118706 598261 1112850 598123 599999 832546 832917 643937 1118651 1112681
599711 598261 643615 599877 642099 521250 2500 598121 599999 521198
642820 545267 597933 597931 545160 2154 545496 544801 621652 1118137 971271 487 544803 176169 605422 623204 544876 303889 544878
599256 1118678 1118521 892868 770707 544903 1118319 599260 599257
599124 597933 598069 145090 2154 1118706 521198
642617 1118671 95240 939019 950747 1118271 545432
304086 300160 300046 300162 300044 643687 545347 545346 643686
938902 597933 597938 832546 176293 304103 304105 598261 300655 183567 2154 599034 598414 183368 300803 599877 641944 642694 301309 176169 183366 643056 642818 642654 643616 598462 183391 300354
545262 1118316 1065336 545180 759 1196193 621926 598140 1118271
545261 597931 545267 597933 643917 545304 643041 2154 950636 545496 544907 599873 544809 545379 176169 545159 545157
545267 597933 1118350 304100 776166 599099 183783 545160 598241 2154 545496 176169 599035 183366 2177 641944 1118271 545157 545158 545159 770707 544876 303889 544878
598123 599877 845115 1112681 598400 521198
598121 299423 641882 1118735 643001 1118170 486 597992
184150 642508 1118314 833140 182819 183560 1196191 599090 1118271
545186 888313 621652 770707 623204 544803 759 545230
144670 183648 299549 183498 183366
598456 299775 598790 950636 544908 621652 545469 1118705 545529 597992 643054 623204 644027
304108 832327 984188 599035 2176 641944 1137947
545348 598628 599875 1118320 176459 599462 300160 545347 545346 545344
545431 770707 621422 621421 545166 950683 675785 598140
375954 643139 184139 599825 833140 183564 642660 643221 621652 832359 642508 300601 643613 643253
300836 890415 770707 1118735 1118678 599825
545344 153 300162 1118320 544874 643687 643686 740420 300160 545347 545346
304100 1118350 1118271 776166 599099 545496 971661 1118137 545158 545159 545157 770707 623204 544976
545346 545347 300160 300046 300162 643687 643686 1118320 740420
300830 301577 183567 183391 184025 1196193 183005 544973
776166 545180 599099 183648 599699 183645 598808 642790 598660 545159 599998 182988 183790
2154 597937 1118271 598241 545230 544809 599035 2176 2177 544801 544803 599873 599877 621114 145034 641849 176169 545154 642503 770707 545158 1118137 545496 544976
544899 299870 641924 545154
522628 2499 522610 300121 521198
545536 643139 599866 599999 1118271
183562 183560 183049 1196191
643999 598069 642840 299354 892868 598956 950636 759 26427 1118705
1064681 832670 770707 832359 1118641 300360 599825 1118272 1118271
183567 1118678 183391 183393 1118271 643505
950226 545082 545283 544903 544905 545493 545481 598461 176454
183564 938477 599664 183560 599825 486
544809 597933 643917 599035 176279 183368 642503 643616 598462 598790
597933 597937 597931 598261 545160 598241 545230 545496 1118271 545493 641849 304105 599873 599877 832272 145090 544801 300364 544803 176169 544952 545170 545158 770707 642503 1118137 544876 303889 544878 300354 544976
299870 599407 184139 1118350
183368 1118706 832272 971271 598462 1118137 486 740420 1137947
544801 545160 300364 544907 544803 643220 486 545154 545157 770707
641849 145090 1112681 598400
183366 1118350 184132 1118137 183391 544878
599873 971661 643041 623204 599034 545496 599435 599035 145034 176169
17459 642974 643937 832612 641882 599036 642099 176279 643140 641945 598705 643834 599044 832214 598300 300595
598398 642482 183479 641835 545432 675767 1118271 599216 617986 950880 642099 643689 598808 770707 183495 299869 832872 599617 643751
599877 770707 832546 641889 304103 598261 643579 599999 1137947 832872 544973
832272 598069 597938 832546 599435 1118350 599664 642099 176274 832327 832670 1118678 1118172 1118271 984188 770707 1118641 832481
599875 1118707 1118320 544874 740420 832917 299952 153 300328
544876 888313 621114 545160 623204 544878 545158 544907 487 545471 544976
832917 642482 642488 299358 598027 1118271 642477 599551 299397 300328 642216 1118576 1025151 599752 599225 598701 599150 486 832546 1196193 1118707 1118706 770707 643196 643371 1118651 642571
95240 300044 1118671 643698 545432
599225 642017 599551 545325 832823 140442
1118137 597931 599435 598934 545160 545157 183393 544976
641924 1118631 1118522 599699 950683 486
301588 598956 176155 642977 598574 642445
642974 599044 642294 598837 598705 832721 641945 599004
971271 176454 642818 176169
642978 598790 643054 643831 299549 182811 644024
642877 184025 1196193 950636 599825 1118641 300360 544908 300047 832481
300037 1118705 598069 598939 950636 545479 642847 642840 26426 597992 832481
176169 598069 1118350 598241 545496 1137947 599085 598684
888313 545408 621114 642503 484695 544907 545230
598628 301017 300162 1118320 599462 544874 643687 300046
1118651 643196 832546 643371 599150 300352
642508 643139 1118314 1196191 643481 642790 598808 598140
643056 643937 1118272 300655 598837 1128009 642984 643505 641945 599044 598462 599020
643054 182811 1118521 892868 183774 299549 182980 598660 644024
642503 621114 623204 300364 544907 544803 544976
1118522 544903 544904 544905 544907 544753 545502 176454 545528 599899 484695
1118521 545057 183774 544903 599257 545492 599260 598461
642500 643001 770707 832359 1196193 832541 598808 599407
643196 1118707 1025151 642216 643194
643194 1118707 643832 599752 599750
300601 1118316 545006 1196191 1118271
617986 641835 832546 300381 300043 845115 599216 1118671 599551 643689 599617 643751
522378 598261 300049 642294 599036 300121 2176 176274 642973 598705 522610 2497
182988 182811 183049 299549
598790 598605 299549 1137947 598660 644024 544976
643698 301017 300046 300162 300044 300381 643686
183515 599866 642977 643253 599825
643751 301017 545432 845115 599216 599617
300352 1118707 642017 1025151 643371
182980 182811 770707 184025 1196193 644024 183076
599257 949785 1118319 950683 643438 621421 544903 544904 644056 675785 599699 599260 176454 545528 1118631 545492 598271
642488 1118735 643176 1118678 598574 832546
598605 643831 299549 598660 183076
599020 598462 832721 1118576 1118678 521263 300121 598837 643616 599999 643505 521250 521198
642482 675767 300381 599216 1118671 643689 599617 183495 299868 299869 545432
1521328 183648 301577 183391
183049 1118314 1118290 833140 183560 598140 182819 1196191 183552 770707 183007
1112681 301017 300364 598400 304105
176293 598069 598462 1118705 598241
598300 643176 544972 599664 1196193 1118641 642445 1118735 598961
176295 1118705 598069 545405 950636 487
950683 599090 544903 544904 544906 545492 644056 599699 545502 599136 599260 176454 545528 599899 544905
299358 642017 770707 1025151
299354 599693 598069 544836 598939 544908 1196193 486 832481
599202 140814 832721
545493 1118314 1118319 598069 545479 1118631 1058581 599099 486 1118705 598261 770707 544878 605422
642477 1025151 642017 845115 832546
599099 545154 545159 770707 641944 623204 1118350 1118271
300655 598261 599557 598462 641877 1112850 599034 643505 599383
621926 545166 1118314 621650 1196191 832481 599423 544754
545160 599035 621652
1118631 599090 544904 544905 545492 544753 599260 176454 545528 599899
599090 598350 1118319 770707 599998 675785 599699
299423 1118706 641882 832546 153
545006 938477 300543 300544 643266 545502 832481 642659
598939 301013 598069 642840 950636 301128 544952 545529 770707 832481
1118170 832541 643001
643579 598261 1118671 599617 641944 145090 832872 545432
300121 521724 598261 642099 599426
675796 544952 1118705 545409 545405 599647 544907 600011 545479 598956 484695 544836
832823 599551 832546 598666 140442 1118272
1058581 545057 545481 599136
1118705 545304 545479 304062 643917 643220 300047 599693 301128 642539 598069 642251 599086 545469 642840 545370 545405 643044 544836 176308 600011 484695 545280 644027
299952 642327 1118320 153 740420
598142 545170 545157 1137947 605422
642571 643832 642017 832546 759
643041 545304 641944 599086 599085 599035 643917
545481 545057 949785 1118319 621421 599136 644056
301128 545529 643044 545083 598069 544836
599215 1118271 1118678 521263 642099 642694 1118706 832214
598261 950880 599999 832721 641889 1118271 304105 300049 176274 1118678 299348 599426 598400 643615 521263 598462 642694 521250 300354 521724
1196191 643139 832359 642963 184139 832541 598027 598140 599216 183560 643438 642660 643221 599423 598701 599998 598271 643613 643505 598808
642251 545304 545405 599086 599031 487
1196193 642108 183618 832359 642963 832541 599825 598027 300049 642197 832670 599423 598701 599914 643831 544972 598271 643613 643503 643253 832481 642445 598961
598574 643176 599721 1118678 176155 770707 832359 832546 832541 599825 642445 1118735 598915
599752 140996 545283 598918 599750 598915
544753 599699 486
599750 140996 545283 642216 598915
544754 545408 545441 2259
598934 597992 643615 984188 486 1118350 2500
1118707 599150 140442 300319 176308
544976 545157 621114 544878
643044 598069
642653 642819 643220 598241 642017 642099
643831 1118678 643834 892868 299549 598660
643832 832546 642216 598666 1118706 643615 2500
643834 599664 1118641 599914 599825 153
597992 642327 301013 642840 642847
642654 643139 598462 486 1118271
642659 643139 597931 486 950747
599611 545082 1118319 621422 621421 644056 642660
599999 599866 641877 832546 545432 1118678 599034 1118271 643140 184027 184025 599426 832721 176305 643615 183007 300049
599998 545180 1118314 599699 832546
598271 770707 643613 643438 642977
644027 544952 642841 599402 643379 544836
643371 1025151 642017 1118678 832546
644024 182811 299549
598808 183479 832359 184139 675767 643001 182819 183645 643710 770707
740420 832546 545347 300381 300046 300044 643687 176459 544874
643379 621652 545405 545325 545479 599402 642944
599004 597938 642294 642973 598837 131789 642099 299348 301309 641945
599557 545280 1112850 1118678 599383
301017 300044 1118671 832721 1112850 545347 300381
1118450 176454 833140 544903 545492
301013 598069 176308 299775 642840 642847
545304 599085 643917
949785 545082 545283 545533 544905 599136 642660 300804 176454 598461 600011
641877 300354 300049 299397 521250 1118350 1118271
832359 832541 599825 643221 598701 890415 770707
832721 770707 832546 1118271 1118678 598837 1128009 598462 643505 521250
621650 545180 545409 621422 599423 1118314 832481 598140 1118290
299775 598069 642840 642847
545479 597931 598069 599647 950636 544907 544836 621652 545469 545370 545409 605422
641835 183479 599617 599216 1128009 675767 643689 1118271 641882
1118290 176454 182819 641946 643481 545159 832481
675767 183479 833140 599216 599423 599260
545471 2259 487 605422 545230 545439
1118350 597931 299549 545432 184132 300049 183393 641889 599036 643615 545154 183498 545157 545159 183495 598947 598660 183790
300381 300043 599216 299869
598414 598462 300803 770707 300049 641946 643221 304103 643505
641882 643615 832541 1118678
845115 300043 599617 832546 643689
599721 176155 832541 1118678 1118735 598956 642977 598701 486
1025151 832546 642327
300544 770707 300543 950747 832481
832541 1118735 599825 1118678 892868 643001 643222 598701 890415 770707
300543 643139 770707 486 950747 832481 1118271
641889 545280 1118678 521263 950880 770707 832546 544973 599383
545230 971661 545158 621114 623204 544803 605422 544907
832612 1118678 832546 832214 176279
621422 1118314 621652 770707 621421 599699
621421 1118314 598140 545492 599136 644056 183552 545057 770707 598461
545439 545408 545441 2259 605422
642099 643937 832546 599435 1118678 642289 599044 299348
939019 545432 832872
832872 950880 183479 832546 599216 1118671 486 770707
183005 301577 183007 160519
544905 1118314 544904 644056 599699 486 599899
598350 1118735 770707 832546
545180 1118316 1065336 621652 770707 598956 599136 1118271
643266 938477 832546
140792 544836 599693 598069 950636 642847 599402
182819 183495 1118271
621652 642841 599647 484695 544907 545502 598701 545370 545372 545409 770707 623204 832481
140814 140996 1118576 598462 770707 299397 598837
183618 950880 184025 301577 183391 183783
643481 1118314 832481 598140
598705 643937 299397 642294 599036 598837 176279 641945 300595
598701 153 770707 598027 598961 642977
599150 832546 1118320 153
182811 183783 299549 598660
598666 1118735 832546 1118272
599260 544903 644056 675785 599699 176454
598660 1118271 770707 299549 598947
675785 1118314 544903 544904 545492 599136 599699 545502 644056 545528 599899
183552 643139 770707 1118314 545154
643710 176305 1118735 643613 140442 1118272
183498 770707 833140
545408 971661 623204 605422
545409 599647 642841 545469 545370 599402 484695 545372
300319 1118706 642017 300321 1118735
1128009 642294 642973 299348 301309 642984
598462 832546 643917 599216 892868 598837 176274 300804 300803 545379 1118678 301309 642984 642818 643615
300354 832327 599036 599035 521724 304105
183495 183479 1118678 1118671 770707 599617 299868
599462 1118320 300328 544874
600011 598069 26455 950636 544836 545469 26426 623204
544874 153 1118320 176459 545347
183391 183137 950880 184025 486 183783 183393
2259 597937 599035 545441
183393 183137 833140 183783
544878 1137947 303889 487
643651 890415 1118678 643222 599551 642977
544973 598947 184025 642445
544972 1118735 892868 1118641 1118172 598961
950747 597931 545502
545432 1118678 599216 950880 1118271 643689 183479 770707 599617
643139 1118314 599699 770707 301577 643221 598140 176454
971661 642108 304062 545496 544907 832670 545502 544952 544836 545170 545157
545405 598069
1112850 545280 832546
950880 832546 183076 184025 544952
599435 832327 641944 545170 1118641
183479 1118271 183137 599216 770707 599617 183007
642017 1118678 140442 642289
183774 1118735 545492 599825
832546 1118172 599825 598027 300162 1118706 642289 833140 642216 832670 1118320 832481 153 599866 598069 300044 300049 1118735 1118272 643689 300043 300803 832214 486 521198
642840 304062 642841 642847 950636 598915 545529 299940 832481
300804 1118678 1118314 770707 545533 176454 643221 642660
599085 892868 487 145034
2497 2499 299397 642294 131789 643937
304103 1118314 304105 641946 545379 486
599825 176155 642108 599664 642977 176305 643001 770707 643253
300803 770707 641946 643505 643221
598461 643438 1118319
545347 300046 1118320 643686 643687
642963 770707 643613
301577 599699 770707 1118271
545166 1118319 599699
1118576 140996 642694 641944 599031
1118678 598956 183790 598027 299397 545492 643001 643221 642289 643503 598915 832670 832481 642197 599866 599664 599914
183783 1137947 184132
484695 598956 623204 545370 950636
300162 300160 643686
599216 770707 1118271 643689 299869 599617
1118671 300043 643689 299869
176155
643438 544903 545492 1118314
598947 599866 299397 1118271
950636 545083 598069 599556 304062 300047 598956 599693 642539 545469 545370 599402 599383 544836 545529 176308 176247 598684 832481
300364 641944 304105 1137947
545496 545157 623204 544907 145034
2176 832327 599034 1137947 984188
2177 598241 597938 599035 643937
300360 770707 598837 1118641 1118271
545492 545082 1118319 1118735 544903 644056 599699 642660 545528 176454 770707
644056 1118314 1118319 544903 544904 599699 545528 599899 770707
304105 832327 641944
643001
183076 486 1118271
643221 1118314 545379 642818 770707 643505
643220 598069 598241 599031
643222 890415 1118735 770707 1118271
184027 184025 1118641 160519
643253 938477 770707
599664 597938 1118735 1118641 183790
642694 521263 598837 1118271
184025
26427 304062 544908 832481
26426 642539 300047 598684 598069 599402 832481 642197
183645 160519 833140 770707 1118271
642327 176308 598069 642847
1118706 300321
545057 1118319 1118735
131789 642294 599036 642973
160519 184139 833140 184132
642289
176305 599866 1118641 599426
599044 598837 301309 642984
599899 544906 641948 599699 486
176308 598069
642790 770707
299868 299869
299869 643689 599617
598684 642539 598069 544908 832481
643503 892868 643613 1118735
643505 1118271 598837 301309 642818 545379
521250 643616
642445 770707 1118271
598961 1118735 770707 1118641 598027
545502 623204 486
598837 642294 1118271 2500 641945 301309 2499 643615 770707
597937 597931 598241 984188 599035
183560 1118314 833140 770707 598140
597931 643917 759 1118172 145034 605422
1118316 545154 1065336 598956
642108 759 770707 1118641
545469 598069 599556 304062 642539 544908 599693 545370 545372 544836
1118319 545082 544906 599699 176454 599136
597938 598069 521724 521263 2500 599914 641944 1118641 599426 2499 643615 299348
300321 641944 521198
545533 1118314 642660
984188 182924 599035 643917
599914 1118641 183790
642294 599036 641945 642973 299348
643917 545325 598956 544907 599693 599031 641944 544952 832481
599647 642841 599402 545370 545372
145034 545158 598241 545157 599035
833140 183434 184132 770707 486 1118314
642944 599693
598241 487 642819
599407 184139
892868 299549 544907 642197 832670 832481
598400 145090 521724 1137947
598918 642216 598915
599036 521724 299348
599034 599035
599035 2499 770707 1137947
642216
176279 643937 300595
599031 183434 487
544952
2499 641944 522610
642660 545082 1118314
176274 1118641 521724 643937
642197 770707 486
641948 544906
1118172 545159 299549
759
641946 642818 545379
545280 599383
641944 300049 545158 545159 770707 521198
641945 832214 300047
545379 545157 545158
599423 1118314 770707 832481 598140
545441 598069
545325 544836 599551
598956 26455 300047 1118735 1118641 642977
599426 599866 1118641 153 1118271
545370 599693 598069 545372
642819 623204 1118641
545372 599402
183790 770707 1118641 184139 1118271
545170 545158 545157 623204 544908 1137947 621114 544803
544803 544907 545154 545157 545158
938477
544836 598069 599402 545529
642984 301309 299348
545529 545083 598069 642847 599693
545528 599699
522610 643615 521724 2500
643615 299348 770707 300049
643616 1118641
299940 598069 642847
770707 598027 598140 304062 598915 832670 643613 832481 300047 300049 544903 544906 544907 184132 643140 1065336 599699 184139 545158 545159
26455 300047 832481
304062 598069 544907 623204 832481
643613
140587 299397 1118271
1118314 598140 1065336 599699 599136 176454 832481
303889
832481 598069 183434 300047 598915 642539 486 1118271 642977
598915 598069 140996 1118735 642841
300595 521724
1118735 643176 598027 140996 545283
521724 643937 832327
545082
545083 598069
153 300160
182924
643937 145090 521198
642847
599866 1118271 300049
832327
598069 599556 621114 176247 642539 599383 544907 599693 599086
183434 487 486 1118271
176247 599086
299549
184139
299397 300049 521198
598027
599402 642841
598140 599699
184132
300043 599617 643689
140996 545283
183137 1118271
300047 832214
300046 300044 643686
300044
599617 643689
300049
599556
599551 140442
1118272 643176
621114 623204 545158 544907
832670 623204 1118641
300328
544903 599699 486
544904 599699
643686 643687 1118320
544906 599699 599136
544907 605422 545157 623204
544908 545157 642539 623204
643689
140442
2500
643140 1118271
599693
183648 183007
642539
1065336
599699 1118271 599136 545283
643176
486 176454 545154 642818 545157
1118320 176459
599086
832214
545283
890415
299348
145090
487
300160
1118271 176454 545159
643687
521263
176454
545154 545159
642818
545157 545158 623204 1137947
545158 1137947
545159
301309
599136
176459
623204
642973
1118641
642841
1137947
599383
183007
605422
521198
642977
