211995 1118314 771510 949785 1118319 17459 832706 621650 545478 950683 545470 1118631 950636 545007 2154 950880 544902 544907 641849 2261 544849 598917 598915 951497 1118157 621114 643122 621652 1118248 1118136 599750 545110 545185 165 599383 1118705 1118545 888313 1118522 623204 304163 675796 544918 544917 545529 971280 832669
642387 1118706 832546 598462 544809 545379 642099 643505 938857 304103 643931 641981 521246 832669 544769
642386 641835 17459 183479 675767 642294 599783 599216 176157 182795 617937 598837 642099 1118191 642984 643660 598398 642988 598986 643056 545171 642913 598462 832872
1118219 545160 642124 618371 182819 184176 643971 598223 183479 598280 183049 832546 299549 184139 544769 598564 183827 299745 300830 300523 598261 299872 642820 182795 183560 183567 643844 183986 183406 641967 183387 183368 544780 183403 184150 183113 183389 183366 643001 832654 617851 643140 599950 183872 643221 832272 599847 183936 642988 832301 184025 599938 300252 832872 176280 544897 599426 183790 598660 182979 833140 643710 545154 599866 833071 545159 599999 545492 183495 599090 598947 183146 183391 598789 598808 544973 641996 183149 183148 644024 832930
643310 598261 938902 300655 642733 643615 642913 598462 176333 832546 641967 598986 183391 599525 544772 304105 544811 545352 491 2500
643438 776156 951783 642011 1118614 641996 598298 1118159 1196191 545243 544794 544903 599257 71 545492 1118314 1118252 375453
598986 642733 301383 643751 140656 642913 1118187 599216 1128009 617986 599783 598654 643689 1118344 1118230
891741 299423 832546 832541 598027 599628 599982 599721 598498 599551 140593 599150 642499 183467 643222 642139 299451 599240 642473 643710 176504 642289 301321 599712 642469 832917 300013 25814 643651 832669 300075
544769 748318 597933 1118677 598069 599849 1118657 598655 598438 301171 139 643917 1118271 598261 544827 598077 643827 1118350 599215 42 642294 2154 599035 642099 2177 176280 2500 642017 599004 832272 832654 301176 545206 642973 598705 599036 1118668 131789 643615 1127444 2497 160032 642775 644022 599627 599140 641981 521198
598564 1118668 618371 833140 642500 770707 832301 1196191 184139 598808 375954 642451 599587
598367 140523 832857 1118159 176155 832917 1196193 1128366 949714 301588 832546 599938 832669 598780
845759 183872 299872 833071 182819 183567 832301 300252 183146 183387 183391 183403 183389 183366 183148 833140
176235 597933 160032 300049 892868 642695 598790 545117 299549 1118137 597942 599140 598660 493
643827 599849 17459 599652 301171 598498 599056 832546 131471 643832 642099 1118650 643937 598438 598787 1118192 1118678 300381
599600 301017 599849 301132 832546 598993 300442 300221 301171 545344 301172 545346 545347 598899 769973 642475 300160 300046 300162 300044 545415 598868 95488 599454 599455 642922 140593 300024 300328 643009 643686 643687 642764 598936 832450 300431 833031 844431 599387 832515 598628 598629 176432 300559 642731 599548 598606 844457 140949 1065257 832917 1065361 544874 643440 598787 740420 642759 643698 304086 545348
598201 300973 299532 598993 599517 598658 545344 300045 598202 599454 599455 642156 598868 598136 165 598661 772026 176432 642731 599650 598602 233021 832917 642775 642776 598787
972230 304127 544827 545158 545146 544842 544949 545522 545478 598893 545496 303889 545470 545223
521220 643097 642262 643157 598655 598632 643937 301172 643849 598261 642475 599158 140656 544809 598791 303951 303953 642097 598917 642556 643207 299897 642694 299576 599525 643832 642733 300121 599580 140546 832930
598957 890415 776156 832857 597923 832272 642108 1118327 599048 621652 1196193 949714 598490 643593 832669 1118641 300836 1118159 599938 642877 1118735 598961
1065431 642482 95781 299337 183479 300974 545026 545432 675767 300381 300043 599216 544780 1118191 643689 598398 301383 642973 1118137 1120035 770707 599617 299868 299869 643751
177896 599849 301013 597992 599721 641818 643615 642695 599637 599631 300525 300526 300047 642877 599629 301176 300075
176333 598261 938902 643157 643615 641877 938857 176280 643505 597942 599140 641981 642556 299348
598814 1118705 176308 177857 299336 598069 300565 950636 545479 300277 544813 599402 2261 599624 177853
642311 598853 643097 599557 598849 642251 642309 642949 599627 643036 844404 300017 598673 1118651 642307 598917 598655
304014 598104 642781 950683 599825 492 1118631 598858 544903 544904 544905 644056 1118157 598298 599699 642019 1118248 121 486 1118545 1118522 1118520 770707 544790 641996
832327 642918 643095 299936 832272 599204 304105 1118169 521724 599435 598785 300354 139 304045 299489
301065 1118169 1118559 642733 598462 597938 642166 598837 641967 598438 1120083 599525 139 642984 1118350 599044 1120035
301383 145065 642262 642482 832706 599774 1118657 598654 598438 599783 522478 545206 598261 299872 160032 1118671 299397 599661 642459 1120083 643689 598398 642173 643923 925392 1120035 95240 599617 299869 1137947 599140 544811
1118449 642918 642124 642184 643078 544780 832272 299374 832654 643844 183495 183986 598947 300360 599652 643001
642139 643211 642123 642017 832546 599570 644096 598852 598497 642471 599601 299423 599158 643531 599150 642982 1118198 642112 599240 599750 1118130 642473 1118707 301321 176569 643196 642469 832917 300013 642981 153
300252 833140 1118559 832654 522378 1118169 299549 938902 139 598660 1118271 832930
643923 140869 1118671 299745 599617 1118187 643579 642459 545432 675767 1118191 832872 1118344 493
925392 95529 183146 183864 140869 642238 599661 642482 617986 642459 183495 618300 832872
1073689 642477 642653 598497 642471 642123 643268 599601 300319 522371 300075 643931 522927 598653 642289 599014 642479 643937 642099 599580 642571 642469
833031 769973 772026 71 643161 598606 300044 599454 1118320 1118568 832450 95240 643686 300221 299883 599455 545344 832546 545346 153 545348
599733 299694 949785 598724 598121 299423 643844 844628 597965 949714 621421 642189 71 1118319 644056 1118521 598781
938925 300804 300803 598618 643157 598462 545048 832721 304105 545379 642694 183387 643505 643056 300526 598414 642818
1118169 643095 643157 598223 597938 599740 599435 300526 545223 304105 643579 299936 545048 544809 675802 2177 642984 643523 832272 832670 832654 832301 301009 599426 599580 2499 176274 176305 545158 643505 599140
642948 643817 599628 777098 643082 598400 599022 599551 598324 299397 599158 599627 598632 300017 599018 599021 1118397 642947 598655 598915
642633 642499 545920 1118678 1118314 1058395 621652 892868 770707 1196193 1118271 1118290 599825 26426 832481 1118520 623021 491 303893 375453
643192 140881 642477 300043 299872 300484 642482 598498 599617 832450 1118651 598654 618300 643117 844431 1118344
140546 599849 643221 545171 160032 643615 1118677 1064773 599845 598655 598787 642099 599140 643698 301176 1120035
95529 599056 599652 642038 299883 598136 95488 299868 1118136 545432 642262 598787 165 598121 643698 1118671
642500 642187 771510 642451 770707 832359 1196193 599296 643593 832541 598808 643001 642429
598104 641996 1118314 1118614 642000 599090 599699 770707 832301 545255 1196191 642781 1118248 599257 642660 1118252 598140 544905
184176 643831 598280 617851 1118521 184025 183387 492 597942 183389 183148 644024 183391
192 642482 299872 833071 95781 642115 183495 299868 299869 832917 183146 642775 641806 832872 299489
304163 643738 643542 642806 642479 771165 832546 598993 598435 642742 598673 599154 642571
599517 300973 599456 545344 598658 644096 769973 642475 300045 598202 599454 599455 642479 845037 300328 598136 299451 1129141 598661 1118706 642731 598606 1118568 642776 598787
598673 1064859 599627 533848 598417 1112670 599601 598324 599661 642743 642742 1064989 643083 598700 643738 299694 1064949 598881 599659 642309 642307
183827 1118668 618371 183872 833140 182819 176511 832301 183049 183406 183403 598808 183113 182979 599587 300830 776166
598677 545280 176455 1118678 1118327 643264 599661 598791 599627 642447 599384 642309 643120 599383 599557 1118271 1118192
1112670 599943 1064859 643271 642178 832546 598653 300637 643946 643961 643270 642477 642475 300655 599706 642807 642479 176250 643516 598872 599154 642571 642112 1064989 644011 598700 300414 176432 299701 598881 23682 643194 300013 643117 642216 643677 300153
545206 545267 597933 643354 493 544827 545160 598241 642820 544924 522371 544809 599034 599035 303951 545493 643523 597921 759 598788 176282 145034 544811 1118620 599204 1137947 303889 599140 643033
545418 545301 545303 597931 545307 545479 599647 545160 1058395 545147 3389 598956 643122 544907 303972 544836 545110 544992 545359 544952 1118705 984268 545409 545405 544795 600011 544919 544917
545415 770707 300044 599454 545186 545185 1118568 832450 1118511 165 598787 740420 643698
748318 183467 131789 598077 522378 643615 617819 2497 599036 642973 599035 599740 303951 644022 641981
599454 300973 299883 545007 598993 299394 599624 545344 618193 598935 545009 300160 300046 300045 95488 599455 599456 642922 300024 598837 643009 643686 642016 769973 641806 131471 844431 301171 598629 772026 176432 599548 598606 1065076 598604 598602 1118568 598202 544874 644022 643698 844457 545348
544949 971661 971660 545093 304127 888313 545170 621114 545158 545157 545048 623204 145243 1137947 598788 303884 546062 545223
599456 643268 642016 300559 643698 598602 599455 1118568 1065257 545344 1118511 299883 598787 598658 1129141 545009 598661
3389 599873 301443 597931 599204 545405 545186 544849 544847 176295 600011 176438 300047 643917 176169
183387 1118668 599238 833140 1118587 184025 183148 950880 1118137 938902 938857 183389 641967 1118350 1118620 183391
544780 950722 299549 184139 139 1118350 1118271 599238 1118559 2154 598402 1064740 545099 832654 832301 641944 1118137 971271 599525 1118172 598785 176169 1118668 642184 545159 598226 545522 641856 1118657 544976
1120083 299423 183864 597938 299291 643937 301172 301590 599238 598261 299936 597933 300049 597921 641889 544809 300121 544902 597942 183366 641981 545093 641800 599752 176280 599750 299459 599036 140523 176274 176569 598947 140587 300151
183389 1118668 833140 950880 832654 184025 183391 299549 1118137 643505 938857 1118350 183148 938902
2261 545307 545370 599647 545147 950636 544907 544962 1118705 2246 545312 951497 675796 545314 643122 621652 950184 304074 545110 544992 599403 544836 545409 598723 544795 300078 544919 544917 643119 545469
623021 1118314 1118157 621650 1118520 770707 544896 544897 644056 832481 598140 492 1118290
544788 597900 1118520 1118545 1118631 598298 599699 544790 642781 544796 950683 1118522 544905 951070 644056 545477 675785 675805
599020 599849 1118230 643157 599999 832721 598438 139 1118678 521263 300121 598837 641967 303951 176511 643660 299489 599839 643056 545171 598462 643505 521198
599950 1118668 598891 598438 522378 176157 182795 299397 642294 598837 183467 598077 641945 598705 1128560 131789 1118559 2497 140587 644022 644024 832930
545522 303986 304127 598618 545171 545146 545157 950722 545478 545379 1118137 1137947 545159 145243 545472 545470
1064989 1112455 642112 1064949 533848 642479 643961 598791 598653 642743 642742 598666 771165
545117 545267 597933 598456 1118657 598893 494 493 544809 2154 598790 599035 544803 303896 1064740 832654 598788 145090 642695 145034 2246 176169 1137947 544876 303889 544878 598785 832930 544976
545110 642187 643630 951497 642038 621650 621652 642189 544917 1118136 545185 675796 494 493 844628 643122 544992
299574 1118707 642017 1118678 643161 598498 1118320 1025151 832917 1118192 545348 740420 641856 599875 153
233021 642016 599652 599650 300044 598136 545007 642922 598993 176432 545482 95488 598658 598787 165 643698 771165
375954 643221 833140 621652 642019 599845 184139 832359 599825 642660 641996 642451 599587 598590
299578 598069 643220 643082 160032 176438 1118735 303953 145090 1118397 643931 599750 599627 643036 599031 494 598915 642947 832669 641981
1118668 642124 618371 545261 300523 642246 599866 598223 599847 598280 642166 598226 598300 184139 599257 675767 598438 599839 299449 299374 644094 599238 183146 299872 642445 643917 182795 1064681 183567 598824 183986 522927 641967 183403 183113 183366 643001 832654 2500 643140 832930 832272 182819 183936 176511 832301 183790 642184 544896 618300 599426 300275 599998 599260 182979 833140 641996 176305 643615 599999 299549 544794 598947 140587 599617 183391 545159 598808 300354 183149 544829 644024
832857 642488 949785 1118319 1128366 599627 598632 491 777098 544823 1118735 621421 2019 492 642743 1118198 1118327 1196191 598574 949714 125 1118263 832546 833071 176569 770707 1064949 598780 598961 642977
1118545 545078 545511 598858 545492 597900 544794 544796 544904 544905 545493 599899 544896 545477 544903 599257
984268 545389 544952 544836 300047 599718 545147 545146 544959 304062 643354 545359 544847 545503 544907 544919 598788 544917 545230 303893 303951
598606 299883 598658 598899 769973 300046 300162 300044 545007 300024 643687 643686 642764 643268 642016 598661 599652 1118568 598868 545482 642775 642776 598787 740420 643698 1196242
599204 599873 597933 642820 544924 545291 2154 544847 599035 618193 544809 2246 145034 176169 304105
598604 598936 642016 832515 598136 95488 299394 1118568 643009 300221 598787 165 643698 844457
642913 643751 599216 183479 1118671 1118191 598462 1118187 300974 642459 938902 597981 599783 1064642 1118344
598602 598935 772026 545009 599650 598202 598136 598936 1118568 1118511 300221 598787 642922 643698
304074 545280 545920 1118735 643999 598069 950184 598939 301431 950636 545479 643593 545469 544813 544908 26426 832481 300332 299354 492
545291 643095 545267 597933 544811 544809 301009 1120035 1137947 643937 544842 544878 183366 139 176274 599140 304105
599202 140656 832706 183986 300151 641967 303951 176368 299459 176320 832721 299374 182795 299489
598202 598935 300221 300045 300044 598136 299532 832917 617937 642156 642776 598787 165 643698 844457 642759
300078 545312 545314 176438 598069 598939 950636 545503 494 544813 299354 544849 642839
644022 2499 675802 183467 642173 299397 2497 642294 642973 598705 599035 642099 176157 2165 1120035 522478 598837
644023 642477 300043 599783 598123 643751 617819 1064642 599617 617937 832546 598791 617986 618300 300017 643689 300974 598417
643033 599935 642819 597933 598241 599845 2154 544924 599035 303893 487 971280 493
643036 599943 643159 832546 599627 23682 844404 599659 644094 598853 140996 545283 643430 598325 1118397 598918 140442 598917 300043 643083 643082 642251 599752 599750 643817 1118705 176438 300319 598849 643946 643194 832481 598915
300075 1118706 642017 642123 832669 301443 598069 950636 642840 599637 599627 600011 26426 1118705 832481 1196242 492
643211 643097 642488 643176 642123 1128366 599627 1118650 1118272 598791 599158 832823 140442 1118198 598915 568142 598574 599240 949714 598666 1118263 1118707 1118567 642469 832917 642447 176368 598780
618371 599998 121 1118657 599627 1118271 598808 1118350 644024 1118290
299883 545009 643698 618193 1196242 598787 599652 844431 1129141 598661
643354 545261 950880 487 494 493 545280 599557 641889 544847 1118192 2246 303896 544849 545093 1118587 599384 299787 599383 598724 544918 544813
642759 598853 598935 153 643268 598136 42 545007 617937 832450 1118511 598787 301171 643698
522478 597933 597938 598891 300354 301590 598261 299936 598791 300049 300121 544902 599035 545493 303953 642097 300321 303893 299489 832272 832654 641944 641800 300151 176280 599426 176274 140587 599580 641981
1112455 599943 1064859 643271 642178 832546 300637 643946 644011 642807 642216 642743 643516 599154 642112 300414 1064949 598881 23682 643194 642775 300153
598852 598853 643817 153 140996 643207 598498 598849 844628 832546 643371 599627 642251 599022 599659 521198 599383
299872 183864 642482 183479 598654 599783 1118350 140869 1118671 642459 1118191 642238 598398 1118344 599617 183495 299868 299869 598947 183146 183149 183148
522378 643095 598261 300121 176157 300049 642294 599036 598791 599014 176511 176274 299489 598077 642173 642973 598705 1120035 131471 2497 2165 300151 176368
176666 598438 599664 176438 545405 950184 642251 598956 494 1118641 176295 544813 487 599627 2246 832481 493
598858 642781 950683 492 1118631 545511 544903 544905 644056 675785 675805 1118157 599699 642019 1118248 486 1058395 599899 1118520 770707 544790 1118522 641996
598325 598853 599628 599650 598136 1064773 545007 176504 642949 599627 844404 599022 598787 1118397 643698
598324 598853 643207 641806 599845 598791 598655 642251 599627 642307 832515 641849 1118263
522371 597933 599866 597938 643931 300275 598438 139 300354 304045 598261 522580 642820 299291 643579 544924 599035 301590 545493 1118191 183366 641981 832272 1064740 832654 641944 544809 301009 176280 299348 599914 300321 545171 1118522 300319 770707 599774 140587 2154 300151 599140 299489 544976
642294 832706 1118230 522580 176157 140656 598837 599036 1128009 642173 641945 642973 598705 299348 642974 299459 1128560 131789 131471 2497 2165 599004
598918 643738 643083 832669 598881 643946 1118397 599752 599627 643195 642845 599629 598915 598917 492 642216
642459 145065 599216 183864 642482 299337 300974 1118657 545432 300381 1118271 160032 1118671 521200 643689 642238 598398 95240 642985 599774 299868 299869 642447 544973 544972 598654
675805 597900 545511 621652 599699 599899 545255 545243 544796 544904 492 1118319 599256 598590 544903 950683
642988 642238 299930 183864 599216 299745 183479 617986 598808 598398 1118350 303893
643516 643961 642471 599706 599601 642807 599551 642479 845037 1112850 1118651 300153 599387 642982
642985 598261 545093 1118520 1058395 950880 598724 1118735 643844 184025 1118657 641889 544973 299374 492
642984 1128560 522580 642173 140656 1118559 598462 832706 599044 1128009 1118230 299348 176157 2165 643056 301309
642451 642011 641882 641872 643336 544958 642019 1196191 1196193 599664 183986 1118314 599825 643834 599998 375453
598917 300637 599627 642845 492 95404 176421 599158 642309 643082 643264 599752 599750 299694 643195 643194 832917 599124 832669 598915
642981 1025151 153 1118678 642731 598498 832917 832546 642469 643371 300013 1118651 176250 642982 598661
598915 643159 598069 642840 599627 642845 301172 599629 177853 140996 176421 1058395 1118735 1118192 304097 643082 598574 599240 599750 1118678 71 544813 1118263 599752 176438 176569 770707 832669 643593 832481
597900 544790 599699 1058395 1118631 1118522 1118159 544796 950683 598298 486 492 1118520 545477 675785 303893
642178 568142 642289 643270 598498 533848 644096 1112850 598435 642845 771165 598666
890415 642499 643630 643222 642172 832359 643908 832541 300836 643651 598587 599629 832669
642172 545280 776156 599652 545307 1118735 545186 545185 599240 599627 598787 644056 643698 1118272 1118192
642173 1128560 131789 599216 17459 1128009 2497 599036 642973 643937 599004 599044
1118327 643176 643597 545432 545280 599557 599661 598956 598791 303953 642889 643120 643264 599384 599383 598350 176455 642733 642189 642309 642447 544972 643999 832669
1118191 140869 642482 95781 599774 545026 641835 545432 599783 299930 300484 599216 182795 303893 299852 642238 598398 833140 299745 183864 299869 183146 832872
1118320 299337 832546 545348 301171 545344 545347 545346 598899 598935 643161 140593 643686 599150 599875 832515 598628 544874 643440 140949 300442
1118248 642124 545511 544958 599699 544834 642781 621422 545255 545493 599899 644056 642660 641996 545477 544897
618300 641835 642262 183864 299337 183479 1118187 300974 545432 599783 300043 299930 845115 300484 599216 1118671 599661 643689 140881 598398 1064642 599304 299745 599617 617986 643751 598654
844431 598628 769973 599652 300162 598136 301132 1118568 300024 598868 643687 643686 1065076 598787 300559 642764 643698 140949
1120035 643095 183864 95781 597938 598893 643937 300354 301590 598261 597933 176157 617819 299397 299291 131471 544809 522927 176511 642097 176274 641981 183467 599877 598077 597921 641800 642973 598705 299348 299459 300275 599036 131789 301009 300121 140587 2154 599140 299489 176368 300336
642187 642653 599935 642819 643336 545385 642189 599296 598791 599845 599031 599825 643001 844628
643817 598853 597923 599158 598123 598400 643120 599022 598849 598791 598655 598632 300017 599627 1118263 642947 832669
642184 642124 1118319 545180 1118657 1118350 491 1118271 776166 1118631 599090 544829 545384 545492 832654 642019 545255 544897 951070 545154 642429 545159 598226 544794
833071 299449 598490 833140 832654 832301 832546 1118657 2019 125 597965 599998 642445 832930
176569 599849 642123 521263 598380 599551 642017 1025151 599240 176280 598655 598632 599627 1118735 832669 1118263
599774 598462 1118187 599627 545432 675767 598438 139 299930 599216 1118671 598398 599877 1118587 938902 1118344 599638 1118620 545171 770707 599617 643751 598654
642189 642653 599935 299694 598724 545385 844628 597965 599296 599845 599825 643001 598121 598781
598824 599849 17459 642429 598121 299423 1118677 599711 832872 599631 599839 599018 642889 598823
1065361 598261 642097 643207 176511 1064773 641944 1118657 641967 299576 642694 599839 599627 599580 301171 642556
599021 598261 176421 599548 1118706 1118677 598436 42 599711 643931 642949 643908 777098 300017 599018 832546 642947 521198 644036
642775 642471 598136 299532 832450 598993 598868 598435 642776 598787 165 1064859
642776 642475 300045 300973 598136 772026 832450 598868 642156 598658 598787 165
599022 598853 643082 598123 598400 599158 642949 598655 598791 844404 300017 599627 599629 642947 832669 598632
599257 949785 1118319 642781 599256 950683 1118252 1118614 1058395 544829 621421 544903 544904 545492 644056 675785 599699 1118157 598298 1118159 545255 599260 176454 545528 1118631 1118521 1118520 544790
599140 643095 545267 597933 597938 598893 521724 598438 304045 139 598261 299936 598241 617819 544809 300121 599035 301590 641800 301009 599426 642918 544811 303889 300354 300049
176368 643221 183467 598400 42 299397 598686 598300 599627 544772 642947 641981
304127 971661 598618 545170 545146 303953 545379 545478 938902 599435 145243 545472 1118172 545470 545223 1137947
642000 544834 300804 1118314 1118631 949785 1118319 1058395 545102 599638 951070 1118252 545352 491
183467 1118567 598490 299397 599627 598438 598350 139 642947 832669 300336
641818 177853 300277 301013 642120 545424 598939 299775 642840 642847 599624 300047 299787 951783 299788
1118187 642238 183864 140869 642072 617986 545432 832872 832930
545243 599260 1118159 545528 1058395 950683 1118319 1118521 1118520 545492 545255 599256 598298 644056 486 599699 1118252 675785 492 1118157
598435 643961 643542 642471 642806 1064859 17459 644011 845037 832546 643677 598872 642571
598436 2499 1118314 300319 598438 1118568 643931 675802 643531 1118650 740420 1118130 300275 300321 139 1118271
598438 599849 643336 597938 599740 599435 139 599783 304045 1118271 598261 299449 299936 1118559 299397 183986 599036 522927 675802 642099 303951 176511 597981 642097 176274 641981 832272 641800 521724 131471 598705 1118641 299348 300275 599914 598666 598223 140523 131789 545158 643615 2497 140587 598655 599580 832930 617819 599631
304045 545267 597933 160032 598618 544809 121 1118137 642099 641944 599435 486 492
644096 568142 1025151 643543 1064949 643270 598498 832917 832546 599601 643371 1118651 642017 1118707 642469
644094 599866 598069 643931 300275 643917 491 545920 300047 598956 950636 544847 304097 642556 642889 971661 641944 1196193 299576 599631 26426 176438 599999 832481 300332
544823 1118706 1118735 599999 1064773 949714 300121 1127444 1118678 599627 125 1118192 1118263 598655 598632
545920 545261 545424 299336 598069 597938 300565 598456 642840 545100 599740 599624 300525 300526 545470 299354 300830 545389 300047 1058395 643999 892868 643844 299775 303951 545493 544907 544908 544803 304097 545154 617851 544801 545312 545310 642539 832272 544952 832670 621652 598788 643630 299897 1196193 176282 544962 599637 545503 184025 71 545405 599403 599402 299787 300277 642877 545230 304171 304062 545177 544836 642819 545170 545157 642503 545159 544959 176308 770707 598723 546062 300037 598684 176438 303893 544919 303889 544917 545529 832481 300332 776156 545379
300160 153 545346 300162 643161 301132 1118568 642156 545348 545344 642764 304086 598899
544827 938902 545261 599877 545170 597921 160032 545160 544842 545186 544809 597933 145243 599435 599035 1137947 545267
545511 1118157 1118631 1118522 599699 544905 950683 599899 486 675785 492
182795 599849 641872 183479 643931 641835 599783 1118350 1118271 599216 598837 1128009 642099 1064642 641945 599839 1128560 643751 599999 643505 599004 1118230
642038 643086 641882 643122 598121 1118677 597965 832546 599018 643908 544992 643593 486 1118170 643119 644054 598781
643971 643140 833140 950880 599999 832654 770707 832301 1196193 301009 1118657 1118137 2019 521200 301171 642445 183149 183936 1118271 832930
832917 642123 642482 599154 1064859 598380 642488 643931 598653 1118651 599570 598027 1118271 493 642477 769973 642806 643430 160032 598498 599551 299397 949714 300328 599712 643531 642216 599150 177853 641981 642115 1118157 599875 1025151 599752 599225 1118130 598701 643677 486 832546 1196193 598661 598590 1118707 1118706 642731 599601 770707 643196 643946 642982 642469 643371 1118198 642781 25814 599627 642571 643597
617937 643268 153 599216 1118671 299337 642482 300974 832450 598654 598787 597981 643689 643698 300381
140593 598628 1025151 642731 598498 1118568 299451 300328 1118651 643440 544874 140949 545348
642072 642477 598853 300484 1118671 598498 598849 832546 643117 545432 832872 1118344 493
303951 599849 545261 545267 950880 598462 598069 545479 938857 643917 492 598241 544847 545493 544907 2246 544849 950764 971661 643221 599099 1118587 544809 938902 971271 599525 176169 544952 1118705 544811 1118620 545171 643615 545157 770707 1137947 642447 544972
176511 1118230 1118677 599036 641967 521724 1118350
303896 544952 545261 599718 950880 299336 545230 1118587 299775 642847 599624 494 493 643917 759 1137947
771165 599943 642479 643542 643543 1064949 598881 643271 23682 832546 642742 643946 642743 598700 522580 95404 599154 642216
303893 642166 545432 493 1118559 545230 544809 544801 2246 971660 643220 1064740 486 544803 642653 598241 770707 544796 832481
144 599647 303972 545405 544836 545359 545504 598893 544919 304062 544962 304100 545470 832515 641849
598077 131789 299397 2497 599036 598791 642973 140587 598705 139 301172 832706 641981
599099 1118271 545154 545267 545159 832654 770707 641944 623204 1118657 950764 545493 304100 641996 1118350 599587 492 776166
545099 545261 545267 597933 545478 545472 304100 2154 544847 544842 950764 971660 545093 545379 1118137 938902 971271 303986 1118620 888313 545157 545158 544795 623204 1137947 303884
1064642 642238 299930 598398 845115 299337 183479 599617 300974 641835 545432 597981 299852 643751 1118271 598654
642475 599849 599999 598935 1118678 160032 95488 845037 300024 642097 642016 598136 165 598661 176432 299532 1118568 598787 643698
300360 643078 642429 643157 1064681 770707 598837 1118641 1118271 300525 300526 642877 643660 832669
832450 153 642246 642482 545185 598629 832546 545344 300044 598498 299397 643686 599150 599875 183368 643268 643161 643523 598705 71 300559 832515 643831 599548 299868 299869 545482 598787 740420
599240 643176 642123 1064859 642488 1128366 599627 1118650 642845 1118272 598498 832823 643689 140442 598574 598666 1118263 1118567 642289 599712 642469 642447 1118735 598780
949714 642488 642123 598490 176155 599158 544972 599938 545283 301588 598684 599383 643946 600011 832669 642447 642445 140949 598961 598780
300655 598261 643056 597921 643157 599557 598462 641877 844628 1112850 599034 641967 643505 599383 938902
832515 769973 1118568 598837 740420 832546 300277 153
599580 599849 832546 598653 599740 301171 598261 521263 599664 300121 675802 642099 521200 599014 1127444 1118641 599914 598666 2499 642289 599999 598655 832930
1025151 832546 300637 599570 642477 598497 642471 599601 598498 642479 176250 642982 598661 642731 301321 643196 642469 643371 300013 300153 643429
544811 643095 597931 597933 950722 643931 545261 598223 304100 643917 598261 2154 544924 545496 2177 599035 300321 642556 300804 599525 641944 176282 301009 299576 183872 544772 545352 176169 545171 545158 545159 545157 598785 545379
643078 642429 771510 770707 598837 1118641 643505 599825 300525 300526 642877 643660 1118271 304105
1118631 545477 599090 544904 544905 545493 545492 598298 599260 176454 545528 545078 599899 598723 544794 544796 544790
301321 1118707 643542 642471 643543 599601 643205 153 642479 643961 832546 642469 642216 643946 25814 300153 845037 176250
598724 642653 545093 642819 641889 950880 1118587 599825 844628 544878 1118170 598121 598781 493
598723 300037 643220 623204 643999 950184 950636 621421 545479 544813 644056 304097 544849 492
642806 598498 642471 642807 643271 1118568 832546 300328 300442 300414 300153
950764 545154 545267 545157 643844 641944 545496 184025 544907 545100 832481 304100 176169
643678 599215 643937 544772 832546 938857 486 304103 492 304105 1058395 1118735 641967 1118192 598414 521246 1118157 599525 545379 938902 643834 1118620 598462 643505
544918 643630 951497 1058395 621652 1118159 545478 599627 494 544973 759 832669 493
544917 545301 545303 598069 494 493 545147 544962 971661 971660 544919 621650 599403 643119 888313 545409 546062 623204 675796 545503 484695
643677 599943 642123 1064859 832546 598653 300637 1118651 23682 643961 643270 95404 598497 599706 599601 598498 598791 642216 598872 599154 642017 643083 599225 598666 643738 299701 642471 643542 598881 643195 643194 642469 300013 25814
300332 1118705 598069 544813 642539 950184 950636 643593 26426 486 299354 492
544829 641996 1118157 1118559 1118319 1118521 300523 545384 1118678 544897 599260 491 492
375453 643630 545078 642019 599699 183049 545255 832359 599899 832481 641996 598140 598590 544897
643097 599158 599849 176421 643430 521263 599215 299897 598791 1127444 598655 598632 300017 599525 599627
598280 643831 1118614 770707 643834 597942 598808 1118314 598660 599587 644024
643095 597933 521724 139 301590 598261 597921 544809 599034 2177 176274 832272 1064740 1118657 1137947 2154
771510 599044 183403 832359 641945 642108 176504 643593 599631 545493 832541 643834 832669 544992
643159 545312 642499 545529 641785 643205 598380 599551 300565 642120 599752 599225 642847 642840 599624 599403 301139
643157 599849 599839 1064773 643931 938857 301171 300526 1118272 643849 1118559 599216 599215 1118677 598837 1118641 938902 971271 599525 643056 642733 643615 521263 598462 643505 176320 2500
545007 844404 300221 95488 299394 642016 641806 598136 165 599387 772026 176432 599652 1118568 545482 598787 643698
1128366 140523 642445 599721 642488 643176 301588 832823 544972 832669 598780
1112850 301017 545280 643430 642115 643270 1064773 299897 599712 832546 599014 599384 642262 599659 598853 599557
545026 299930 617851 599216 1118522 299337 770707 299745 299852 486 545432 95781 832872 1118344 492 598654
598893 1118657 521724 599624 304100 493 545158 544803 971661 971660 759 145090 888313 545157 642503 546062 623204 1118137 303889 544878
598891 2499 599849 642246 832654 597938 300121 675802 642099 299348 521200 1118170 1118172 521198
494 545301 301139 545307 176295 545389 140996 599647 545160 545147 641889 598790 599031 641849 598853 599877 544952 303972 643120 597965 599384 545372 545177 176455 545529 299694 844628 544795 544919 832872 598781
597931 545301 545261 597933 642820 1118350 832654 1118520 759 545479 544795 544847 1118137 545359 1118657 145034 643917 1118172 492
139 597933 544809 642820 299397 299291 2154 675802 300321 832272 832654 641944 641800 642973 598705 599426 598666 2499 131789 176305 176274 176280 2497 140587 521724
299449 299936 832654 599999 832481 598456 1118657 182979 183149 643999 300830
299374 642918 599849 599866 770707 938902 599839 544772 832721 598462
491 642124 641872 300830 833140 183560 183986 183113 643660 182819 644056 643710 545171 183049 546062 643505 832481
598899 598628 642764 642731 301132 1118568 832546 300973 643687 598787 740420 545346 643698 304086
493 545301 301139 545307 176295 641889 643122 642307 300523 545389 2154 545283 545160 598241 642820 545385 545048 598790 544902 301590 303953 641849 183368 599873 183872 643908 544919 621114 303972 643120 599031 299897 176282 832872 544992 545359 599384 599402 643119 544952 545177 176455 545529 300045 484695 545409 598849 544795 545147 597933 643523 598789 544878 303884 545280 598781
299930 183479 545432 599783 492 599216 1118671 599661 299852 642238 598398 95240 486 1118344 599304 770707 599617 832872 598654
176421 643082 521198 642539 299897 598686 1118657 599750 598632 303953 299951 643931 642947 598655
299936 599935 832272 1118559 643336 832654 598223 599999 597938 599296 1118641 599435
1118614 643630 545283 641872 544958 642019 832301 642781 621422 621421 544896 641996 621650 598140 598590 300523
641872 832541 641835 599664 770707 1118272 1118157 1118678 1118192 1118290 1118641 1118650 26426 1118271 641882
642820 145065 545267 597933 1118657 599238 522580 545160 544924 2154 544902 545496 544801 544803 832654 971660 1064740 621652 1118137 971271 487 2246 176169 1118620 599718 623204 544876 303889 544878 971280
545146 971661 971660 545170 621114 623204 545478 1137947 145243 1118172 971280 888313
2154 545267 545261 1118271 522580 598241 1118137 1064740 545230 544809 544902 599035 2177 544801 544803 643523 599873 599877 597921 621114 938902 145034 641849 176169 545154 545171 642503 770707 545158 545478 599124 545496 145243 544976
598791 599849 643176 1064773 832546 598655 598632 599624 1118272 304105 545280 1118678 845115 95488 599158 675802 1118192 599031 299423 599935 642115 599215 641806 299897 642977 642447 599525 598666 599383 2499 643597 1118705 521263 641856 598787 544813 598785 599721 599627
183406 183560 833140 183936 184150 832301 183049 121 2019 183391 183113 492
2019 644011 643086 545493 642108 300319 176155 832301 642251 1064949 642743 832823 644054
183403 183560 183936 184150 832301 183049 776166 183113 182979 599783 833140
299336 642120 950880 545424 598069 597938 299775 599624 299354 177857 492 26426 641785 643999 598939 598956 950636 544908 1196193 642695 299788 599403 486 299787 599383 545529 597992 770707 300037 1196242 832481
642556 769973 643220 521263 599866 301171 599999 599875 770707 1064773 643931 598787 299576 938902 599031 299951 1118271
642238 599849 641835 642262 642482 299337 641877 1118650 675767 599783 599216 1118671 598398 599617 183146 643751 545432
303953 145065 598226 545478 598655 598632 598261 598618 1118677 299397 544902 641849 642889 545093 599877 641944 1118137 598400 1118706 598686 1118641 642447
301431 1118705 301443 177857 643999 598069 642840 598956 950636 599627 544813 304097 1118735
131471 1118230 598398 599044 1118671 599617 299459 1128009 545432 642974 598787 598654
599637 1118678 643220 599866 1118735 599999 1196242 599627 599631 599839 599825 599629 598587
599631 599849 1118230 598121 598069 832546 642840 643086 643593 599825 598587 599629 492 1118678 641882 176159 1118735 598956 642099 177853 642889 17459 1127444 599839 1118170 642289 599999 599711 1196242 599627
299951 598261 599849 597933 643083 176280 598686 599034 599035 599124 641981 95404
300414 1118706 642471 642807 643196 1118568 599601 300328 1118130 176250 300153 300973 642982
544772 1118319 545102 299549 545100 1118290 304103 643221 492 598414 599638 641856 300321 643660 641981 300804 300803 598789 641946 599525 599260 545352 643056 642818 545171 545159 770707 486 643505
599638 544834 1118230 643221 545171 949785 598462 486 1118314 642660 545352 643660 492
598590 1118252 1118314 1058395 641996 621650 642019 770707 1196193 544794 621421 1118192 832930 544905 300523
1128560 643056 299337 832706 642973 642099 299459 597981 599004 140656
772026 176432 844457 299394 642922 598993 566599 643009 95488
545348 598628 769973 599875 643161 643440 545344 545347 545346 140949
642731 598628 769973 300559 598498 1118568 300328 598787 642764 300442
642733 599849 598632 938857 140656 599215 598837 641967 1118192 521246 938902 642974 599525 301309 598462 643505 300151 176320
844628 545303 299694 643122 598121 1118136 544992 1118170 598781
598868 643268 300024 598136 599455 1118568 832546 1065257 642156 566599 545344 598787 165
300637 643832 299701 642469 643270 598498 845037 599752 642216 598587 642571
642309 176455 599557 599048 643264 599627 642845 642447 544973
643523 597933 641944 1118657 544803 544842 1118172 145034 176280 832481 176169
176320 643056 599044 598462 598837 641967 1118192 938902 642974 599525 301309 643505
642307 598853 299694 641806 599557 1064773 599845 598849 599158 545478 598655 642251 599627 597965
642124 1118559 832301 1118657 1118314 641856 1118350 1118271
642120 177853 598498 545529 597992 300037 598069 545424 300565 299775 642840 642847 599624 300277 299788
642123 1118567 642488 599982 643271 643196 599627 599570 643689 642017 776156 1118735 492
95240 145065 300044 643698 598136 1118657 598654 598787 165 1118344 1129141 1118671 545432
545093 545478 1118350 598261 641889 521200 971660 544842 545379 303884 303986 545157 545158 1137947 544878 544973
832706 1118230 176157 832654 598837 832546 1128009 641967 299459 599004
643931 1118230 599627 777098 177853 598498 598837 643531 183368 300321 642017 641946 643908 300275 1118706 643056 300319 598686 642469 599124 299576 832669
521724 599849 597938 599740 643937 301590 598261 522927 617819 599036 300121 642097 176274 641981 832654 641800 598400 140523 300354
643937 17459 2497 617819 42 522927 642099 2177 176274 145090 2165 598705 643056 599712 300151 521198
533848 599943 643738 643542 643083 1064949 598881 642742 598849 23682 832546 643946 642743 642845 598872 598417 642216
599943 642112 299701 643083 599752 599601 598881 642017 643194 643832 599627 642216 598700 644011
301171 599849 1064773 599627 300526 301172 301176 598261 1118678 599551 1118192 599031 642097 643161 643207 643205 642694 299576 140996 643615 598787
301172 599849 598069 642429 599866 599215 598462 300121 1118651 598223 598787 599624 301176
1118568 301017 300973 299337 301132 832546 844457 300442 598658 545347 545346 599387 598935 545009 300046 300162 300044 599455 300024 300328 643687 183368 597981 642764 643686 545482 598136 598936 299451 566599 642156 599525 300974 1065076 176432 300559 300045 599548 643751 299532 140949 300431 544874 643440 642694 618193 643698 304086 832669
1118272 643176 643056 1064681 832546 832823 643710 642473 598666 598417 832669
1118271 641835 545267 597933 599866 832930 184150 599847 641877 544902 642166 643597 304100 599783 300523 599215 544958 599216 1064681 183567 545384 183986 675802 641967 182819 182979 643140 598261 545180 598398 832272 643222 183479 832654 599699 642694 299576 544897 599426 832721 598660 176454 642429 598837 545159 599999 598947 140587 643505 598789 183790 642447 832481 642445 545432
641785 545177 642017 300277 545529 597992 642469 176308 545424 300565 598939 300037 1196242 299775 642847 642840 599624 951783 177853
599706 568142 642112 599601 642807 643429 299532 643196 642479 643961 598574 642469 1118130 642982 642571
300484 140869 299337 300974 832546 599627 599783 300381 492 300043 599721 599216 1118671 643689 776156 598398 642977 1118344 1129141 643832 299745 599617 643117 643751
160032 545478 545223 301590 598241 545048 598790 544842 599018 642097 641800 598400 300151
140656 1118230 599044 598462 598837 1128009 642974 599525 641945 599004
300565 176308 301013 300037 598498 545424 598939 299775 642847 951783 177853
183146 642482 183479 598654 599783 1118350 1118671 598398 1118344 299745 599617 183495 299868 299869 183149 183148
176250 153 643542 643543 642807 643429 643271 643961 642469 643371 643194 642982
597942 643831 597938 598456 299549 299348 598660 183148 644024
304097 598069 176295 177857 492 643999 950636 544908 544849 599693 950184 545469 599403 599402 1118705 545529 176438 598684 544813
545154 642918 545159 641996 1118559 950722 1118657 544801 486 951070 1118252 1118350 544803 492
951497 545303 545479 545477 545389 599647 598956 544902 545492 544962 644056 643086 303972 598298 176282 545372 304171 644054 545528 544790 544919 544896 643119 832669
1118157 642781 304103 545477 300523 545283 641882 621421 544903 544904 544905 545492 644056 642660 598298 599699 642019 545255 599938 544896 544897 675785 544834 643630 545078 599899 183049 544794 544790 832669
598136 153 95488 844404 832546 598993 598658 598935 299394 642922 300024 642156 643687 643686 643009 643268 642016 599056 566599 598661 176432 599652 599650 299532 545482 598787 844457
1118159 642108 598121 545180 598456 598587 545477 621422 643844 598956 545492 644056 832670 598298 599699 545255 545503 545372 544973 643630 545528 643119 544972 832669
599587 643221 545159 183936 184150 770707 1196191 832359 183986 675767 598808 641996 598140 832930
598787 301017 599849 300221 642482 599652 301132 599455 832546 598993 598658 300381 598935 300046 300045 95488 642922 300024 300328 1118192 643686 642099 642764 643268 642016 599215 769973 1065257 599056 643009 566599 642156 299576 599525 599387 598661 643687 598629 176432 300559 599548 1065076 300044 299532 599650 844404 300162 545482 598936 299869 643698 844457
1127444 643849 832654 599215 1064773 597938 832546 522927 599158 598785
545359 545314 1118522 598069 545310 950636 544919 545504 545503 675796 1118705 484695 545477 642839
599525 597938 304103 598414 521263 598498 598837 641967 642099 1118192 304105 521246 643660 521200 641946 176282 545379 938902 300277 643834 598462
1196193 544958 642108 832359 598300 832541 599825 598027 300526 299354 300830 300049 304171 182979 617851 642499 597923 832670 300525 544897 598701 599914 642877 643831 643630 642445 546062 832669 642447 832481 544972 183149 598961
545352 545261 1118314 949785 545102 545100 486 304103 300803 598140 492 300321 300804 643221 641944 951070 544834 641996 643056 545171
300153 642807 642479 845037 599601 643961 642982
304171 545310 545314 1058395 621652 598069 598456 642839 544962 545477 492
140881 300043 599783 599216 1118671 299337 299745 599617 300974 617986 643689 1118344 300381
544952 545312 971661 597933 950880 598939 642695 675796 544962 643917
643630 1118314 545479 598140 545389 599647 1058395 1118735 598956 544902 545492 544962 644056 644054 621652 776156 643086 598298 759 71 545372 598402 545528 770707 544919 544896 643119 832669
643738 642112 643430 1064949 1064859 598498 643196 643195 642469 598653 599627 642216 642743 642742 1118651 598872
299701 1118707 643832 643430 643542 598881 643271 153 23682 642469 599627 643946 599750 598700 599570 95404 599154 642216
544959 971661 545310 545314 971660 1118522 621652 598069 1118705 546062 623204 545503 544919 544962 950636 484695 545477 544836 642839 888313
544958 1118678 1118314 641996 832654 892868 770707 121 1118192 125 545492 1118520 759 492
545424 545312 1118705 545529 598069 598939 642840 599624 486 299787 951783 544849 492 177853
183148 598226 617851 183149 644024 183391
544795 971660 888313 546062 623204 545479 675796 643220 544876 487 971280
544794 949785 1118319 950683 1118252 492 183560 545384 621421 544903 545492 642660 183872 642011 599699 642019 176454 1118521 544790
641856 1118707 642017 599875 545159 641946 950722 598684 938902 1137947
544796 1058395 1118522 1118520 544790 950683 486 492 675785
544790 642781 950683 545477 492 544903 544904 544905 545492 598298 486 599899 1118520 1118522
599048 1118678 1058395 950880 621652 892868 598956 599627 832669 598655 642447 1118192 1118735 492
544813 545261 598069 598456 545479 176295 304062 299354 643917 492 545280 599647 301443 598939 544847 544849 545312 599693 545310 643220 643120 1118705 299897 545405 545469 642840 642539 545370 486 545372 599384 176169 599383 544836 545529 599402 176438 176308 598849 599659 600011 599403 643999 598684 545409
641996 1118314 1118252 598140 300523 545492 642660 642019 832301 544896 71 833140 544834 545078 599899 770707 183049
642499 1118567 643710 598701 599551 776156 642949 599627 832481 599225 832669
95781 300043 598398 642973 599216 299745 183479 599617 299868 299869 545432 675767 597981 643689 643751 300381 598654
1064859 642477 643832 598497 642471 599601 598653 599627 598666 642982 832669 642571
299337 642482 300974 545432 599783 777098 1118678 599216 597981 299852 598398 643161 545171 299868 299869 643751
1064773 521200 643615 599215 643207 642099 844404 598655 1129141 2500
643597 776156 544972 597923 642445 617986 121 643176 599627 599825 642447 643689 599628
545102 300804 598398 545267 545171 641946 770707 950722 545100 1118290 545159 643221 643660 176454
1118657 301139 642246 599866 599624 641877 832721 832546 299549 598300 598223 303889 304100 544973 183790 599238 300049 1064681 643844 641889 183986 598790 522927 641967 642099 183366 299291 183391 643140 599873 597923 832272 598261 832670 182819 832654 643615 832301 641944 641800 301009 176280 599426 599938 598660 642097 176169 832872 545157 643001 642447 599999 599712 598686 598947 643505 598789 545159 598655 599740 642445 544972 832930
545100 598398 545267 971660 641946 545171 770707 950722 643221 938857 545159 304103 544907 598788 643660 598414
1118651 643270 643196 832546 642845 599712 642982 642115 299451 599150 598661 568142 643429 598849 643195 643371 300013
1118650 642653 599849 641882 599847 599712 832546 598823 643710 599004
177857 300277 301139 598069 642840 599403 598684 642539 545370 300526 544849 643999
301590 145090 641944 299397 832546 1137947 521200 641981 641877 598414
177853 301013 598069 299775 642840 642847 304062 598939 643531 299788 299787 300277 597992 300319 176308 300037
599238 545160 599866 832654 1118559 641800 642503 544897 486 183366 492
598618 599877 545170 598400 1118587 598462 145243 1137947 1118344 642947 544973
1118559 301139 599866 643336 642166 599740 598223 598261 599034 300121 675802 544801 182979 832272 832670 832654 832301 300525 599426 301309 598660 176305 643615 598947 545159 183790 832930
938857 642818 304105 545379 599034 643505 598414 300526
544924 145034 545267 1064740 544847 545261 1137947 598223 599035 545160
183113 182819 183936 184150 642019 1118192 1118314 1118252
182979 642429 183936 183986 1118641 598808 642166
617851 971661 832670 183936 770707 184025 183149 644024
644036 1118706 599877 300973 642947 42 599711 832546 301009 300431 599014 777098 598400 521198
643161 153 642246 832546 545344 545347 545346 598935 643686 599150 71 140949 544874 643440 304086 300442
621650 545180 1118314 545409 1118520 621422 544919 544896 832481 1118252 598140 492 1118290
643205 599849 1118678 176504 599551 599999 153 643961 643207 599225 617986 599627 642949
642742 642112 1064949 759 598700 644011 643194 599627 642743 25814 598872 599154 95404
299897 599721 1118678 599031 598655 544849 832669 598632
176282 971661 971660 545158 598462 545157 641946 544847 545261 1137947 598788 304100 145034 2246 300526 938902
176280 770707 641944 599034 299459 304105 183149
951070 544834 643140 642011 599090 545384 545255 599938 300804 545492 644056 642660
950722 642918 545267 642818 832654 545385 299549 641944 183986 598789 183366 598660 176169
568142 598498 1118706 599601 299423 176504 643371 300013 1118198
545177 545312 300277 545529 598939 642847 71 599403 951783 299788
643689 641835 642482 300974 545432 300043 140869 845115 599216 1118671 599661 598398 832546 299745 599617 299869 617986 642447
545170 597933 545478 599435 545472 545223 544842 544962 544803 971661 971660 621114 544908 545157 545158 546062 623204 1137947
545078 599090 598298 599699 621421 544903 950683 1118319 599136 675785 644056
642469 153 599712 643194 642477 1118678 598497 599601 598498 642479 599158 1118192 599150 599154 642216 642017 598661 1118707 832546 643832 642471 598881 643429 643196 642982 643371 300013 1118198 25814
1196242 176432 642922 598993 642840 599629 643698
643117 642477 300043 598398 1118671 299745 599617 832546 643593 545432 492 642571
643440 769973 153 643686 300328 643687 740420 544874 140949 545346 304086 300442
643119 1058395 643122 621652 545303 1118136 544992 544919
1065076 300044 599455 301132 300024 643686 599839 165 832721 643660
23682 642112 643083 599752 599601 598881 642017 643194 643832 642216 598700 644011
832930 832546 599740 599783 1118350 300523 833140 300121 183366 599877 832654 125 599426 642918 770707 299549 140587 1118314 643751
1118230 643056 832654 641877 299348 832721 300275 301309 599004 299489
301139 599693 598069 597992 643999 642539 598939 642847 598684 544849 599383
642246 642429 176305 832654 599866 599426 599712 675802 598300 598223 740420
598223 832272 545159 597938 1118641 1118350
301132 642764 300162 832546 300431 643686 642694 545346 304086
642166 599304 599999 832301 544801 1118641 599866 598808 544803
599740 300049 832272 832654 599215 597938 2497 641877 1118641
300442 301017 642764 300162 832546 300328 643687 545344 545347 545346 643686 304086 300046
300525 892868 770707 1118641 544908 599914 300526 642877 832481 300336
300526 598069 598414 598956 950636 598837 643660 545379 1118641 971271 642877 1118705 598462 598684 643505 832481 300336
599629 599849 599627 300836 598587 492 1118678 1118735 598956 1118192 644054 643086 597923 759 643908 643832 599999 598823
777098 643946 599628 599982 300045 299423 599551 832823 598380 598350 643710 642289 643196 599711 599659 617986 832669 598780
300523 1118252 770707 545384 544897 1118314 832654
598261 597933 950880 599999 832721 598655 299291 300275 641889 304105 642947 300049 1118677 545048 643579 300121 544902 521200 176274 299489 599877 641800 301009 1118678 643908 938902 599426 598400 642097 643615 521263 598462 599712 599711 598686 299348 642694 300354 545493
599783 301017 183864 642482 183479 300974 641835 598654 1118350 300043 599304 599216 642099 597981 299852 299348 299745 599617 299868 299869 617986 832872 643751 1118671 545432
599982 1118567 643710 1118678 598498 770707 776156 1118192 832669 598701 832541 153 598027 1118735
644054 1058395 299694 598587 545303 832546 643086 643908 125 643593 486 299423
301443 545310 950636 643999 598069 642839 1118705 623204 600011 545469 26426 492
299291 1118620 599877 145065 643615 299397 641944 641877 301009 521200 641981 125 1137947
845037 642477 642807 643271 643832 642479 643961 832546 598872 642982 642571
599158 599849 643176 599627 598632 642947 304105 643430 521263 176155 1118198 642115 643082 643832 598574 642694 599384 599215 599383 1118706 1118705 300017 598655 1118735
598837 598462 832721 617819 183986 675802 641967 1118192 643660 2500 641945 598705 642694 642974 599839 301309 2499 643056 599044 643615 770707 545171 643505 599004
599014 1118706 642017 642115 642471 598123 598400 599712 832546 598653 641967 598655 300017 1118192 598417
521200 183864 832654 597938 599296 300121 642694 641889 832872 300049 598655
599018 641882 598121 1118677 642949 599845 832546 1118136 598823 642099 642947 642889
599150 1118707 71 598498 832546 1118130 125 643531 599627 1118198 598686 153 644011
642764 832546 545346 769973 642156 643686 300431 598628 598629 642694 545482 598785 304086
599154 642112 598881 643271 643832 643946 643196 642216 598700 598872
642889 599849 599999 599845 599627 599825 598853 176159 1118735 1118677 2500 300275 643615 770707 598849 599711 832669
545312 545310 176308 545529 598069 598939 950636 642847 545479 304062 599403 599402 300277
971660 597933 545186 545472 545223 545493 544907 544801 544803 544919 598788 545503 599304 599718 642503 545157 545158 544876 303889 303884 544976
545310 304062 299354 545477 545389 1058395 598939 950636 544962 545314 621652 545503 300277 1118705 176308 600011
642016 599650 641806 642922 599387
642011 176454 121 1118319 1118521 599699 545255 599256 545492 599260 492
544919 598069 545147 544962 971661 599403 888313 546062 623204 675796 484695
545314 1058395 545147 950184 600011 545504 545503 544992 545479 304062
641806 95488 598993 642694 643009 832669 618193 598655 642922 1118735
1118587 300803 599718 598414 832546 598788 618193 183391
642019 1118314 1196191 599699 598140 621422 544896 544897 545492 1118252
950184 599693 545261 300047 598069 544809 544962 544847 545469 545479 304062 544908 832481 545372
184025 183872 950880 183149 599999 643844 598226 544973 642877 300830 183391
641800 1118620 832272 643336 599999 641944 675802 1118192
301009 597933 598123 598462 832546 300049 299397 643579 599877 641944 125 641981 545171 643615 599999 598686 1137947 300017 300354
545504 545301 1118705 545307 598069 545503 544992 484695 545477 544836 642839
545503 598069 545477 545389 545147 598956 950636 544962 971661 621652 642839 1118705 888313 1118522 546062 623204 484695
544992 643122 598121 545479 1118136 675796
71 598380 598456 642847 599624 598490 545048 641967 544962 599938 299788 299787 545529 299775 642503 598780
599403 300037 545529 950636 599402 599624 26426 544849
599402 599647 545409 303972 544836 950636 26426 545372 544849
145034 599873 1064740 545158 545157 598241 599035 545496
598400 145090 598686 598123 1137947 643082 642947 641849
598402 643140 643221 643220 832359 546062 832541 599825 598027 544972 183149 832669
545379 545261 545472 304103 545470 492 544847 521246 643221 641946 303986 545157 545171 598462 545158 643505 598788
844457 598628 598935 545009 599652 599650 95488 598936 299394 1118511 642922 643698
299745 642482 183479 598654 642262 300043 599216 599661 617986 599304 598398 299869 832872 545432
643946 599627 643194 599601 642216 598872 1118198 599752 599750 1118707 598881
176504 599628 17459 832546 599627 844404 642447 599387 598417 599383
300336 598350 599873 1118705 598490 598069 42 299397 140523 598684 599627 598956 642877 832669 641981
832669 598655 642947 492 598490 1058395 598956 643660 598701 1118567 598462 25814 643651 544972 598780 950880 599627 599825 598027 598587 599628 643849 1118678 950636 643222 26426 1118263 1118707 642445 598961 545180 643593 300836 776156 832272 832670 641946 1118641 1118130 642977 832546 300047 642488 598380 598300 598632 642471 1118735 832823 544907 544908 300321 621652 971661 598574 599752 599750 486 599998 740420 301588
545301 545280 545307 643122 643120 545186 675796 484695
599849 299423 599999 599839 599845 832721 598653 598655 599825 301176 304105 643849 140996 1118678 641882 300045 599664 1118677 641981 599036 1118192 599215 832272 643207 832654 642099 599056 598853 642695 642694 599426 1118170 300275 642877 599304 140523 643832 643834 599548 176305 522927 770707 300121 643615 599627 598785 2500 617819 598632
140869 300043 642482 1118671 599617 599216 1118344
599847 643831 1118678 17459 598808 598705 545432 675767 599839 599825 776166 1118735
599845 642262 1118677 598121 545303 832546 599825 599056 599557 545385 599296 599935 1064740 597965 642653 642819 299694 643615 598462 2500
599455 300221 545344 598658 598935 300046 299394 642156 769973 1129141 598661 643698 1065257
598653 832546 1118678 642471 521263 642099 598872 1118192 642017 1118130 598666 643832 643542
1118511 301017 598629 176432 300559 599548 598993 95488 642922 832546 1065257 566599 643009
598655 1118735 950880 832546 599627 643917 304105 642471 642947 176155 642099 140442 1118192 776156 643082 643264 1118678 598666 643832 599999 643195 642694 300017 642447 598785 598632
598654 642482 300974 545432 1118671 1118344 599304 183495 299868 299869 832872 643751
599570 1118707 643832 545283 642471 598498 643196 832546 1118130 642216 643961 153 642289
598658 1118706 300045 299532 300973 300431 165 643698 598661
183986 1118521 770707 121 599256 599260 1118350 776166
642947 598123 832546 642949 599627 598632 1118706 300017 643908 598686 599124 521198
545223 599877 545157 545048 643579 623204 145090 303884 971280 888313
545389 545409 621652 598939 545370 1118705 484695 832481
598490 1118567 642445 140523 643844 599627 598350 544973 544972 1118263
598497 642017 642471 599601 598498 642479 832546 300013 599627 1118678 643961 1118198 642571
1058395 545180 545186 545479 643593 304103 546062 545477 599721 544902 544903 544905 545492 544962 644056 643086 598298 599699 545255 643908 599136 545372 832481 545528 544907 544973
617819 845115 643615 42 299397 2497 641945 599036 642973 641981
598498 153 643270 643271 642840 599627 642477 644011 545283 642471 642807 299423 643531 832823 140442 642982 599750 125 598661 832546 599752 300319 176308 643196 643195 643961 643371 300013 1118198 599601
545385 599935 642819 598241 643336 621114 599296 145243 546062 971280
545384 642429 1118319 545180 599699 184139 544897 599256 599260
300973 598628 1118706 300045 643698 300431 165 1129141 598661
544847 545261 597933 643917 599035 544907 544849 643220 176169 1118705 545157 545158 598789 176438
641967 153 776166 300049 599664 642099 1118641 599914 301309 643056
1118192 643176 832359 832721 832546 598632 832541 300836 641882 599216 599557 1064681 599664 522927 643593 643001 643140 643086 643221 642115 832272 643222 832670 599721 642099 183790 598027 599839 642473 184139 599215 599383 643831 643832 643834 642289 176305 643651 598462 183495 644024 599627 183149 598961
598785 1065257 1137947 304105 598456 642695 642694 599435 599877
544842 545157 145243 641849 303884 492 1137947
544962 545479 304062 545477 492 545147 544908 971661 621652 484695 642839 544836 545529 545409 1118522 770707 623204 832481
2246 643999 643220 599718 545479 176169 544907 544803 545230 598781
544849 598069 545370 176295 299354 299787 95404 545280 599647 642539 599661 950636 599384 643120 1118705 545469 545372 300277 599383 544836 545529 545405 599659
643660 545261 832721 304103 300830 183567 643221 121 642818 545171 598462 643505
1118198 642017 642471 599601 641946 832546 176308 832541 642473
599304 1118671 770707 544801 486 1118344 776156 1118350 299852
599935 642653 643336 599215 770707 599296 642819
643086 545303 832546 643593 300836 598587 492 1118678 641882 176159 299423 643844 486 299694 600011
643083 1118707 643082 599750 599124 25814 599627 95404
1064740 545261 643917 544809 598241 598790 599035 643220 1118137 938902 487 176169 1118705 599718 770707 643505 832481
643122 545303 545307 545186 1118136 675796
598298 1118520 1118319 642781 950683 544904 544905 545492 644056 675785 599699 599260 545528 1118521 770707
643120 176455 545307 598849 598853 643264 642447 545280 599557 599383
598069 301013 597938 832546 299775 545479 176295 304062 300275 643999 642539 598939 950636 643531 545493 544907 299354 599693 643220 832272 621114 545405 544836 545370 26426 300277 176169 599383 1118705 545529 599718 176438 176308 545469 598686 300037 600011 599124 832481 299788 598684
599938 643140 769973 949785 1118735 770707 621421 492 644056 544972 643001 153
299451 598628 769973 599875 299532 300328 598027 545347 1118706
121 1064681 599627 183560 183567 642660 832272 832654 544896 545171 545159 599998 643505 832481
125 643849 597923 545159 832654 300121 675802 140587 832359 832481 2499 833140
599839 832721 1118678 599664 599914 599652 642429 643615 599999
299459 176157 597938 641945 1128009 299348 642974 299489
832721 301017 770707 832546 1118678 1128009 642974 599999 545171 598462 643505
642839 176308 770707 598939 950636 600011 304062 26426 832481 300277 599624 299354
1118567 643176 140523 598027 598587 599628 599721 599551 597923 643222 545283 642977 598666 598350 643710 643651
642781 1118314 1118520 770707 1196191 545255 621422 544905 599699 1118252
299788 300277 301013 598939 299775 642840 642847 599624 951783 597992
176432 95488 598993 598935 545009 642922 769973 599056 165 598628 598629 599652 643698
642429 642115 182819 770707 832272 301176
299694 545303 176159 598121 598781 597965 599627 642845 1118170 598587 643001 621652
176438 1118705 598849 642251 599124 486 176295 599627 643917
545171 1118314 597933 598462 299549 304103 304100 300803 598414 641981 300804 643221 545261 832654 641944 176169 642445 643056 642818 598398 545157 770707 183495 545478 598789 598788 183391
643082 599627 643430 643264 643195 1118397 599752 599124 598632 599750
546062 492 892868 544907 544803 621114 621652 599718 642503 770707 623204 484695 544976
300013 642471 599601 832546 642216 599627
545482 598628 153 599652 599650 95488 643698 642922
598789 545267 598462 1118137 486 1118350
300017 598123 832546 599627 642845 643430 845115 598417 599877 643264 176455 599659
300151 642017 42 597938 522927 299348 521198
484695 545147 598956 950636 621652 545370 1118705 888313 545409 1118522 623204 675796
641981 971271 675802 599034 304105 1118678 522580 299397 544902 641849 2500 643221 597921 2499 140523 643615 599999 599712 2497 544876
183149 598226 184139 300830 1118678 183567 770707 183495 598947 183391 183790
140949 769973 153 544874 740420 545346
598781 598121 597965 1118136 1118170 299787
598780 1118319 176155 770707 621421 643176 301588 598666 1118263
643961 642112 642471 643543 599601 642479 832546 643542
598666 643270 598380 832546 642845 598417 1118735 832823 643832 599627
675767 598398 833140 642482 183479 599216 641835 598808 599260 492
599661 300043 643751 599617 300974 643579 642482 617986 599627 545432 642447 1118671
643336 642653 892868 599296 675802 643831 642819 1118350 2499
598226 643140 545159 1064681 643844 598686 1118678 183790 832546 598660 176169
599627 642949 599601 598700 598350 643710 300321 300319 598462 643651 544972 844404 832541 599628 1118678 643430 598417 299397 643222 643908 140523 598849 599659 598686 599124 642447 598123 300836 598853 642743 599225 301588 599384 599387 599383 832546 770707 643195 643194 617986 598823 832481 642488 643176 642845 598632 598027 598587 140996 642473 642471 599557 1118735 599551 643207 832823 544907 140442 300043 642251 597965 599752 599750 545283 643832 598881 176159 598961 740420 642977
599624 598456 642847 598956 950636 643531 544908 832272 642695 299787 300277 642877 1118705 597992 299775 642840
598587 1118735 642108 643593 300836 1118678 641882 176159 892868 643844 643908 643651 642977
599628 643430 643222 1118735 643195 844404 643651 598027
2165 131789 599216 17459 2497 599036 642973 1128009 599004 599044
597923 776156 892868 642447 544972 598961
643849 1118620 938902 598462 643505 971271 598632 486 1137947 304103 492
599056 599652 95488 642922 832546 598993 165 740420 643698 300381
599750 95404 140996 642216 599752 545283 598881 643194
598993 598935 545009 642471 643268 769973 566599 165 599652 643698
1118350 545267 641877 299549 304100 176157 641889 599036 183366 832272 832654 832301 598660 176169 545157 643615 183495 598947 545159 183790 300049 545432
95488 300221 598935 545009 300024 642922 769973 165 599652 643698
643844 950880 598121 544973 643001 1118735
299394 598628 598935 545009 521263 165 598936 1129141
599296 642653 299423 599031 642819
522927 2499 521263 42 832654 599999 641877 675802 642099 2177 521198
643531 1118706 642017 597992 599712 832546 492
492 545477 599721 598956 621421 600011 643651 642845 545492 644056 643220 832654 832301 599718 599899 545267 642108 545186 545185 545432 304062 304103 833140 183567 544801 599136 832272 301588 642877 642660 544834 544836 832481 599866 299354 599090 544903 544904 544905 300804 545469 176454 545157 545159 599999
598872 642112 643542 643543 643832 598700 643194 643271 95404
521246 300803 643615 832546 183368 304103 642097 598414 2500
832654 641877 598790 642099 1118172 598660 2499 544878 832546 1118678 176157 545493 643221 832301 642918 176305 599711 644024 1118314 545267 599435 304105 833140 892868 675802 183368 183366 832272 1118137 971271 176169 303889 300354 599866 184139 545160 599664 183872 599914 545157 545158 545159 599999 1137947
299852 641835 598398 599216 183479 770707 599617 545432 643751
642112 643543 598881 598700 643271 832546 643194 642479 1118707 642982
642115 1118706 642017 521263 599215 599712 599711
597921 145065 597933 299397 597965 544809 599034 145090 522580 641849
303972 545409 621652 598939 545479 545370 545372 599647
183936 545159 832301 183049 183391
832301 832546 1118252 176155 486 545160 140587
597981 599216 1118671 1118678 545432
643908 1118706 545303 621652 599711 1118136 521198 599036
938902 597933 597938 832546 545478 304103 545470 304105 183567 643207 599034 598414 183368 300803 599877 641944 642694 300275 301309 176169 183366 643056 642818 598462 545472 183391 300354
304103 1118314 545478 598414 304105 599877 641946 486 1118620
300275 643615 1118677 42 599711
299787 545280 299775 598686 950636 642840 642847 300277 599383
300277 301013 642840 642847 299354 300047 598939 599693 951783 176308
832481 892868 1118314 832546 642840 1118290 304062 299354 643917 1118678 300047 642539 598939 26426 950636 832272 621652 486 642877 1118520 770707 300037 598684 642977
1118263 642488 643176 598380 832546 598300 599721 176155 598956 832823 544972 301588 598350 599659 642445 598961
303986 545267 888313 545157 623204 545158 303889 304100 303884 1137947
599652 545009 300044 642922 300024 643686 643268 566599 599650 599999 740420 643698
599650 598935 642922 643009 844404 165 643698
599718 971661 544803 545405 950880 623204 1137947 544907 544801 545158 545230 888313
599712 1118706 598123 599999 832546 25814 598686
599711 599999 2500 1118677 598823 643615 642099 299489 598121 521198 599877
599659 950880 643264 1118397 642845 599384 544973 599383
545147 1118522 675796
599124 597933 145090 1118706 521198
544896 1118520 621422 184139 1118314 598140
304086 300046 300162 300044 643687 545347 545346 643686
544897 545180 184139 1118314 598140 776166 598956 599136 759 599998
545261 545267 597933 643917 950636 545496 544907 599873 544809 176169 545159 545157
545267 597933 545478 304100 776166 545160 598241 545496 599035 183366 2177 598788 641944 176169 545158 545159 545157 770707 544876 303889 544878
598123 598417 599877 845115 42 643264 598686 521198
598121 1118735 643593 301176 641882 176159 299423 643001 1118170 486 597992 598823
184150 833140 599090 182819 183560 1196191 1118314 1118252
545186 176455 888313 545307 770707 545185 623204 621652 544803 759 545230
545185 971661 888313 545307 545280 950880 770707 623204 1137947 165 740420 971280 545230
598456 1118705 545529 623204 621652 598790 950636 642695 299775 545469 544908 597992
545432 642262 642482 300974 1118678 599216 643579 950880 598398 183479 599999 770707 599617 643751
304062 642840 545477 950636 544907 971661 545469 1118705 770707 623204
300836 1118678 1118735 770707 599825 643593
545344 153 300221 545347 545346 769973 545009 300162 643687 643686 598935 300559 1065257 544874 618193 740420
304100 776166 545496 971661 1118137 545158 545159 545157 770707 623204 544976
545346 740420 300046 300162 643687 545347 643686
300830 183872 183567 183391 544973
304105 145065 597933 522580 641944 300354
598790 544809 642695 644024 1137947 598660 299549 544976
522580 145065 299397 145243 641944 2177
300024 300046 300162 300431 643009 642922 643698
643999 1118705 892868 598956 950636 642840 299354 759
1064681 832670 770707 832359 1118641 599825
183567 1118678 183391 643505
621421 1118314 644056 1118520 770707 621422 545492 599136 1118252 598140
1118397 598853 140996 545283 300319 598849 599752 844404
544809 597933 643917 544902 599035 183368 642503 598462
183368 1118706 740420 832272 598462 1118137 971271 486 1118620 1137947
643593 642108 598956 621652
544801 545160 597933 1118520 770707 643220 544907 545157 486 544803
544803 597933 544907 545230 545157 642503 545158
183366 1118137 544878 183391
599873 971661 597933 623204 599034 545496 599435 145243 599035 176169
300559 598628 769973 598936 566599 643687 300221
598398 642482 183479 300974 641835 599216 950880 642099 598808 617986 770707 599617 183495 299869 832872 643751
599877 145065 597933 599999 832546 641889 545048 643579 598788 770707 1137947 832872 544973
832272 597933 597938 832546 545478 599435 1118678 599664 642099 642097 176274 832670 1118641 1118172 770707
140523 643615 299397
642973 131789 1128009 599004
599225 642017 599387 598380 599551 642949 832823 140442
1118137 597933 599435 545160 545157 544976
1118130 642473 25814 300319 643196 140442
301588 598956 598380 176155 598574 642977 642445
642974 17459 641945 598705 599004 599044
971271 176454 642818 545478 176169
599384 545280 176455 487 642447 599557 599383
165 642922 642156 643268 566599 300431 598629 599548 618193
599387 599551 642949 617986 832823
642877 599825 950636 1118641 544908 300047
300037 1118705 642840 598939 950636 1118136 642847 545479 26426 597992
176169 597933 598241 545496 598684 1137947
599383 545280 599557 641889 950636 176455 598849 642447
598628 301017 300046 300162 642922 642156 643687 598629 544874
598629 769973 643687 740420 643698
888313 545472 544907 621114 545230 642503 544876 303884
643056 1128009 641945 599044 598462 643505
599548 770707 300044 42 740420 643698 521198
642503 597933 621114 623204 544907 545472 971280 544976
1118522 545477 544903 544904 544905 544907 176454 545528 599899
1118521 544903 599256 545492 599260
1118520 545180 545479 545477 599090 544903 544904 544905 644056 599699 545255 599136 176454 545528 599899
643196 1118707 599601 598881 643429 642216 643194
643195 643430 599752 642845 598417
643194 643430 599601 642743 642982 599752 1118707 643832 598881
617986 641835 300974 300381 300043 845115 599216 1118671 599551 832546 599617 643751
675796 545307 545479 599647 598956 544907 1118705 544836 545409 545405 600011
643698 301017 844404 300221 300381 598935 300046 300162 300044 642922 642156 643009 643686 643268 769973 566599 300431 598936 598661 1065257
300354 597933 641877 599036 599035
643751 301017 845115 599216 300974 599617
643429 643832 642471 643543 599601 642479 832546 642982
598632 176155 642694 642447 521263
642488 1118735 643176 1118678 598574 832546
643176 643430 1118735 598853 598300 598574 642447
642482 300381 599216 1118671 1118344 599617 183495 299868 299869 300974
643270 643271 642289 643543 642216 598700
643271 643542 643543 644011 25814 598700 642216
183049 833140 182819 183560 770707 1196191 1118290 1118314 598140
598300 642445 17459 599664 1118641 544972 1118735 598961
176295 1118705 545405 950636 487
950683 545477 599090 544903 544904 545492 599136 544905 599699 545255 644056 599260 176454 545528 599899
299354 599693 544836 544908 486 598939
25814 1118707 642471 643543 599601 642807 642479 832546 153
642477 642017 845115 599601 642479 832546
598935 300221 545009 642922 643009 618193 1065257
598936 832546 643009 300221 618193 643687 1129141
545009 643009 642922
642473 1118678 599866 1118735 17459 642017 832546 153
545160 145065 597933 544902 544876 599035 621652
642471 832546 1118678 599601 642479 642743 300321 642982 642571 642017 1118707 643832 1064949
599090 598350 1118319 770707 599998 545255 1118252 675785 599699
642807 642479 832546 599601 642982
299423 1118706 641882 1118677 832546 1118136 598823 153
598939 301013 642840 950636 951783 545529 770707
642479 599601 598574 643542 643543 642982
643579 1118671 599617 641944 545048 145090 598788 618193 832872 303884
300121 642099 599426
832823 598380 599551 832546 140442
145065 597965 641849
183790 1118678 599664 770707 1118641 599914 184139 776166
951783 545529 299775 642847 300047
642571 643832 599601 642017 832546 759
1065257 832546 566599 1129141
769973 300221 832546 642922 300328 643009 643686 618193 299576 544874
1196191 832359 184139 832541 598027 598140 599216 183560 642660 643221 598701 599998 643505 598808
642251 598853 1118705 545405 598849 599031 487 597965
597965 1118136 641849 598823
598574 599721 176155 770707 832546 1118678 832541 599825 832359 642445 1118735
599752 642845 140996 545283 643430
300431 1118706 300044 643686 1129141 598661
642653 642819 643220 598241 642017 642099
643831 1118678 643834 892868 299549 598660
643832 642845 832546 642216 1118706 598881 643615 2500
643834 17459 599664 1118641 599825 599914 153
597992 301013 642847 642840 598823
1064949 642216 642743
599999 599866 641877 832546 1118678 675802 599034 642097 643140 183872 643207 299576 599426 176305 643615 300049
599998 545180 1118314 599699 545255 832546 776166
643371 642017 1118678 598661 832546 642982
644024 299549
598808 183479 832359 184139 776166 643001 182819 643710 770707
740420 832546 545347 300381 300046 300044 643687 599875 544874
599004 597938 131789 642099 299348 176157 301309 641945
599557 545280 598853 176455 598849 1118678 642447
301017 300044 1118671 300221 545347 300381
545303 176159 621652
599664 1118678 1118735 597938 1118641 599825
301013 176308 299775 642840 642847
545307 545280 599647 176455
949785 544834 600011 300804 544905 599136 642660 545283 176454
599551 598380 642949 643651 140442
641877 299397 300049
832359 776156 643221 770707 598701 832541 599825
300974 832546 300043 845115 599216 599617 299869
299775 642840 642847 642695
545479 599647 950636 545493 544907 544836 621652 545370 1118705 545409 545469
641835 183479 599617 599216 1128009 641882
1118290 176454 182819 641946 545159
300221 643009 642922
545472 621114 1137947 641944 545478 599435 145243 623204 545470
545470 621114 545157 545478 1137947
598417 643430 845115 832546 642845
300381 300043 599216 299869
598414 598462 545478 300803 300049 643221 641946 770707 643505 598788
641882 643615 17459 176159 598823 832541 1118678
845115 300043 599617 832546
599721 598956 1118678 176155 486 642977 598701 832541 1118735
1129141 299532 642695 618193
832541 1118735 599825 1118678 892868 643001 776156 643222 598701 1118170 770707
544902 597933 299397 675802 545493 621652 145090 2499 1137947
641889 545280 1118678 521263 950880 770707 832546 544973
598661 300045
621422 1118314 621652 599699 770707 1118252
642156 299532 643687
642099 17459 832546 599435 1118678 599215 642097 643268 643207 642289 599044 299348
832872 950880 183479 832546 599216 1118671 776156 486 1118344 770707 598823
642097 2499 521263 675802
544905 1118314 1118252 544904 644056 599699 486 599899
598350 1118735 770707 545255 832546
545180 621652 770707 598956 599136 776166
182819 183495
621652 545477 599647 544907 598701 545370 545372 770707 623204 776156 545409
598705 17459 299397 641945 599036
598701 153 770707 598027 598961 642977
598700 643543 598881 644011 642216
1118170 643001 301176 598823
301309 598462 599044 1128009 643505 299489
599260 183872 599699 544903 599256 644056 675785 176454
598660 770707 598947 299549 776166
545230 971661 597933 545158 621114 623204 544907
2499 597938 641944 599035 2497
643710 1118735 176305 598380 140442
300321 1118706 300319 641944 521198
545409 599647 545469 545370 545372
300319 1118707 1118706 642017 1118735
545405 1118705
598462 832546 643917 599216 892868 300804 300803 643207 1118678 176274 642818 643615
183495 183479 1118678 1118671 770707 599617 299868
600011 950636 1118705 623204 545469 26426 544836
544874 153 599875 545347
183391 950880 486
544876 597933 621114 623204 544878 545158 544976 544907 487 971280
544878 597933 1137947 545493 303889 487 303884 544976
643651 1118678 643222 776156 642977
544973 598947 642445 642447
544972 1118735 892868 1118641 1118172 598961 642447
544976 597933 545157 621114 971280
971661 642108 545496 544907 832670 544836 545157 598788
176155 599825
643268
950880 832546
598961 1118735 770707 1118641 598027 642447
599435 641944 545478 1118641
183479 599216 770707 599617
642017 95404 644011 1118678 176159 599601 140442 642289
832546 599601 1118172 599825 598027 643430 300162 1118706 642289 833140 642216 642982 776156 832670 1118136 598823 153 599866 300044 300049 1118735 300043 300803 486 1118620 643543 299532 521198
642840 642847 950636 1118705 545529
183872 1118678 833140 599866 599035 299489
566599 300044
2497 131789 299397 675802
642845
599825 642108 301176 643001 176305 770707 598823 642977
300803 643221 770707 641946 643505 598788 1118620
545478 597933 145243 641849 641944 1118620 545157 1137947
545347 300046 643686 643687
95404 599601 642216
545280 1118705 642447
299576 599875 521263 770707
1118678 599215 599866 598027 299397 598956 176159 545492 643001 643221 300804 832670 643207 599914 599256 642289
643430 1118735 643264 545283
300162 643686
176159 598853 1118706 598823
599216 770707 299869 599617
176157 1128009
1118671 642262 300043 183864 299869
599215 642262 521263 643207 642694 1118706
1118677
598947 599866 299397
642922 300044 643009
598881 599601 642216
950636 300047 642539 598956 599693 545469 545370 544836 545529 176308 598684
545496 597933 545157 598788 623204 544907
643009
2177 642918 598241 597938 599035
545493 1118314 597933 1118319 1118252 486 1118705 770707
545492 1118319 1118252 1118735 544903 644056 642660 599699 675785 176454 545528 770707
644056 1118314 1118319 1118252 545477 544903 544904 675785 599699 545528 544834 599899 770707
776166 545159 599699
643001
545477 599699 486 770707
598853 844404 643207 643264 176455 643615 598849 642447 2500 521198
643221 1118314 300804 642818 770707 643505 598788
643220 1118705 598241 599031
643222 1118735 770707 776156
301176 17459 1118705 1118172
643207 521263 140996
642695 642694
642694 521263 642918 618193
545255 1118735 1118319 1118252 892868 599699 176454 770707
26426 300047 642539 598684
1118707 599601 140442 642982 599875 176308
1118706 300045
1118705 643917 300047 642539 599693 545469 545370 544836 176308
131789 599036
642289
176305 599866 1118641 599426
599044 17459
599899 599699 486 675785 1118252
176308
598849 176455 140996
598686 42 641944 599034
299869 1118344 599617 299868
598684 642539 544908
643505 642818
599601 642216 642982 643542
642447 1118735 643264 176455 770707
642445 770707
300804 770707 176454 1118314 642660
545469 642539 544908 599693 545370 545372 544836
183560 833140 770707 1118314 1118252 598140
642262 183864 599617 597938
597933 598241 641849 145090 770707 545158 303889 303884
642108 759 770707 1118641
1118319 599256 599136 599699 176454 544834
17459 599036 643140 641945
597938 521263 675802 2500 643264 641944 1118641 599426 599914 643615 299348
145243 641849 303884
486 833140 544903 642918 176454 642818 545157
1118252 598140 833140 599699 544834
643917 598956 544907 599693 599031 641944
618193 153
599647 545370 545372
1118344
833140 1118314 770707
598241 971280 642819 487
892868 299549 599256 544907 832670
675802 599035 641944
599036 299348
599034 599035
599035 770707 1137947
642216 642743
642743
599031 487
599136 1118314 599699 675785
642660 544834 1118314
176274 1118641
299489 643615 1128009 521198
776156 598027
1118172 299549 545159
598823
759
641946 642818
641944 300049 545158 545159 770707 521198
641945 300047
1128009 299348
598956 300047 1118735 1118641 642977
599426 599866 1118641 153
545370 599693 545372
642819 623204 1118641 971280
545372
641849 145090 303884
544834 1118314 598140
544836 545529
545529 642847 599693
545528 599699 675785
643615 183864 299348 770707 300049
643543 643542 644011
770707 598788 598027 545048 642918 832670 599256 598140 300049 544903 544907 643140 599699 300047 184139 545158 545159
642982
140587 299397
1118314 598140 599699 675785 176454
303889
303884 623204 545157 545048 545158 1137947 621114
971280
1118735 598027 140996 545283
642847
153 599875
844404 642949
183864 599617
599866 300049
642949
598380
642918 545159
545048 145090
299549
599256 544903
299397 42 300049 521198
598027
598140 599699
300043 599617
140996 545283
644011 643542
300047
300046 300044 643686
300045 299532
300044
599617
300049
599875 300328
42
621114 623204 545158 544907
832670 623204 1118641
300328
544903 675785 599699
544904 599699 675785
643686 643687
544907 545157 623204
544908 545157 642539 623204
675785 599699
140442
2500
643140
599693
642539
599699 545283
643264
145090
545283
299348
487
599914 1118641
184139
299868
643687
521263
176455
176454
1118620 642818
642818
643542
545157 545158 623204 1137947 598788
545158 1137947 598788
545159
299532
1118136
623204
1118641
1137947 598788
598788
521198
642977
