183710 1118668 618371 1118219 833140 770707 1118290 183827 183113 375954 643385 833138
599849 599999 832721 599627 599825 598438 599629 1118678 641882 182795 599664 642099 177896 1118192 832272 832654 599631 599839 642877 643615 770707 599020 598655
1118735 642488 643176 642123 598300 598655 832541 598027 599629 598587 599982 642726 599721 599664 643844 598956 598957 643503 545492 643985 598915 643222 643630 545255 599938 598574 599240 304074 599637 599631 642447 643710 545057 832857 599048 598991 598961 643678 599627 544972 832669
1118219 545262 618371 183459 642124 182943 184150 182945 642963 184139 598564 183827 641810 833140 299870 599090 182795 183560 643844 183482 183986 641811 641967 544780 641929 643387 182979 643385 643001 832654 643140 183552 183623 643221 832272 182872 182819 183936 545492 184027 832301 183645 599938 183790 642790 544897 183113 544899 599407 183088 643710 545154 599866 545159 183339 599999 183049 643503 598808 641996 183149
771510 183623 643078 642725 642108 642500 832359 643593 599631 545493 832541 832669
949785 545082 642000 182943 599257 545061 599638 545533 183482 599136 642660 544965 300804 304019 599938 545465 545467 545352 544834 832857 599733 183339 545017 598461 544794 600011 545483 545481
182943 599699 1118614 1118631 1118463 183339 545255 182945 950226 1118319 1118252 1118271 1118522
891741 642499 643710 599982 599721 598027 643222 598992 599240 832541 643651 832669 300075
832359 598048 832541 599825 599310 642725 1064681 1118192 776156 643221 598297 1196191 1196193 598574 598701 375954 598402 890415 642500 770707 598808 599587 375453
182945 1118668 892868 545255 121 1118319 486 1118463 1118271 1118522
642781 304014 641813 1118314 598104 598298 1118520 770707 1196191 545255 621422 1118157 544790 1118248 599257 494437 599699 1118252 544788 1118614
545479 643630 951497 1058395 621652 598069 950184 598723 950636 304074 545469 545493 544813 544962 1118705 1118520
598655 1118678 599048 599999 776156 1118657 642099 832669 642447 598438 599627 1118192
1118290 643481 618371 599697 545102 641872 182819 183049 599511 621650 642633 545159 544772 832481 623021
598564 1118668 618371 598102 833140 299870 642451 642500 770707 832301 183645 300295 184139 643387 598808 375954 1196191 643385 599407 599587
598048 642508 770707 1196191 643613 643481 598808 641996 833138 599587 375453
1118350 642124 618371 642184 545154 832272 299870 643615 832654 832301 183986 599099 544780 545159 183790 643387 182795
491 642124 643093 642000 641811 641872 644094 833140 545536 544829 183560 183986 644056 643660 182819 642837 832857 183113 643710 642184 545171 183049 546062 643505 642633 832481
492 643093 545477 599721 183482 598956 621421 544962 544965 304014 643086 304019 599938 642837 599631 544772 599638 642549 546062 600011 545483 545481 643651 598102 642123 599629 545492 644056 304097 623021 641924 832654 832301 304074 545352 832857 544958 544794 544790 544813 300075 641810 642108 299336 304062 304103 545063 833140 545536 545533 675805 599136 642660 832272 621650 301588 642877 544834 642181 598909 598908 300295 832481 545082 641811 599048 599866 545243 545017 599099 545166 599090 544829 301443 544903 544904 300804 642011 545469 545465 545467 545154 545159 183339 599999 598723 643678 300332 832669
643093 304014 545063 598104 121 642019 545384 1118248 545386 643481 544794 642184 1196191
598367 642274 832857 598266 300232 1118159 599938 1128366 949714 301588 63033 1196193 832669 598780
598490 1118567 544972 643844 598957 949714 599627 71 63033 642445 832669 1118263
641882 643086 1118157 641872 643615 1118678 1118192 599631 832541 598587 642451
1058395 643279 642000 545180 545243 643593 599257 304103 545477 545061 545166 599721 544903 545492 544962 644056 598915 545310 643086 642633 545920 598298 599699 545255 642837 599136 598590 643630 545056 545528 545075 599048 546062 598909 545483 643678 545481 832481 832669
599721 1118567 598956 1118678 177896 1128366 642726 1118192 642977 598701 832541 486 598574 1118263
833138 643710 599982 770707 1118668 599627 1118314 1118252 599407 776166
545384 641810 642184 1118319 544829 545180 599699 545386 544794 184139 544897 599256 951070 599260 1118271 642429
183482 183552 643139 183560 833140 1118319 599611 183339 545536 950226 951070 598140
545386 545082 641924 642000 545078 1118319 599611 545017 1118631 641996 599638
598956 299336 545180 643593 599624 300526 599629 644094 544897 1118678 300047 643999 950636 951497 1118159 1118641 301588 1118263 643985 643630 642977 599048 832669 599631
641872 1118678 182795 599664 770707 1118157 1118641 1118192 832541 26426 642451 300232 1118271 1118614
621421 1118520 1118314 598992 598991 599257 545431 1118252 598140 545061 1118614 621422 545492 599136 1118157 599938 832857 644056 598590 183552 545057 545056 599733 545078 599611 770707 598723 598461 544794 545483 545481 598780
641967 1118668 71 599664 1118657 598837 1118641 642099 599020 643678 1118271 776166
1118192 599664 544958 832721 643086 599627 832541 598027 599629 599982 1064681 598837 642099 183113 643001 598915 643140 183623 643221 832272 643222 832670 643176 599839 184139 598590 643651 599048 598462 643678 183790 643593 183149 598961
177896 300047 643615 599637 599631 300525 599629 642877 300526 300075
544962 545920 545310 951497 1118522 621652 770707 643630 950184 623204 71 304062 544908 832481 545477
643387 544899 833140 299870 641929 770707 832301 121 643385 184139 1118252 599407
643385 1118668 618371 598102 833140 299870 832301 641813 544899 599407
643660 641811 643078 121 545171 598462 545017 832721 545102 598837 545100 643505 300360 304103 643221 300526 544772 599638 832669 599020
544965 544834 545061 545057 545056 1118319 770707 304019 598461 950226 544903 599136 545465 644056 486 951070 641996
304014 598104 950683 599825 1118631 950226 544903 544904 644056 1118157 598298 599699 642019 1118248 121 486 1118545 1118522 1118520 770707 544790 641996
183552 643139 642184 182872 770707 183049 544794 1118314 641996 545154
643086 643630 1118678 643844 600011 951497 599631 643593 486 599629 598587
545493 1118545 545920 1118705 1118314 1118631 599099 1118319 832654 598069 770707 1118248 950226 1058581 486 1118252
598297 598226 642500 642725 770707 599048 643438 1196191 642963 643503 598271 832541 599825
182819 1118668 642429 184150 183049 1118657 183113 598808 183827 1118271
301443 545310 950636 643999 598069 1118705 623204 600011 545469 26426 544813 300075
1058581 545061 545057 545056 642123 599733 599938 598992 832857 545481 598991 599136 598587 832669
1118559 642124 545154 832272 599866 832670 643615 832654 832301 300525 544780 545159 183790 598438 182979 544829
304019 544834 545082 599611 1118314 494437 1118319 1118520 545533 950226 644056 545465 951070 1118157
599938 643140 1118157 770707 949714 598957 1118657 950226 71 644056 951070 544972 643001
643481 1118314 642508 209858 1118252 1118248 643399 642633 832481 641996 598140 1118614
121 618371 1064681 599627 183560 183986 642660 642011 832272 832654 544896 544899 183088 545171 545159 544958 599998 643505 832481
599637 545920 1118678 599866 599999 599627 599631 599839 599825 599629 598587 300075
599998 1118668 618371 545180 1118314 599090 599699 1196191 545255 544897 642451 832669 776166
599631 598069 642840 599627 599825 598438 598587 599629 644094 1118678 642099 599839 599999 643593
598701 642499 598961 599982 642726 621652 770707 1196191 1196193 642977 832541 598027 832669
599839 1118668 1118678 642429 643615 182795 599664 599999 832721 598837 599020
544772 599638 304103 300804 643221 545171 545159 770707 642549 545102 545100 643678 1118319 486 599260 545352 643505
599260 1118668 642011 1118631 1118463 544829 599699 183986 545243 544903 599256 950683 598298 599257 675785 644056 1118521 643934
599638 544834 643221 642000 545171 599611 598462 545533 642549 599511 1118314 545465 486 642660 545352
598590 1118252 1118314 1118614 621650 642019 643780 770707 545017 1196193 544794 643399 675805 375954 209858 641996 494437 375453
1196193 545262 641813 642108 299336 642963 598300 832541 599825 598027 300526 546062 644094 545920 642726 544958 598957 182979 642451 642499 832670 643780 300525 599423 544897 642877 643630 642445 642500 598271 643613 598908 643503 598961 642633 642447 832481 544972 183149 832669
1118567 642499 643211 599982 642726 642123 643710 643222 599240 643176 642977 643651 598027 598587 832669
643710 642499 643613 599627 598808 599982
599310 642184 1118449 770707 183986 598226 184139 544780 598808 182979 1118271
642429 183623 643078 832272 642500 770707 642184 300360 182979 544899 1118271
599733 545061 545057 545056 1118319 1118521 643844 949714 950226 71 644056
598456 545920 1118705 623204 621652 1118159 950636 545469 71 599624 544908 544813
623021 544897 621926 1118157 621650 1118520 770707 599511 544896 642633 644056 1118314 832481 598140 599697
544829 1118668 545262 1118678 641924 1118157 1118319 1118521 641810 642184 544897 1118463 641996 599257
545171 641811 1118314 598462 832721 545102 545100 642549 304103 598837 300804 643221 832654 545352 770707 545017 599020 642445
545136 643139 1118668 641813 1118157 545078 545536 643780 1118520 544897 641996 1118614
642549 300804 643221 770707 545017 545102 545100 643505 304103
546062 545920 770707 621652 892868 184027 623204 598402
600011 1118705 642181 950636 598069 545310 623204 949714 545469 544813 26426 300075
545100 545920 643221 545159 770707 545102 545017 304103 545352
643399 642508 209858 1118614 1118252 183560 1196191 599511 599423 643279 642633 375954 1118314 599697 641996 598140 375453
545483 642000 1118319 1118520 949714 950683 644056 599136 545467
642633 643934 643279 1118314 599825 1118271 545920 1118678 621926 642726 26454 892868 642499 621652 599423 26426 643985 494437 1118520 770707 832481 375453
545481 545057 545467 1118319 1118520 949714 598992 950226 71 598991 599136 644056
183790 1118668 1118678 599664 770707 598226 1118657 1118641 184139 183149 1118271 776166
643651 890415 1118678 643222 776156 599627 642977 598587 832669
544972 598961 1118159 1118641 892868 1118657 1128366 949714 598300 599627 598402 642447 832669 1118263
183149 1118668 1118678 641929 770707 598226 642790 160519 184027 184139 598402
599587 183459 184150 642963 183827 598140 599099 183986 643221 182872 641929 183936 1196191 375954 183088 642508 545159 770707 643613 643503 598808 641996
598780 643211 832857 598266 642274 1118319 300232 770707 1128366 599240 949714 643176 301588 71 545056 63033 832669 1118263
643139 642508 209858 545536 599699 770707 1196191 300295 1118314 375954 643221 641996 598140
642124 1118668 642184 1118449 832301 1118248 1118657 1118314 1118271
598102 1118314 545154 598104 544958 770707 832301 1196191 184139 544897 545431 486 544899
598104 1118314 1118614 642000 599090 599699 770707 832301 545255 1196191 494437 1118252 1118248 209858 642660 641996 598140 599257
642123 643211 776156 599982 598266 642488 599240 949714 599627 300075
598462 1118678 643615 892868 832721 598837 300804 599020 643678 599627 300526 832669
832721 1118678 770707 1118657 598837 643505 599999 1118271 599020
599511 643279 1118314 1118520 599423 621926 598140 375453
598226 643140 1118668 1118678 545159 1064681 184027 643844 642184 544780
599627 643211 643176 618371 832541 598027 599629 598587 598266 642488 598915 642499 643222 1118678 301588 643985 832857 642977 599240 599048 770707 300075 598961 642447 832481 832669
643934 183339 642019 599699 770707 1196191 642837 300295 599257 832481 641996
599624 545920 1118705 832272 950636 299336 1118657 642840 71 544908 642877
63033 598992 598266 300232 642488 598574 832857 832541 832669
598027 598961 1118678 599982 770707 776156 1196191 598402 832669
599629 890415 759 599999 598587 1118678 598915
598461 642011 494437 1118463 1118521 1118159 643438 544794 950226 1118319
1118271 545262 618371 599866 184150 183623 598438 599099 545536 182795 1064681 183986 598837 300360 182979 643140 545180 544780 832272 643222 832654 599699 183645 642837 544897 642184 643078 545159 300232 544958 599999 300295 643505 642447 832481 642445
544906 1118520 1118614 545078 1118319 545075 599699 770707 544790 598298 599136 950683
1118678 544958 599866 642488 832541 598587 599982 599664 642099 545492 643001 598915 183623 643221 300804 832272 832670 832654 598574 599256 643985 599048 599999 643503 599020 832481 832669
642726 643613 642977 598808 832481 832669
642725 770707 1196191 599825 832541 598808 375954 641996 642451 598402
642508 1118252 1118614 184150 1196191 544794 642790 375954 598808 1118314 641996 598140
545477 545310 951497 1118545 1118157 1118631 1118522 621652 1118159 770707 1118248 1118520 544790 950683 304062 486 644056 544788 599699
642539 545920 1118705 642181 598069 950636 598684 545469 544813 544908 26426 832481 300332
643438 776156 1118252 1118314 1118614 598298 1118159 1196191 598271 544794 544903 545243 599257 71 545492 209858 641996 642011 375453
643844 545920 1118449 1118159 184027 1118657 598587 643001
183986 1118657 599256 598438 776166 598837 182979 642451 1118449 642790 1118668 160519 1118521 770707 642963 643613
949714 643211 642488 598961 598992 598991 545061 598684 598957 642274 832857 301588 545057 545056 300232 642447 642445 832669
950636 299336 598069 304062 300526 644094 300047 643999 304097 545310 304074 545469 642877 642181 642840 598723 598684 832481 300332 832669 300075
300360 643078 1118449 1064681 770707 598837 1118641 300525 300526 642877 832669
545492 545082 544958 1118319 545243 599257 1118252 544903 598298 644056 642660 951497 642011 1118157 1118463 599699 642019 951070 675785 545528 643630 642184 1118545 1118159 1118631 1118521 183339 770707 544794 544790 641996 950683
644056 494437 1118314 1118319 545243 599257 1118252 545061 544903 544904 675785 544788 951497 1118157 598298 599699 1118248 545465 951070 545467 545528 544834 643630 1118159 545078 599611 770707 598723 1118520 950683
304097 545920 1118705 643999 598069 950184 598723 598684 545469 544908 544813 598915 26454 644094
643001 1118668 1118449 642500 599825 1118657 832541 598808
832654 599664 183459 599866 1118657 184139 1118314 599099 833140 892868 642099 643221 544780 832272 1118449 832301 1118668 642184 160519 545159 544958 599999 642963
544788 1118520 1118545 675805 1118631 1118522 599699 950683 598298 641924 951070 675785 544790
951497 545528 598298 544896 544790 832669
643221 641811 545102 1118314 300804 1196191 375954 545352 598402 770707 643505
1118157 545243 599257 304103 545061 545166 544794 544903 544904 642660 599697 598298 599699 642019 545255 544896 544897 545465 675785 544834 643630 545078 183049 598909 598908 544790 643678 832669
183645 1118668 833140 182872 641929 770707 1118657 1118449 598808 160519 776166
643222 890415 770707 776156 832541 832669
182872 1118668 183459 641929 183936 184150 642963 184139 160519 598808 183827 643613 599407 776166
641929 833140 183459 770707 642963 598808
183936 1118668 183088 545159 832301 183049 642790 160519 183113 182979 643613
1118159 642108 545180 545243 599257 598587 621422 598957 832670 598298 599699 184027 545255 643630 545528 832669
832301 1118657 183827 1118252 1118614 299870 544780 486 544899 599407 1118668 641996
950184 300047 642181 598069 598723 304074 545469 304062 544908 832481 300332
300525 545920 643078 26454 892868 770707 1118641 544908 832481 642877 300526
304074 545920 598069 643999 643593 545469 26426 544908 544813 832481 300332
544896 1118668 643630 1118314 621422 621650 1118520 642019 1118545 184139 544899 621926 641996 598140 1118614
544897 545262 641810 545180 184139 1118314 598140 776166 621926 599136 759 642019 1118248 544899 642184 375453
1118449 642184 643078 832272 184027 544780
621652 545180 545310 643593 545920 621422 598957 675805 776156 375954 643630 599048 770707 623204 832481 832669
375954 641813 833140 642019 643613 599825 184139 642660 641996 642451 643780
544899 641810 299870 641924 641996 545154
545352 544834 300804 642000 641996 599611 545533 545017 545102 1118314 304103 486 951070 598140
1118614 641813 599257 545431 598140 545063 621422 621650 642019 643630 544958 641996
1118668 641810 618371 183459 598300 184139 599257 183827 644094 833140 299870 182795 1064681 544780 183113 182979 643140 183623 832272 643780 598438 642790 642445 599407 183088 642184 599866 643615 599999 544794 545159 598808 641996
643985 890415 26454 598438 832481 300332 832669
643630 209858 1118314 598140 545920 759 776156 598298 71 598402 890415 545528 770707 832669 375453
832857 642488 1118319 598992 598991 598266 598957 642274 1196191 598574 642977 1118263 1128366 545057 545056 770707 598961
160519 183623 833140 184027 184139 182979
494437 643279 599699 598909 598908 545431 641996
544958 1118314 641996 545536 892868 770707 1118248 1118520 642451 759
183049 1118314 833140 183560 770707 1196191 183827 641996 598140 375453
545154 545920 545159 641996 599099 1118657 642184 486 951070 1118252
544794 1118319 598992 950683 1118252 1118631 183560 544903 642660 642011 599699 642019 642837 642184 1118545 1118521 183339 598271 300295 544790
598684 545920 598069 544813 544908 26426 832481 300526
643503 545920 892868 643613 598402 642451 832669
643505 182795 1196191 1118657 599020 643678 643078 300526 598837
544813 545310 642840 642181 643999 598069 1118705 598723 545469 304062 300332 486 598915
642445 1128366 770707 1118657 598574 598300 301588 832669 1118263
643999 545920 1118705 598069 892868 299336 759 598723 642840 26454
598961 1118641 770707 598957 598300 642447 832669 1118263
300075 598069 642840 26426 1118705 832481 832669
545262 642184 759 545180 1118248 621926 598140
643211 642274 642488 643176 1128366 599240 598574 642447 598915 1118263
618371 183459 1118657 598808 183827 599407
183560 833140 184150 770707 1196191 1118314 1118252 598140
1118314 641813 642000 641811 184150 304103 598140 545063 621926 833140 545533 621422 642660 300804 599697 621650 642019 643780 599699 643279 599423 183113 599136 675785 544834 642451 598909 598908 832481 641996
183459 770707 1196191 643613 598808 599407 776166
642108 759 770707 598957 1118641 643593 599825 598587
1118319 545082 599611 642000 599256 599257 545061 545166 599090 675805 642011 598298 599699 545255 545056 545243 599136 545465 545467 544834 545057 642184 183339 545017 598909 598908 545078
299336 545920 26426 598069 770707 544908 486 832481
184150 833140 1196191 599090 183113 1118252
642977 598271 301588 599825 832481 598587 832669
545467 1118520 951070 545465 599136 675785 598140 950683
545533 300804 642000 1118248 951070 1118252 642660
598992 598266 1128366 598991 301588 71 832669 1118263
545102 300804 642000 545159 770707 545017
1118657 599866 598300 599099 1064681 642099 544780 643140 832272 832670 184027 642790 642184 643615 599999 545159 642447
598991 759 545017 545056 832669
643593 642500 598957 598587 300332 832669 598915
545431 1118545 770707 621422 545166 950683 209858 675785 375453 598140 675805
304062 545920 545310 598069 770707 1118705 623204 642840 545469 832481
304103 643678 486
1118252 641811 641813 642000 545243 599257 598140 545063 833140 299870 599090 621422 183113 621650 643780 599699 642019 545255 642790 544834 598909 598908 641996
776166 183088 599099 642184 545159 643780 545180 599699 642790 598808 183827
545061 545057 545056 759
545063 759 770707 1118248 486 641996 598140
833140 486 770707 183827 641996
621422 621650 642019 599611 770707 1118248 599699
545536 599866 599999 183339 642837
26426 300047 598069 832481 300332 832669 644094
892868 545920 599048 832670 545255 599256 832541 832481 598587
545017 545057 300804 599697
950226 544834 545082 642011 183339 544903
299870 184139 599407
675805 545075 599699 545255 545243 544903 599256 544904 950683
1128366 598266 832669 300232 642488 642274 599240 643176 301588
642099 832272 182795 598438
182979 1118641 598808 183827
1118263 642488 598266 300232 598915 643176 642274 599240 598300 301588 832669
642451 642500 599664 642019 1196191 599825 642011 375453
598915 598069 770707 832481 598574 599240 642840 71 832669
642274 300232 599240 643176 832669
776156 642499 545920 599982 598957 832541 832669
183623 599664 1118641 184139
832272 598069 598438 545920 599664 598957 832670 1118641 770707 832481 832669
890415 642499 598957 832541 598587 832669
621650 1118520 545180 599423 621926 832481 598140
759 642837 641810 545056
599611 544834 545082 1118520 642000 183339 642660 641996
643279 1118520 770707 599423 209858 599697 375453
545057 1118521
1118248 641810 642660 599699 545255 545465 544834 641996
599423 545075 770707 1196191 598908 621926 832481 598140 375453
1118641 1064681 598300 598438 300526 599664 598957 832670 184027 642877 643078 832669
641924 1118631 1118522 599699 544790 486 950683
301588 300232 598574 832669
183113 642019 183827
1118545 545166 545078 545075 544903 599257 544904
951070 545082 642000 599090 642660 643140 300804 642011 545255 544834 642184 183339
642877 545920 300047 598957 26454 599825 544908 643078 832481 300526
642660 544834 545082 300804 1196191 641996
544780 642184 184139 545159 598402
544834 545082 545056 642000 641996 598140
642184 545180 1118631 599090 642019 545255 642790 545159
545528 1118631 1118522 599699 545243 599257 598298 675785 1118520 950683
642181 545920 1118705 26454 545469 544908
545078 641996 1118631 599090 545075 599699 544903 950683 598298 599136 675785 375453
1118522 544903 544904 544790
1118521 642011 598298 544903 599256 599257 545243
1118520 545180 545243 599257 545166 621926 599090 544903 544904 599136 599697 598298 599699 545255 545465 545056 545075 598909 544790 832481
770707 598298 642837 832541 599825 545465 642447 545180 1064681 832670 643615 642500 643613 598909 598908 300295 184139 832481 641810 641811 642963 599256 598140 545920 300047 599090 598837 544903 643140 300804 599697 599099 643780 599699 545255 598574 642790 599982 183088 641996 643078 545159 300232 598271 598808
642840 545920 1118705 832481
643613 183088 1196191 598271 642963
598909 545166 642837 598908 641996
598908 642019 26454 1196191 642837
300295 26454 642837 599825 486
599020 599999 598837 598438
545180 599136 832669
599257 641813 599256 544903 544904 598298 675785 1118463 599699 545255 1118631 598271 544790 950683
1064681 832670 599825
832481 598069 300526 644094 545920 300047 26454 642499 642837 486 621926 375453
300232 545056
545075 545166 599699 545243 621926
545082 641996
641811 641810 641996
642488 643176 599240 598574 832669
599048 598957 642447 832669
209858 641813 643780 641996
642000 641810 300804 1118631
599866 599999 644094
832541 599825 599982 1196191 598574 598402 642500
184027 182795 599999
545243 599256 950683 621926 675785 599699 598298 545255 486
599825 599664 598574 598402 643078 832669
642963 183088 1196191 183827
598300 643176 599664 832669
599256 642011 544903 1118463
598271 641813 642011 598298 1196191 641996 832669
183827 183088 598808
598438 643615
300526 545920 1118705 643078 598069 598837
598587 832669
644094 545920 300047 598069 599999 300332
545920 598069 300047 545310 832670 544908 71 545159 598723 300332
641810 599407
300047 1118705 832669
598266 598574 832669
599090 1118631 599699 545255 675785 950683
26454 598723 642837
599664
598140 641813 599697 599699 642019 1196191 183339 641996 375453
832670 623204 832669
598837 643078 643615 182795
641813 1196191 375453
544904 1118631 599699 950683 598298 675785 544790
598069 545469 1118705 300332
598298 675785 1118463 599699 1118631 544790 950683
544908 623204 545469 832669
1118705 545310 545469 300332
675785 599699 544903 599136
545465
544903 1118463 599699 486 544790 950683
544790 1118631 950683 486
643140 599999 598402
642499 832669
545310
300804
642011 599699 545255 1118463
599697 375453
599099 545159 623204 641996
598957 832669
643780 598808
599699 545166 599136 642019 545255 183339 375453 950683
643176 598574 599240 642447
1196191 184139 621926 642019 183088 598808
545255 1118463 950683 375453
643615 599999
598574 599240 832669
599240 642447
642790
545166 642837 621926
545469
71 183339 641996
642447
621926
184139 598808 599407
599982 832669
599407 642500
545056
598402 832669
183088 598808
642837
642500 598808
641996 642019 375453
643078
1118631 598723
950683 599136
545159
642019 375453
183339
599999 182795
599136
598723 623204
623204
486 643678 300332 832669
643678
598808
1118463
300332
182795
832669
375453
